4361
13033 40
1939 40
16011 66
607 40
49 476 42 40
49 2881
49 33 42 256 40
15579 42 40
39 49 33 37 40
49 10445
49 358
3195 40
49 2239 42 40
875 40
2066
49 33 784
2272
205 40
1081 49 310 40
39 230
249 40
49 364
49 3554 40
216
39 682 40
49 1278
49 813 40
1897 40
939
33 408
49 171
49 439 40
39 311 37
3158 40
49 549 42 40
17
176 1356
683 40
49 598 40
49 2793
42 571 40
1418 40
39 50 40
165 685
4106
39 49 40 48
33 1784
49 2239 40
49 2843 40
12930 40
49 1082
49 1697 40
911
39 238 111
39 42 148 40
1081 1380 1270 1379
49 813 33 40
49 33 832 40
1812 40
1159 49 40
49 2877 40
39 49 33 66
42 16431
8731 49
2414 40
10492
15602
594
2123
49 42 16012
49 2710
230 49 33
49 171 2239
49 2589
49 678 42
3271 42 40
3538 3403 40
550 137
49 33 339 40
49 549
2092 42 40
13 42 40
39 49 807
4283 49
49 716 40
39 282 40
39 80 40
3538
1328 39 42 40
39 49 15833
49 1281 40
16011 2959 40
49 33 104
49 784 40
1081 310 309 1270 1381 40
179 807
176 33 40
49 391
49 33 523 40
39 16432 16431
49 784 42 40
39 49 33 372
14934 40
49 346
663 49 40
49 250 238 40
2674 40
33 791
1957 40
49 33 40 187
42 16218 40
49 171 40
39 49 33 476
791 42
4259
33 536
39 259 40
1460
1328 42
16431
33 42 256 40
80 40
39 49 16011
49 13175
33 273
66 202 40
40 433
866 42 40
39 102 40
49 33 42 2959
49 42 16431
397 42
1992 40
39 49 42 37
49 10491 40
1930
1514
39 49 1530
4525 40
2242
434 1199
49 40 1036
259 40
49 171 12926
15619 42
39 49 650 40
1104 49 66
310 309
49 1391 40
49 15346 40
888 40
42 250 40
40 479
49 590 40
791
12952 40
2116 40
49 1480 40
2707 40
49 272 42
49 12926 42
39 33 106
49 650 40
790 42
49 442
1147 33 40
33 1270
534 42 40
50 49
49 40 10185
49 162
66 439 40
49 3463
10075
33 678 42 40
5195 40
49 12926 12944
1189 49 40
49 832
16432
49 40 2365
151 40
1189 39
90 102 40
42 593 40
49 42 536
49 282
39 33 791 42
39 42 102
39 49 791 40
33 9556
42 37
2344 40
49 168 166 165
1832 39 40
2352 40
39 118
49 33 582
8731 33
1697
849 40
49 33 791 40
2465 40
3362 49
49 33 534 40
12985 40
741
66 80
14934
2843
3967
1147 49 311 42
49 549 33 40
640
42 2200 40
2627
310 1379
33 42 14099
39 49 171 33 42
49 16011 42
33 1199
3355
49 90 37
171 311 40
2330 40
39 124 40
49 4976 40
784 605
49 1806
49 1270
40 1620
39 49 571 40
33 695
33 665
2255 80
10491
180 42 40
2493
118 40
49 537 40
39 49 171 42
49 261 42
39 49 33 66 40
49 807 40
176 49 33
799 49
1328 49 33 42 40
49 810
3684 40
2820
33 15833
8692 39
2119 40
33 262 40
2988 40
49 2239 271
49 108
42 40
49 962 40
2776 40
49 613
39 49 287 42
2301
49 33 489 40
2520
70 49
39 49 957 40
1671 40
49 754
2472
49 33 2239 40
855
49 10819
49 171 33 238 40
49 33 397 40
979 980 40
49 3318 40
70 40
49 847 42 40
1083 42 40
825 186
80 37 40
49 311 186
49 791 42 40
33 1716
33 414 42 40
33 228
177
49 3190
2871
49 33 42 186 40
2621
39 49 2242
80 271
49 33 1678
2284
49 832 40
33 40 2354
1613
33 16011 42 16012
40 3463
4167
39 2750
3107 40
49 2438
2092 49 40
33 287
1380 310 1379
49 3292
397
39 108 40
11616
33 3775
49 346 42 40
825 311
39 49 1136 40
49 3312 1820 1819
49 2520 40
2136 42 40
33 414
2625
39 49 3271 40
10491 40
49 2344
49 731 40
90 102
61 311 40
49 238 37 40
265 40
1860 49 33
49 5652
272
847 42
39 56 40
260
33 1345 42 40
49 33 186 40
1024 40
1678 40
825 66 40
209 40
49 42 1199
10 311 40
2188
385
1380 310 309 1270 40
39 261 40
260 49
61 784
1319
