49 1310 40
49 3617 42 40
77
67
49 33 261 40
707
50 49 33 40
39 49 42 111
39 856
49 3538 3403
8621 40
39 33 80
2992 807
49 42 2793
66 186
16011 8979
33 904
179 271
39 49 33 271
15619 33
214 40
39 90 37
2632
49 1002
42 16431 40
4547
1189 49 40
49 3538 3403 3536 40
289
309
49 42 320
492 49 40
2016 40
704
1333
976 49 40
39 16432 16431
204
39 49 38 40
309 1270
49 16011 42 40 8979
49 33 259
39 171 238
33 3617
49 42 3905 40
49 108
49 1715 42 40
49 1897
39 49 320
49 16431
49 171 66
3757 40
105 40
49 465 40
39 49 14099 40
49 40 280
33 1356 40
2414 40
49 311 66 42
49 912
476 271
39 16218
49 4065
3639 33
42 3775
49 33 439
49 1617 40
12947
590
1981
49 4900 40
49 42 408 40
49 66 238
14099 40
15833 311 40
14099 102
179 1356
311 238 40
49 3967 40
6575
166 165
841 42
3677
39 807 40
12926
847 40
2092 33
985 33 40
90 80 40
4171 548
1815 42 40
1676
49 2352 40
49 10129
49 2816
49 42 582 40
49 476 271
39 2239 42 40
682 40
39 271 40 111
1147 39 33
49 42 202 40
49 572 42 40
49 42 1601 40
39 42 48
39 14099
49 33 42 226 40
39 226 40
49 33 1815
49 476 42 40
2239 272 226 40
49 1334
33 40 187
49 40 257
410
49 33 353
10940
39 38 111
49 886 40
157 40
39 49 15833 40
39 49 238
49 310 40
1081 1380 310 1270 40
2421 49 40
49 66 14099 40
4525 40
49 1145 250 40
2613
39 49 148
888 40
238 271
1122 49 42 40
10452 40
49 16011 42 16012
49 1504 40
49 1548
49 2664 40
663 49
1380 310 40
1424
49 1356
49 8621 40
176 49 33 40
1015 40
3172 40
442
813
841 40
33 2200
49 171 33 238 40
49 498 40
311 439
39 49 1715
1146 40
12983 40
49 42 80
49 2239 272
39 980 40
49 12944
33 57
6174
49 243
50 40
39 49 33 791 40
39 49 31
875
49 4106
741 40
33 1240
39 33 256
2239 40 271
3617 42
49 613
49 847 40
49 2270 40
39 33 148 40
39 33 48
39 49 106 40
10526 42 40
10075
49 13123
49 40 2634
39 171 148
32 49 42 40
2613 40
259 1620
39 49 33 439 40
49 866 40
49 244 40
39 79 40
49 3694
976 49
171 1394
42 102 40
523 40
49 4525
2189
49 2242
49 1394 40
33 16011 42 16012 40
49 3760 42 40
967 40
176 39 171
176 33
10552 10516
695 40
42 226 40 271
49 104 42 40
933 40
39 171 33 238 40
226 271
77 42 40
49 90 414
39 49 33 226 40
3639 33 40
40 1740
793
49 33 16218 40
49 16011 14099
39 40 2354
831 40
32 49
39 49 238 40
39 49 33 238 40
39 372 40
912
571
476 80
49 2239 40 271
612 40
3538 3403 3536 40
4378
2047 40
49 1639
33 341 40
90
49 4686 40
49 489 40
49 577
1563 40
4259
486 49
550 311
49 758 40
39 704 40
16432 40
4976 40
49 4425
843 1356
42 14934
1184 40
49 341 42 40
272 226 40 271
364
49 12 42
49 42 2200 40
42 582 40
49 12974
49 42 273
49 310 1270 1379
49 40 8979
390 40
545 40
49 414 42
49 830
530
49 3828
1987 40
39 49 371
39 1104
49 403 40
49 967
49 33 16011 16012
962 40
5049
230 33 40
49 3965
49 4686
49 40 48
39 14099 37
171
5730
10 14099
39 841 42
49 1174 40
39 1728
49 3406 40
49 42 118
49 2959 40
1147 49 40
171 33 238 40
177 42
3538 3403 3536
49 42 980 40
49 335 33
49 90 311 42
39 49 272
39 272 42 271
176 49 179
39 171 2239 40
49 259 40
2704
15833 42 40
1806 40
49 476 414
1974
39 61
49 33 1345 42 40
1240 42 40
49 33 2116 40
49 14100 40
644 40
1215 847
49 12952
33 310
49 439
49 171 311 40
39 282
2081
49
1596 40
49 400
794
42 262
784 238 40
33 226
1174 40
476 42
49 33 202 40
780
49 12926 12944
180
49 33 847
767 42 40
261
1147 39 171 40
1820 796 1819
406 49 40
39 33 391
49 917
1380 310 1270
1810
3152 42
49 784 40
49 33 2880
49 2239 42 226
790 49 40
49 3663
1445
39 42 186
1147 49 42
49 397 42
13 42
49 562
49 1460 40
42 40 536
39 339
49 8868
2330 40
49 3158
49 4643 40
39 33 186
190 40
3463
12 42 40
49 2525 40
49 168 165
12936
2055
1067 49 40
2630
16011 14099 16012
39 171 42 40
342
49 1345 42 40
2431 40
39 33 42 111 40
2272
49 12926 42
39 40 1579
42 259
49 90 102
33 40 162
49 105 40
33 90 42
1215 40
49 42 273 40
49 171 66 40
272 311
1380 310 1270 1379
49 42 10516 40
406 33 40
33 832 40
49 10526 10491 40
260 49 40
209 42
49 33 10447
290 40
1328 39 49 42 40
49 1697 40
39 66 42
39 272 40
1694 40
49 4361
49 33 784 42 40
42 273 40
49 179 42
49 1002 40
2119 40
4252
90 42 40
829 49 40
42 40
168 166
1544 40
49 273 40
33 2352
39 439
171 111
49 42 259
56 33
856 42 40
4900
39 1987 40
6335
311 226 40
49 40 3293
49 33 2959
39 49 42 186 40
1671
1482 42 40
49 1603
49 1705
49 33 1974
49 33 10
3800 40
1245
2005
256
49 186
49 1097 40
49 33 2136
1189 39 49
39 33 476
39 61 40
49 2813
33 3760
49 12982 40
406 49 10516
8699
39 372
49 939 40
251 40
179 42
49 6717
49 809
169 40
49 12936
31 42 40
3536 40
476 90
40 2365
1276 40
39 171 250
39 49 171 37 40
502 49
1860 33 40
4406
2285 49 40
49 2239 42 271
81
33 385 40
33 2959 40
49 10452
90 311
310 40
42 40 3775
1617
49 650 42 40
49 42 162
39 42 106 40
49 33 2242 40
236 40
171 261
5652 40
2345 40
90 148
33 1931 40
1328 49
49 40 1436
49 1806
49 1715
39 414 42 40
49 33 2052
39 49 807
49 261 42
102 148 40
39 49 33 226
49 165
49 2989
49 66 238 40
49 210 40
2877 40
49 66 37 40
1613 49 40
171 37 40
3459
2076 40
49 124
42 76 40
151 40
49 1843 40
16432 49 42 16431
49 1656 40
39 1136 40
49 705
49 9580
49 4699 1678 40
773 33 40
49 33 1199
39 49 171 476
49 5652 40
1362 273
39 3271 171
2516 40
49 1716
49 12930
49 1380 310 1270 40
339 40
49 1105
49 42 16218
49 1346 40
977 42 40
152 33 40
49 33 40 48
281
49 476 226
49 137 40
784 40
33 442
39 49 90 42 40
310
49 2272
49 3331 40
49 832
49 33 202
39 49 549
70 49
49 179 807 40
49 40 271
49 37 40
3187 40
49 311 271
1081 1380 310 1270 1379 1381
33 676 40
2104
49 825 311
39 102 40
49 42 807 40
476 957
3936
39 42 372 40
4317 40
3320 49 40
489
196 40
979 980 40
849 49
8868
49 33 249
1136 42
39 825
39 56 49 40
39 49 102 40
49 5730
39 33 272 271
831 49 33
39 230 40
49 794
33 14099
42 439 40
486 40
33 16011 40 8979
33 40 271
39 249
3312 796 1819
49 187
49 77 33
49 879
39 80 37
12952
49 2136 42
230 49
613
912 2242
39 171 12926
33 825
42 320 40
39 171 37 40
266
204 40
593 40
14099 226 40
10607
208 40
49 33 2116
42 256
49 310 1270 1381
49 42 704 40
39 1591 40
39 49 262
692 40
39 33 90 40
686
3
40 2524
49 594 40
2747
33 1715
49 331
1147 33 42 40
1860 42 40
39 272 42 40 271
886 40
3107 40
49 990
1189
49 33 118
566 40
49 12492 40
39 171 14099
49 5318
49 866
49 2239 226
2707 49 40
49 3868 40
49 33 676
1774 40
39 171 12926 40
72
1854
49 33 605
1081 1380 310
33 272 226
39 49 261 40
39 56 40
176 272 40
49 1594 40
1843
39 79 49
2819
247 49
39 980
49 957 40
77 42
1068 40
49 238
790 39
697 40
653 40
49 4208
11800
564 40
49 33 593 40
1343
49 33 12930 40
33 80 40
169 49
380
49 2136 42 40
33 1715 40
42 186
2575
10526 10491 40
39 49 265
1131
13175
1790
49 2239 5730
49 2081
49 640 40
1397 40
2131
2326 40
33 704 40
2216
49 201
1173 40
939 40
39 49 33 37
39 42 271
49 1957
49 678 42
5729 2239 40
12934
574 40
171 265
16432 42 40
50 49 42
176 226 40
