49 33 42 111
39 33 226 40
33 2344
49 10819 40
49 476 102 40
1328 33 42 40
176 49 807
49 5052 40
476 186
39 807 40
49 1145
42 10491 40
12926 40
176 1356 40
1002 40
2287
491
1973
49 124 42 40
33 1394 40
49 469
49 439 40
49 476 186
49 571 40
49 33 10516 40
39 49 171 66
335
49 1620
421 40
16011 14934
92 49 40
419 40
4425 40
39 171 261
4145 40
2170
49 559
39 42 40 48
42 1394
49 104 42 40
49 207 40
49 535 40
1742
1147 49
1571 40
705
404
39 49 807
180 825 40
49 3511 40
40 7647
42 980
49 99
886 40
49 171 226
250 238 40
33 4699
49 3538 40
9556 40
49 1276
49 1145 250 40
1081 310 1270 40
1145 40
49 16011 14099 40
39 171 238
49 33 42 439 40
49 1199
49 2793 40
49 692
49 1806 40
