1336 489 23
1077 321 594 617
1540 1207
855 1311 106
94 1446 237 287 1436
1223 1133
793 523 810 760 909 250
1253 787
814 364 225
1045 639 36 629
84 566 570
290 1421 951 1028
60 1112 759 536
402 13 806
810 1453
94 1186 1446 237 287 414 1340 1512
635 1241 1278 1008 192
1430 1047 760 1369 1546
1349 1460 767 850
994 678 1537 1032
67 108 323
947 639 473 1091
663 1350 1306 125
438 1307 465 88 338
879 1422
816 756
1189 806 810 151 108 434
413 990 1023 181
1227 478 308 1424 940
1532 1460 956
790 2 191 767 1011
1523 1500 535 735 1317
818 489 373 479
1113 1126 1319 720 809
152 1250 431 1406 447
1143 806 157 67 465 810 108 323 408 1199
956 640 669 1455
1386 411 1469 132 1207
762 30
1537 196 1105
1024 1446 404 237 287 414 244 1512
443 1298 1231 1435
1073 953 653
639 1309 196 100 1326
1508 1004
1102 486 326
952 836 293 803 503 565
1189 810 108 434 323 1143 157
1015 1136 1552 144
163 546 167 556
94 1186 1446 1236 237 287 1340 1512 1436
95 105 788 621 311 860
977 1061 458
332 742 259
1260 1110 1231 811
1122 234 67 1099 716
107 845
1204 1521 468 452
638 1104 1536 920 1380 1174 1470
1189 806 1199 465 151 108 434 323 1084 1143
188 1037
831 1370 455 482 598
108 744
1186 1024 1446 404 237 244 1512 271
271 94 1446 404 287 1340 1512 1436
1246 1389
67 465 323 408
332 1414 205 941
73 1288 57
418 1554 1454
1126 244 400
306 256
22 1020 148
200 6 689 522
1263 287
492 1148
1024 1446 1236 237 244 1340 1512 271
908 265 698
675 166 1374
67 151 434 1199 1143 157
47 291 1062 1133
1350 125
835 748 1308
826 1521 676
1373 773 321 327 617
1380 1447 442 26
953 1153 1347
1074 818
364 8 1489
1197 575 608
52 1464 1165 1514
1212 463
663 1549
1237 604
289 1470 239 798 1514
599 626 449 482 1497 499
427 1103 267 1459 483
1217 1321 252
1136 891 414 115
1456 814 364 225 1500
1169 580
708 1249 844
299 149 1291 1154
1275 33
1189 806 1143 1199 108 434 323 157 1084
1082 606
26 242 787 138
1526 571 1070
1086 533 207
1518 43 1499 850
350 529 423
271 94 1186 1024 1446 237 287 414 1512 1436
1172 783 1378 1161
1278 916 922 1216
549 876 27 1464
377 926 94 930 631 993
755 466 483
271 94 1186 1024 1446 414 1340 1512 1436
1131 1363
1186 1446 404 1236 287 414 244 1512 1436
1265 1481 217 366 250 1475
175 341 1410
1446 404 237 287 414 244 1340 1512 1436
495 632 1048
1182 899
290 912 307 436 14
1302 17
394 870 727 184 400
316
1426 1383 1089 301
560 1276 1559 1003 710 554 342
68 1332 912 217 101
117 603 1044 992
465 810 1199 408
1086 265 325 980
444 1369 554
338 239
49 405 1530 339
549 1320 305 782 1100 1004 157
766 865 422 892
1370 733
938 1541 1348 1115 999
914 1037 898 571 1187 1347
787 1410
549 1408 1471
541 1356 844 468
1190 1223 1152 613
203 1202 303
362 350 1405 539 529 40
945 712 434 24 130
551 967 1206
1291 143 1325
1260 1499 1416 823
626 449 149 482 1497
900 1006 1509
1189 806 67 151 108 1084 1143 1199
891 99 26
768 469 246 373
1015 1153
836 842 283 1558 992
692 721 133 842
94 1446 404 244 1340
540 53
1149 623 7 467
1096 1077 664 321 594 1342 617
534 1382
306 1161 1498 1155 373
1227 1250 431 1406 447
348 853 265 604 1090
959 1431
49 486 168 575 1228 1224
620 664 321 594 617
316 289 1158 832 1188 825
359 1418
323 67 151 434 408 1084 157
790 274 1146 784 147 1083 1116
727 693 184 743
267 323
1380 1447 26 338
1172 933 1089
891 121 414 115 458
1558 1048
1474 825 309 226 116
335 751
1186 404 1236 287 1340 1512 1436
1098 736
878 1423 935
95 755 634 605
976 50 1146
1073 1146
925 1208
64 775 94 577 273 280
1343 1160 767 577
308 661 1000
50 1109
1024 237 414 244 1340 1436
1445 753 1269
157 465 151 108 408 1084 1199
1373 773 664 321 1342 617
1523 924 847 1317
534 301 1143
289 1398 173
1359 50 1005 1088 30
94 1024 404 287 414 244 1340 1512 271
300 1515 423
1451 1385 343
856 63 452
1399 823
48 1023 917 281 857 218
692 343 642 792
545 1098
1084 1477 408
1089 563 1
257 1223 933 1326
70 1279 20 1252 1295 609
484 1443 189 468
663 274 1179 1345 270
175 391 287 887
1396 841 1113 548
443 293 189 1435
1019 67 726
1167 508 724
744 1120
1189 67 465 151 1084 1199
319 1174
1189 67 108 1143
231 308
1280 458
931 182
94 1186 1024 1446 1236 237 414 1340
323 806 108 434 408 1199 157
1029 742
350 1370 993 1465
