1316 1332 827 1459
10 209 1285 919 1308
1189 806 67 810 434 1199 157 408
305 1077 1110
1047 149
1131 709 925 665 992
788 172 101
939 622 1009 400
889 1134 685
937 115
1189 465 810 1084 157 323
494 224 610 511
305 1250 1121 1243 395 461
537 1007 614 424 1213
297 170 1169 1139
865 949 1468 1558 1219
469 276 1351 386
1189 323 67 465 151 434 408 1084 1199
33 343 233 1308
647 1063 603
1160 345 755 272
191 501
7 473 906
193 932 387
1438 1521 463 1272
1456 784 225 1500
988 838 698 372 715
1467 1238 1511
1258 1435
94 404 287 1340 1512 1436
246 1540
157 806 67 465 810 151 434 408 1199 1143
1189 806 157 465 151 108 323 1084 1199
473 889 1199
1445 1511 479
333 1129 726
83 167 1475
407 1229 1356
1474 253 365 619 53
881 958
348 1423 44 127 627 1436
1499 278
1247 997 1374 741 658 625
16 1264 981 1464 1048
1073
21 837 824 733 1340
897 448
1186 1236 237 1340 1512 1436
1135 991 1295 569
231 248 1463
300 705 683 1448
791 26 1180 242 787 138
317 1139
772 722 1065
271 94 1186 1024 1236 287 244 1340 1436
359 486
663 913 174 1416 723
175 287 131
947 691 1297 1324
667 806 600 130
969 297 1012 1295
157 810 151 434 323 1084 1143
1237 338
465 810 151 108 1143 157
813 1419 1069 1556 730
1212 1555 1218 1511
909 436 349
312 1517 1061 562 479
1055 130
397 953 254 1306 497
336 763 1432 1505
1024 1446 237 287 414 1512 271
614 236 625 232
1223 856 1133 933 257
976 1182 583
723 1355 979
1081 432 1524 1408 1075 1374 1424
1186 1446 1236 1512 1436
972 1261
788 1391
843 1419 110 27 366
316 1125 832 189 825
22 538 1387
94 1186 1446 1236 287 1340 271 1024 237 414 1512
774 760 1502
786 1408 1112 1252
1092 283 1152 516
418 1547 1530 1503
831 329 1197 412 1480
1518 1401 732
922 756
968 1128 758 1417
486 309 342 459
1175 1291
1444 163 319 845 1521 252 356
362 406 839 63 223 69 1498
769 513 430 1256 1146
154 604
318 914 235
152 978 1043 662 1477 1361
331 580 387
1419 366 1381 1065
806 67 151 434 1199 157 408
1014 168 1110
599 626 1235 449 499
773 916 767
990 1493 740
411 427 1469 132
929 242
291 707 967 1360
1481 217 366 250
22 26 842
881 438 1364 1048 958
1067 1433 357 468
953 254 1269 730
962 950 1511 556
1349 650
1467 52 1238 285 1511
1363 1130 28 887 631 437
1437 415 1191 421
681 897 1051 614
623 1099 101
766 865 422 892 716 416
1189 806 1199 465 151 108 1084 157 1143
1343 1149 1259 284
481 620 1096 1077
1204 1220
1186 287 414 244 1340 1512 271
271 94 1186 1446 287 244 1340 1512 1436
1223 580 137
431 990 1556 1512
403 1002 1368 665
806 810 151 108 434 1199 323
706 949 543 1498 522
1273 1246
1337 1121 1267
293 1048
1518 1101 269 1301
853 897 1423 1113 830
94 1186 1024 1446 404 414 1436
427 1103 1459
1118 814 724 648
713 935 1289 480
1203 265 621 421
1510 1327 1347
55 601 228 262 1220
1364 1408
1373 1096 321 327 1342 617
97 267 1305 1422
425 242 803
333 610 756 627
890 284 657 1399 540 157
94 1446 1236 237 287 414 1340 271
1060 773 810 141
1388 1038 395
1198 1415 1209
1189 806 810 151 434 1084 1143 323
44 1252 582
166 1362
839 656 600
175 418 1261 874
1189 806 67 810 151 108 434 1084 1199 408
254 1306 1269 497 730
1189 67 465 810 434 323 1143 157
1189 806 151 1084 157 408
1506 1162 314 1169
133 449
550 1409
867 1006 800
647 164 840 757 591
265 348
1136 1552 304
1155 589 452
1133 1416 1089
1451 885 1308
1198 805 1308 616
299 161 1025 715
329 1005 1361
1381 499
795 955 1001 518 801
1227 668 341 685
362 795 25 179 19
1395 763 1432
1349 1012 823
121 1130
486 449
1189 323 465 810 151 108 408 1084 1143
126 802 182
323 67 408 1199 1143
647 863
806 67 465 151 434 323 1143 157
537 424
1515 612 236
1447 72 315
839 656 1082 73 677 600
601 228 262 1220
1518 515 1224
1182 50 107 1205 816
1285 149 1031 1210 627
1186 1024 1446 287 414 244 1512 1436
1186 404 237 287 1340 1512
806 67 810 1143
1086 265 325 604 980
1190 581 105 404 437
1149 916
1208 1237 338 365
492 775 914 1484 708 448
1390 1291 669 702
824 1180 225
835 748 885 1308 226 448
64 603 1389
602 46 146 173 685
806 465 151 108 434 1199 1143 157
201 301 1410
1135 983 307
1138 1205 556
27 903 37 682
602 1354 568
489 23
777 422 967
1467 1195 1424 192
94 414 1512 271
20 220
988 179 1021
1426 1542 217 1399 1365
897 38
279 69 1521 153 1461
72 548 1157 371
1366 1283 885 1116 249
1341 283
1435 749
931 725 255
1024 1446 1236 404 287 414 1512
1189 806 67 465 108 434 1084
339 283
1359 681 498 637
663 1089 1066 270
888 711 196
123 495 728 1364 1337 395
1107 1284 652 1157 408
1015 1136 1086 304 932
1373 481 620 1096 1077 664 321 594 327 1342
316 865 1468 1235 73 1558 1219
654 970 1520 565
855 1065
61 1419 587
1428 214 580
391 1306 87
544 1153 311
117 1113 1126 1319 643 720
352 325 225
1227 668 957
1154 1347
1544 1161 512 751
94 1186 1024 1512
806 67 810 1199
753 445
988 838 1258 698 372
1134 1504 862
1373 773 620 664 594 617
1479 121 314
926 614 44 1180 464
1469 133 992
1428 490 646
1446 1069 1556
1380 1447 442 26 592
1137 1154
1189 1084 1143 1199 465 810 108 67 323 157 408
224 234
1019 779 1329 825 963
729 486 1315 510 1332 1282 1459
1378 852 490 496 236 419
94 1024 404 1236 237 414 1340
1076 417 960
879 1285 763 187
1189 465 810 151 434 1199
1468 563 559
684 650 1372 767 1509 1399
456 508 753 445 66
67 465 1199 323
208 680 258 137 823
982 1419 603 1044
95 311 1270 118
1189 806 465 810 151 434 1084 1199 157
1143 1199 465 810 408 157 1084
1015 876 27 339 593
1216 473 357 373 706
1247 1093 877 444 1293
5 371
1423 1284 747 435
315 748 1307 958 1407
1451 1495 220 365 270
813 1412 1206
962 950 1156 480
1136 932 144
274 1012 30 823
67 465 434 1084 1143 323
271 1024 1446 404 237 287 414 244 1512 1436
878 245 984
334 1316 513 217
176 353 226 1435 963
1136 891 121 115 458
462 591 584
728 1308 66
51 537 533 1353
1189 1199 67 465 810 434 408 1084 1143
1431 1454 1065
429 1032
1024 1446 237 1340 1512
1024 1236 287 414 244 1340 1512 271
88 874 205
1209 239
876 1113 1146 1263 1486
1280 1263 1407
481 1096 594 1342 617
99 1494 26 1245
107 563 1422 340
1300 1387
1446 1292
233 146 283
600 1472
923 707 274 917
1189 810 434 1199 1143 157
1518 1068 602 1224
213 712 434 24 130
1106 1350
1193 78 977 1537 1520 1187
946 1258
271 94 237 287 244 1436
94 1186 404 1236 237 287 244 1340
597 547 581 451 724 248
13 1068 252
316 56 99 1479 811
113 639 1288
1189 806 1143 157 323 408 1084
1384 202
843 7 300 1515 423
493 210 580
95 755 46 605
972 939
465 810 434 1199 157 323
1190 1152 613 137
1218 1511
1426 447 301 1083
1222 401 717 474 1455
1096 1077 594 327 617
544 1536 1353 394 1333 704 178 1399
664 321 594 617
923 717 706
1373 773 1096 321 327 1342
841 392 1380 1064 741
1264 1277 1527
67 1442 434 144
114 1106 1522
11 27 1313
508 4 229 1464
1038 967
209 798
1516 967 1150
768 469 889 802
1029 476 563 1035 925 613
1336 1552 1132 1431 489 1292
940 1210
309 259
394 727 184 400
1048 565
271 94 1186 1024 404 237 414 1340 1512 1436
806 67 465 810 1084 408
794 1333
1411 1255 1232 1244 156
1373 773 481 1096 327 1342
267 1032 386
1215 1265 1336 916 1120 1365 273
157 810 323 1199 1143
1182 1331 882 1302 1042 239
1189 67 465 810 151 108 434 1199
884 990 8 800
475 1197 481 1357
336 725 9 625 958
94 1024 1446 404 237 287 414 244 1340 1512
775 1064
1288
1039 170 1228
94 1446 404 1236 287 271 1024 237 414 1512 1436
1186 404 1236 287 414 1436
856 939 689 749
1257 1383 1240 1356
711 1294 285 772 196
478 1270
368 325
1426 184 57 1365
157 806 810 151 108 408 1084 1199
549 1320
547 631
563 153 1472
65 680 614 325
1518 370 879 137
490
839 69 951
1414 172 805
1137 1138 1355 1384
469 535 751
583 21 837 814 284
333 1375 915 1098 1175 1154 499
271 94 1186 1446 404 414 1340 1436
806 465 810 151 108 434 1084 157 408
376 992
231 1074 1517
924 1223 1344 1128 1084
94 1446 237 414 244 1340 1512
157 67 465 108 408 323 1143
61 876 1512
16 985 136 702 448
940 119 834 458
361 1496 221 1453 271
201 634 272 1293
1496 554 1080
1024 1236 237 414 1340
129 951 295 1333 1450
29 445 246 1521
69 1224 595 1290
43 1499 925 850
124 916 490 180 400
775 1125 519 76
130 1455
1297 515 358 1363 1080
876 1113 1146 244
545 1254 1098 422 262 1454
1371 179
94 1186 1024 1446 237 414 244 1340 1512
1405 463 1310
975 502 415 552 864
478 1550 308 1210
521 72 1157
1293 1410
94 1024 244 1340 1512
785 1528 1390 669
154 1329 1136 503
674 1450
1343 405 1547 301 555
1453 1170
1366 946 1246 724
1426 817
884 1034 584
1186 1024 1236 414 244 1512
1199 465 151 108 434 408 1084 1143
30 222
1123 1493 1556 657
777 1516 767
1189 810 151 434 1199 157 323
1386 1220
1363 631 437
1349 956 218
405 837 361 1497
1215 1265 1336 1120 1365 273
425 803 1407
663 917
213 20
1419
936 110 1258 1425
555 361 471 1287
94 1446 237 287 244 1340
79 489 895 383
1189 806 810 1199 1143 157
247 808 1335
814 1180 1360 471
