1189 465 810 108 1084 157 323
1400 329 1144 325 718
910 427 1103
815 938 715
1189 67 465 810 434 1084 323
391 780 281 387 1207 1463
583 431 1340
55 1549 1220
1236 1340
22 1247 561 1530 118
1103 1113 1346 997
362 350 539 423
667 1137
215 864
1189 806 67 810 108 434 323 157 408
7 1515 284 906
94 404 1236 237 287 414 244 1512 271
528 984 1468 525
549 782 1004
1506 1162 1323 314 380
495 466 1138 1165 1514
647 564 1152 903
271 1024 1446 1236 404 287 414 244 1436
105 548 9 421
681 332 438 1314 448
1046 285 730
296 14 80
1487 977
271 94 1186 1024 404 1236 287 244 1436
266 146 189 1281
1478 114 91 996
332 215 321 1390
84 517 1043
946 30
1350 8 1360
94 1446 237 287 414 244 1340 1512 1436
370 326 1533 1362 653 116
1396 1190 607 797 408
1239 1382 153 57 596
1046 1123 1412 281
324 441
1260 1397 405 902 255 1305
425 172 708 382 642
1118 1504
1504 1321 222
619 1478
271 1186 404 237 1340 1512 1436
1257 748 1307 1407
723 606 1465 1228
1144 1214
313 695 1554
814 364 784 225
1268 1208 1374
1387 256
1538 846
1198 1415 815 1209 166
126 1261 246 602
271 1186 404 1236 1512 1436
287 414 1340 1512 271
492 469 1261 1374
230 330 1439 214 357
933 1516 1237 827 1016
721 398
22 548
650 1555 893 74
984 1134 42
638 1104 1536 920 1380 1180 1470
793 523 810 760 250
1158 1501 376 1318
1189 806 1143 157 465 810 151 108 434 323 408 1199
1260 1054 1066 661 57 584
352 375 418
49 544 1390 1347
1396 508 514 1217 714
888 678
788 172 1121 644
64 802 1306 1379 613
876 27 593
1457 632
240 629
455 1301
1189 157 67 465 151 408 1084 1143
968 1268 758 1417
620 959 1431 587 637
271 94 1186 404 237 287 414 1340 1512 1436
411 1469 1207
115 119 625
350 1370 1037 1465
790 175 501 641
635 791
237 703 280
1513 531 1280 1263 1407
952 852 293 503
4 406 229 1464 395
22 1490 1270
331 580
361 303
20 1501 1035 376
1397 305 954
1102 486 332 1035
151 108 1199 157 408
806 67 465 108 1084 1199 157
849 1542 1286 471
94 404 287 244
1186 1024 1446 404 287 414 1340 1512 271
1215 69 861 1464
326 925
1264 1547 698 542
624 1533 778 618
1096 620 1077 321 1342 617
1196 1306
790 1485
1328 539 480
959 1192 1288
1343 1259
515 542
447 301 1083
