694 338 132 1220 315
411 690 191 108
113 806 123 639
1433 1456 357 468
171 558 470
271 94 1186 404 1236 287 414 244 1340 1436
1217 861 1406 185
403 170 1484 979 625
752 1168 585 1351
50 639 196
1343 921 355
952 1468 563 559 941
1386 67 1442 1463
61 300 1093 184 138
786 929 846 1036
962 147 74
1046 391 221 225 730
1243 395
359 209 1301
1029 493 925 563 1035 613
924 1107 1184 1540
1487 1188
836 370 1285 842 283 1558
1024 287 271
179 119 202 834
1536 897 227 144
514 918
1089 367 816
94 1186 1446 404 237 1512
1363 28 381
870 693 184 400
1189 806 323 810 151 434 408 1084 1143
1300 1263 248
1474 825
94 1024 1446 1236 404 414 1340 1436
597 853 514 1203 1230
1257 1240 751 435
1250 888 1450
975 432 415 968
909 267 121 1246 903
976 1313
12 1243
1026 1229 383 1342 1163
1419 1336 594 1170
53 1474 253 3 1407
336 763 740 1432
1255 1244
407 636 774 1499 796
1024 1446 1236 237 404 287 414 1340 1512 1436
301 555 1410
1122 67 696 307 1099
681 1097 1407
94 1024 1446 1236 244 1340 1512 271
94 1186 1024 404 237 414 1340
938 1460 1547 605 462
211 827 261 683 140
1189 465 810 151 108 1084 157 408
842 331 437 1512
1373 481 1096 664 1342 617
666
316 4 56 33 1479 811
1190 581 404 1453 437 454
6 119
663 543 613 526
370 842 992
876 643 144 1512
518 618 1040
828 129 1431 373
810 151 434 323 1143
239 798
484 1443 1277 468
577 489 1043 1199
271 94 1186 1236 287 1340 1512 1436
935 719 315
974 791 1340
1024 1446 1340
407 796
508 1257 1356 1207 435
426 1179 393 569
388 232
333 50 420 886 266 1042
1518 1239 1408 850
1397 1447 1517 455 1547 1097 1301
667 1272
806 1376 130
1223 913
1068 995 1245 242 303 325 958
1284 535 462 1410
947 404 524 387 1090
672 921 1537 1048
1410 668 1493 435
94 1024 404 1236 237 287 244 1512
535 435
1223 1344 1128 1084
558 448
1397 1180 1293
1109 997
1457 632 1268 399 155 1374
1426 1089 447 546 301 1083
971 1142 1165
883 722 80 1463
623
1136 1076
1186 1446 1229 383 1342 1163
624 691 314 75
30 503
300 466 356
1490 812 1534 818 309
583 837 733 284
1189 108 1199 1143
1136 930 1288 1292
1554 512
1024 1550 1390
1102 975 469 725 353
1326 634 746 823
319 961 1338
882 893 1298
630 340
357 340
397 310 869 1013
1349 473
152 768 335 612 1556
245 888 634 678
692 721 133 1364 1408
861 1011 895 562
799 144
555 1410
1552 533 1319
210 226 1435 963
806 270
267 217 250 1475
1189 806 465 108 1084 1199
1492 1446 504 616 1292
359 808 220
766 822 889 562
766 910 760 344 294
547 581 451 724 248
241 780 751
67 151 434 408 157
877 600 417
1536 916 983
152 1107 1423 651 408
305 1414 155 941
720 1535
835 392 296 246
1515 236 722 718
1186 1024 1446 1236 237 404 244
67 810 151 408 1143
1485 304 1256 1529 254 71
519 1245 382
843 27 366
632 428 588
702 1124 16 985 136 658 448
1189 806 157 67 465 108 434 408 1199 1143
412 179
962 845 358 462
271 94 1186 1024 1236 287 414 1512 1436
343 792
1054 826
39 1192
289 1098 46 1061
494 411 1099
56 1194 1354 85
1107 1284 408 1141
966 1320 510 267
929 1511 573
1024 1446 1236 414 244 1340 1512 1436
878 1250 1134
1506 1162 380
1189 1143 157 67 810 108 323 408 1084
1189 806 67 465 151 1084 1199 157
1349 1039 800
1364 705 1264
713 1229 780 503
779 783 962
363 789 1039 436 846 956
1189 810 108 434 1084 323 408
814 1180 677 631 1360
946 1146 742
70 247 989 103 480
1186 1024 1446 1236 237 404 414 244 1340 1436
768 335 701 1556
67 1309 196 340
1279 647 530 564 1152 1389 903
1274 320
81 108 503 536
835 931 1151 143
306 545 955 1348
1215 1265 1336 1365 273
875 881 1237 338 239 365
630 1086 530 1402
889 240 673 629
94 1024 237 244 1340 1512
1198 728 1308 66
260 1273
1534 1012 303
1364 915 705 1264 921
271 94 1024 1340 1436
785 246 369 702 1455
926 936 243 333 23 759
1189 806 67 151 434 323
352 1467 1039 1012 662
626 1019 1329 825
1068 179 662 252
639 1421
1444 163 319 845 356
1274 478 308 940
34 1386 1453 1170
35 1393 1256 147 251
267 1409 164 1206 1272
379 1328
318 1471 1394 1450
455 143
221 1453 271
1189 806 1143 157 465 810 434 323 408 1199
476 1148 539 266
808 1346 575 903 458 398
1253 1409
1438 939 1261 1065
11 527
812 818 309
1328 1163 570 107 480
1020 1236 587 1436
1449 301 706
333 1129 1152 337
1285 1025
806 151 1199 157 408
69 346 1028
806 465 151 1143 157
96 200 6 689 522
593 1213 660
695 1254
812 20 1395 263 1002
486 669
1278 640 669 956
1093 167 24 137
336 1035 166 1351
486 43
1539 203 108 503
721 1303 606 205
936 170 193 932 387
1189 806 157 151 108 408 1084 1143
193 546 309 1271
948 1470 792
152 1164
1251 808
1089 1218 1511
466 233 470 637
1446 1236 237 287 414 244 1340 1512
283 227 23
887 242 803 1407
889 1259 616 173 323
517 300 510
851 1127
1189 806 157 67 108 434 323 1084 1143
1073 513 600 1216 963
63 705 1327 1032 749
1183 1343 1033 911 567 617
1064 339 249 1187
157 67 810 151 408 1084 1199
1516 68 1470
1189 806 67 465 810 151 434 1199 1143
22 1320 1297 221
94 1024 404 1236 237 414 244 1340 271
1329 1150 353 74
1391 1321
508 753 304 724 66
362 406
1186 44 1120 1402
67 465 810 108 1199 157 408
1496 1202 210 580
974 602 1224 1461
1212 525
1189 806 810 151 108 1084 1143 1199
853 1086 604 980 1090
813 1485 254 807
245 882
878 2 245 1487
1485 1529 254 71
1420 45 481 288 637
969 1172 989 30 340
64 574 603 1246
271 94 1024 1446 1236 237 414 244 1512 1436
1298 932 749 1009
1329 788 1550 1246 1537
94 1446 404 237 414 1340 1512 1436
274 784 147 1116
984 934 967 1083 424
94 1446 404 1236 287 414 244 1340 1512 271
672 1537 416 1048
1411 202 1351
1362 653 116
94 1024 1446 404 287 1512
1024 1446 414 1340 271
881 95 245 272
176 1378 110
481 1357 631
271 94 404 1236 287 1340 1512 1436
1189 157 810 108 434 408 323 1143
1373 773 481 620 1096
521 371 275
1373 431 1213 1512
64 1012 137
1411 1244 435
486 1129 43 1092 859
402 1278
1172 779 1378
1518 1314
1421 618 1465 323 19
1152 227 337
78 1014 205 178
843 727 184 743
697 1197 448
425 1062
1 860
661 1187
560 1076 167
347 996
969 486 1291
1236 237 271
473 710 357 743 373
123 1465 323
1484 1374
234 1542 640 1272
51 1359 783 1005 550 307 1525
1411 452 1255 1494 1244 156 435
575 1191 758 421 715
21 837 814 733 74
149 821
1410
1452 323
1203 824 1003 1213
492 775 708 448
92 1417
962 1345 1368 553 480
1538 852 1521
1202 1552 533 1319 503
799 1186 543
271 94 1024 404 237 287 1340 1512 1436
1265 1481 267 250
296 10 619
1332 240
479 608
850 956 218
94 1024 287 1512
1122 47 1559
745 163 246 1201
287 414 244 1512 271
456 768 1022
1285 276
539 809 776
985 918 702
456 633 506 606 156
207 490 164
1550 308
157 806 67 465 151 408 323 1143
521 72
925 1558 270
243 1235 1528 613
1495 493
1538 506
1239 657 457
693 24 756 150
549 1320 305 1004 157
208 1260 1510 451
1011 116 1361
492 1383 326 191 1148 101
1373 620 1077 321 594 327 1342 617
1336 1552 1481 1431 1292
1189 806 67 1084 157 323
228 554 271
1457 44 487
22 1131 709 665 143
517 1496
523 693 150
1462 1308
191 1473 1550 281 1290
380 570
529 346 961 485
1147 987 621 421
509 126 449
785 1068 808 1511 419
1081 1054 212
1209 1455
924 1081 1107 1473 1540
1426 1383 1089 447 546
323 408 1084 1199
1438 550 1272
806 67 151 434 1084 1143
271 1186 1446 1236 414 1340 1436
1236 433
1396 514 668
926 277 710
1256 237
539 826 809
988 822 245
841 86 99 292
1018 679
1112 576 143
1189 323 810 108 434 408 1084 1143
1328 352 1218 1161
326 1148 1200
326 191 1148 1200 503 101
391 780 281 1463
152 1078 845 346 156 96
626 1412 1312 183
791 995 1091 1141
557 390 1156 1432
923 131 127
867 728 745 451 1017
108 287 887 371
334 1316 513 217
785 1068 1511 648
422 482 598
1067 1127 428 457
1011 116
114 43 410
666 545 167
376 270 386
456 1252 139
1451 1258 1347
721 490
405 1270
157 465 810 434 408 323 1143
254 887 1407
404 1236 237 414 244 1340 1512
1421 618 1465
1335 686 1381 376
465 276 382
94 1186 237 287 414 244 1340
413 1382
1007 1284 824 408
873 191 1549 384 1472 347 280
1373 773 620 1077 664 321 617
1223 1007 574 1517
1193 504 1093 588 844 471
681 234 323
1189 157 810 151 434 408 1084 1143
806 67 810 151 434 408 157
924 1084
681 1124 348
473 710
1143 1199 67 810 434 323 157 1084
1182 472 146
854 444 1259 621 371 1176
777 1135
1549 501 944 1216
2 102
1353 1010 1310
29 430 832 942
1265 915 246
1024 404 244 1512
1136 81 946 1529
29 445 246 1521 1155 556
518 801
1542 27 870 127
985 1023 1095 353 1272
284 844 1287 1543
1039 513 1095 157
774 796
51 1359 307 1525
421 520
1024 1446 1236 404 287 414 1340 1512 271
51 783 1005 307
223 1468 759
769 97 160
833 856 900 467 1409
224 1039 1162 1322
446 390 629
1085 1468 436
833 1532 90 273 1505
521 405 1157
93 1063 1358 1208 780
690 191 1 860
907 231 1263
350 1359 1405 529 423 40
1343 894
1110 1270
64 1196 802 1306 726
637 647 728 1163
1218 642 1048
667 191 1493 890
878 1232 422 1398 179
352 912
1373 773 481 1096 1077 664 327 617
1373 1096 620 594 617
1373 773 1077 321 594 1342
1485 1529 254 1512
224 617
639 100
1029 154 81 397 886 1529
799 556 393 144
1202 998 153 186
1371 466 1258 489 1448
560 631 637
1186 1026 87 1342 1163
379 446 662
58 145 74
1331 322 1177 232
1370 1037 993 1465
500 67 144 138
1446 404 1236 237 244 271
1343 816 1399
1447 665 1391 315
856 745
475 924 1197 9 631
1227 1110 1050 727
1173 1456
209 1214 1351
1189 806 157 810 408 1084 1143
1457 225 1500
667 434 890 1410
231 304 121
806 810 1084 157 408
94 1186 287 1512 271
1047 1329
813 957 271
841 392 691 1064 741
508 1464 395
1143 806 1199 67 465 108 434 408 157 1084
806 67 810 434 408 1143 157
1298 776
1471 1394
737 617
1018 935 1538 386
620 1077 321 327 1342
279 766 23
724 741 454
1106 1405 1310
978 195 998
1555 1472 1305
430 1012 1439 619
1088 928
94 1446 1236 237 1340 1512 1436
1539 1496 12 198 605
1189 806 434 1084 1199 408
1096 620 664 321 594 327 1342
1215 1464 944
297 270
1189 1245 1439 1356
1143 1199 67 465 151 108 434 323 408 1084
991 1374 1314
402 165 568
271 94 1446 404 1236 237 287 1436
693 1246
839 560 1076 339 649
596 230 31 447 992
297 806 1106 170 813 1139
933 245 295 8 617
54 1062 1050 1256 1233 657
834 940 944 119 202
1096 709 453 1058
1118 814 724
890 657 540 157 480
966 267 1072
229 449 845
1186 1446 1229 87 1342
453 819
55 1364 1530 1010
289 4 229 395
1437 794 501
1420 45 637
890 980
830 1023 1346 1333 1512
78 150 1026 1296 394 1313
612 568 1028
1499 457
326 1295
1336 916 1120 1365
1412 876
1538 263 1266
1194
888 339
806 67 810 151 108 1199 157 323
271 1446 404 1236 237 287 414 1512 1436
829 1020
1189 806 67 810 151 108 1199 157 323
1334 791 1064 498 448
201 1150 131 817
1264 698 1424 542
456 689 1228
691 42 474
684 1456
543 1079 613
841 515 1401 542
445 556
545 1188 1150 102
1255 585
222 499
152 262 96
1186 1446 404 1340 1512 271
117 1126
354 1430 1222 774 760 248
1143 806 1199 67 465 434 323 157 1084
494 357
1442 889 606 40
1143 1199 67 465 810 408 157 1084
406 1076 1452 323 1326
769 1202 998 1418 153
721 168 1077 877
94 1024 1446 404 237 287 244 271
1159 756 960
403 946 1089 474 386
94 1186 1024 1446 404 287 1340 1512 1436
1193 1537
1173 1506 171 1030 487 470
666 545 167 1244 1475 387 608
1014 178
620 1431
985 558
1076 1452 1425 1326
321 1374 1291 448
890 284 657 480
679 673 30
1411 712 1528 1384 1155 1028
94 1446 1236 287 1436
989 234 1399
975 1364 1341
783 1132 1169
1428 602 941 685
820 903 1009 759
1373 773 481 1077 664 594 327 617
1305 256
1438 1498 57 1115
1284 1157 408 1141
533 1055 1099
1418 1401 732
772 167
668 191 890
643 144 1512
94 237 414 1512 1436
1555 879 1472
729 486 1315 510 1332 1459
939 717 1459
930 1292 460
493 1496 1202
1024 1236 414
1544 1494
831 837 621 555
84 361 1459
969 183
219 236
891 1261 1494 26 1245
117 1419 603 1044 992
725 9 958
306 289 19 628
354 1396 1386 1003
432 182 349
1279 647 1152 903
1090 44 714 787 963
94 404 237 287 244 1512 1436
350 887 1475
304 1256 1529 254 71
924 1240 701 369 225 468
1553 788 871
681 571
313 1266 1522
67 465 434 157
271 1024 1446 404 287 244 1340 1512 1436
1024 414 244 1340
94 1024 1446 1236 237 404 414 1340 1512 271
835 1308
1053 660 271
1134 722 373 479
56 1324 1464 1164 1170 954
1189 157 67 465 810 151 434 408 1084 1199
402 452 774 165 435
94 1186 1024 1446 1236 404 1512
806 67 434 1084 157
1328 606 1465 640 979
775 914 1334 791 498
271 1186 1024 404 237 1340 1436
547 1363 28 437 381
1257 968 292 1361
925 1075 1345 459
966 11 510 267
650 1073 963
1396 607 720
1084 1317
55 311 1010 787
773 656 323
751
1063 847 1406 1057
318 668 1471 75 1394
985 1023 1095 353 270 1272
521 455 1310 1463
1108 1557
413 795 1145 912 735
436 507 979
677 1231 1387
413 1002 380 496
200 1109 593
267 743
225 1500
1019 1336 1406 464
289 745 46 1061
431 1340
370 653 116 792
1378 509 1352 137
94 1186 1236 237 1340 271
260 1048
157 706
152 1250 431 1406 447 1489
94 1446 1236 237 414 1512
511 1316 1332
105 1064 898 382 471 162
1468 864 1391
969 1325 1468 1291 653 143 1352 682
945 685
1068 602 515 1224 232
772 782 389 1465 283
883 773 58 810 24 141
438 272 448
1237 239 365
826 676 1049
639 516
936 797 814 1357 520 470
623 1416 107 24 1472
1186 1024 1236 287 414 1340
773 1096 594 617
852 490 496 236 419
881 1158 698 1351 958
1376 1077
136 1538
67 810 151 108 434 1199 323
1462 370 326 187
154 44 1192
1126 261 1237 1070
621 311 1270
947 1222 639 533 723 1091
47 1062 523 1133 1100
937 1113 614
1415 1159
420 1062 1482 1362 1512
481 620 1096 1077 321 594
449 1458 1304 515 337
812 1534 1261 309 259
1446 404 1236 237 287 414 1340 1512
271 1024 1446 404 244 1340 1436
723 1355 606 1228 979 640
94 1446 1236 287 414 1340 1512 271
66 1368 1119
1012 30 906 273
94 1446 287 244
494 1437 1487 827 205
313 1134 818 489 373
1024 1236 237 244 1340 1436
166 503
357 743
1291 653 1352 1325
124 916 1082 490 180 400
1037 621 1347
94 1024 1446 237 287 1340 271
333 1485 1075
4 1379
1473 1097 454
481 321 327
11 743
1086 533 207
810 151 108 1199 323 408
1189 35 1393 1256 147
1506 957 640
1172 1378 962
833 1532 1548 90 273 1505
914 1037 898 571 1187
829 1428 1245 303 236
1343 207 1089 563 1
1189 465 151 434
528 1316 1516 640 461
806 810 151 434 323 157 408
1444 163 845 1521 356
1462 909 953 1512
401 451
1137 887 461
306 289 944 256 628
523 1332 24
1316 1256 108 744
694 1027 58
1328 789 440
254 1306 1269 497
1260 1110
1412 204 331 940 187
1234 868 685 269
157 108 408 1199 1143
1407 775 1380 1231 459 1281
1535 836 1313 387 1080 580
1189 806 1143 1199 810 323 157 1084
1373 773 1096 664 321 594 327
789 1248 972 1338 373 1028
510 1353 267
808 1484 82 281
728 734
754 1516 827
1142 326 1375 1025 965 642
785 1201 582
1186 1024 1446 1236 414 244
484 241 1459
476 925 1179
773 620 321 594 617
313 1538 263 823
330 1095 353 1505 270
973 1123 979
88 17
773 620 1077 664 327 1342 617
1376 854 1077 604 1409 294 954
94 1186 1236 414 244 1340 1512 271
1223 1376 1289 284
1239 334 1316 712 513
271 94 1186 1446 1236 237 1340 1512 1436
1518 376 1335 526 1381 160
894 567 1040
1369 454
361 434 421
748 265 1154 228 1070
117 1296 1319 720
1024 824 1550 1390 48
1215 312 861 1554 944
1077 664 321 327
1199 806 157 67 465 810 434 323 408 1084
92 401 1184
94 404 237 287 414
1136 1315 339
1186 1024 1446 1236 1512 271
806 465 810 151 434 1143
306 289 539 944 256 19
775 519 1162 76
1329 893 527
333 50 420 210 266
938 462
1189 806 323 67 465 108 408 1199 157
1060 411 1503 844
806 67 434 323 1143 157
1328 1373 1511 385
822 512
799 1542 287 1436
64 493 37 459
43 426 1285 532 366
773 481 1096 1077 321 1342
1122 696 1099
773 1096 620 1077 664 321 617
271 94 1024 404 414 244 1340 1512 1436
1522 184 1543
478 471
1189 806 67 810 1084 1199 408
271 1186 1024 1446 404 287 1340 1436
548 515 564 278
828 1038 1487 395 1338
961 649
169 136 752
105 1218 9 1157 421
428 1111
52 1138 1514
114 1011 584
1189 67 465 810 434 1084 1199 323
1447 455 1547 1097
934 868 578
94 1024 1446 404 287 414 244 1512 1436
1506 1174
94 1186 1024 1446 404 414
55 1549 1224 278 459
806 465 810 151 108 434 1084 323 408
762 1350
210 588 1192
1174 1511
1241 948 239 792 1514
1444 1007 641 1290
94 1024 1236 237 287 244 1340 1512
271 1236 287 244 1436
1068 413 1288
1096 97 796 160 819
289 539 256 19
1444 495 1300
465 810 151 108 434 1199 323 408
169 329 1005 385 452
893 1339
835 908 255 143
11 510 1320 1282
1324 735 1424 702
300 737 893 138
1503 800 844
1104 8 617
880 11 341 820 1070
1386 1469 1220 1230
1189 67 465 810 434 323 157
1048 1347
806 67 465 810 108 434 1084 157 408
1423 1140 1097
624 1440 1357 928
1186 1024 404 287 414 1340 1512 271
432 182 238
1392 723 693
1186 1446 1026 383
639 1006 1488 40 1072
1434 988 961
1217 1507 1417
94 1024 1236 237 1340 271
67 810 1199 323 408
1189 1084 1143 1199 465 151 434 323 157 408
610 366
1378 958
1024 1236 237 287 414
1056 946 513
402 1324 1424 702
354 680 820 1390 144 1269
833 1548 862 323 273
411 132 1220 1207 1230
421 1080
1545 996
230 330 967 214
863 580
1518 1075 1228 1368
1142 755 1042
881 808 1058 771
838 287
1536 1226 627
1076 323 1425
923 191 108 1 860
806 465 151 434 1084 1143 1199
302 361 26 1401
1009 759
1226 816 922 756
1397 528 285 525
1189 157 67 810 151 434 323 1084 1199
954 56 521 1324 1464 1514 1170
1186 1446 1236 237 414 1340 1436
1341 919
94 1024 1446 237 287 414 244 1340 271
257 1133 673 1326
907 584
1251 1095 1545
41 1443 1006 640 1489
1189 806 67 465 151 108 1143 157
1428 490 30 214
1260 894 378 1327 295 1543
117 1126 1319 643 720 809
306 152 352 1427 462
1373 391 1152 740 331 497
1186 1446 237 244 1340 1436
721 490 606 205 398
656 107 845 596
1189 806 67 108 1143
1349 756
200 290 893 1298 716
290 639
545 1200 374
1368 665 819
404 237 1512
1288 460
474 1455
1268 26 1157
271 1024 1446 1236 237 287 414 244 1512 1436
1268 864
22 575 159
94 1186 1024 1236 287 414 244 1512 1436
35 145 1110 744 1547
1232 267 157
1189 806 67 465 151 323 1143 408
1189 67 151 108 1084 1143 323
22 808 1058
841 1380 691 741
231 547 304 121 1286
1406 137
86 99 602 292
1279 1058 1368
94 1446 287 244 1340 1512 1436
1102 122 1524 416
635 867 624 135 1406 518 458
333 1129 1408 1152 337
1469 587 942 743 1525
34 333
1373 837
1102 1385 122 1058 416
535 957 562 435
113 43 1062 1285
94 1186 1024 1446 404 287 414 244 1512 1436
772 782
1173 1103
1056 1406 1356
1159 910 271
175 108 887 371
839 473 906
154 737 1546 238
54 909 520 1512
1039 695 1116
539 506
1386 427 132 1207
94 404 414 244 1340 1512 271
839 473 130
684 1439 661 840
811 611
11 344 1347
1355 606 1228 640
1258 715
1260 621 372
396 1185 1338
215 981 741
414 458
1443 1277 189 1287
1045 733
1118 991 166
241 884 1210
73 273
629 1545 259 542
266 222 1551
806 67 465 151 108
913 989 933 750
22 1204 1247 561 118
883 945 712 434 24 130
332 1214 82 249 1287
1152 376
765 609
50 300 107 217 816
456 508 882 304 724
1084 1199 323
777 1026 1153 24 850
307 1409
581 451
67 465 810 151 108 1084 157 408
983 307 1139
836 1223 380
768 346 246 1245
451 1017 1287
41 1056 518 740
27 588
537 916 533 1353
271 94 1186 1024 1446 237 414 1340 1436
1109 170 979 942
622 167 400
1082 73 677
1485 882 1408 1531 682
1102 1524 848 416 1318
1335 1092 909 516
1287 334 1516 284 1 1543
913 846 14 143 437 480
966 617
1297 693 144 132
319 1174 1511 385
260 986 536
1001 701
994 455 678 1537 1032
1199 806 465 810 151 108 408 1084 1143
1332 450
974 1479 1463
1359 484 1139
379 1278 280
329 123 639
1189 157 67 108 434 323 1084 1199
663 1079 526
966 534 1382
1143 1199 810 434 323 157 1084
1153 1432 111
484 930 601 457 834
1539 1107
271 94 1236 237 1340 1436
323 806 67 810 108 434 408 1199 157
1039 313 1162 380 24
1275 355 765 416
1490 1261
1467 745
1001 369 1111 625
1324 282 1032
279 652 885 1521 408 1461
1125 33 453 603 482
788 172 85 222
16 448
1147 1351
1400 1007 1390 1011 48
1285 380 703 869 276
502 69 346 1028 435
790 501 641 518
1062 274 386
113 1321 1065
1371 418 1354 355 85
271 94 1446 1236 237 414 1340 1512 1436
1186 1024 404 287 244 1340 1512 1436
420 769 1308 536
883 427 327 184 1199
1401 609
1189 157 810 323 1199 1143
1186 1446 1236 237 287 1340 1512 1436
21 837 431 733 284
500 1442 144
639 183
1296 1235 659
350 866 267 157
83 1518 426 90 383
644 222 101
1171 129 1333 1450
1189 157 67 465 810 108 323 1199 1143
59 82 585 275
1491 343 1418 1381
94 1446 237 287 414 244 1512 271
517 1426 300 510 257
1186 404 1236 244 1340
926 476 1148 539 826 809 776
1426 1376 1093 378 1050
425 98 571 148
1186 1446 1236 287 414 1340 1436
30 205 349 1139
1304 1252
806 67 465 810 151 108 1084 157 408
974 1479 658 730
1398 1514 1065
1096 594 327
271 1186 404 237 414 1436
245 89 1210
363 962 1432
500 1343 733 128 257
926 494 1180 1463
271 94 244 1436
681 332 448
987 394 1403 460
1026 1229 87 383
898 293 566
1189 810 108 1199
94 1186 1236 287 244 1512 271
1189 151 1084 1143 408
1205 183 526
1282 1432 1459
1138 716
1384 1028
1047 49 149 271
105 151 344 844
824 1003
328 201 151 301 185
991 121 957 148 658
835 885
289 745 46
1199 151 434 1084 157 1143
1426 1436
481 1096 1077 321 594
969 370 763 293
465 151 434 1199 157 323
260 1341
277 421
271 1024 404 414 1340 1512 1436
773 620 321 327 1342
1223 856 673
1063 1358 1208 736
492 1001 1151
114 1106 1522
1103 538 960 954
291 707 1256 967 890
1556 507 1206
140
1380 371
1039 370 1289 1002 286 1112 253
1278 700
316 865 1055 1448
82 1441 792 37
1083 1266 140
1429 1418 1252
312 1121
397 447 310 327
35 145 1110
902 1156
1255 452
21 837 824 733
773 912 446 1482 490
43 159
988 412 179 1493
297 813 1106 270 1139
363 1444 972 336 186
879 30 756 1432
950 1093 382
299 1540
