1451 359 808 515 365
271 94 1446 404 287 1340 1436
528 1547 85
1373 407 1063 1283 1006
1405 1372 1522 1422 1072
544 189
1306 1339 1269 497 730
1063 863 214
213 712 1522 130
316 709 892 239 1271
972 645
200 687 683
208 1250 268 374 385
1173 531
1373 773 1077
271 94 1024 1446 404 414 244 1340 1512 1436
721 1264 182
635 602 1224 1351 1461
94 1186 1446 1236 1512 271
971 329 1271
974 99 1494 26 1261 342
169 962 558 579 1488
271 1186 404 1236 287 1512 1436
908 404 215
13 529 1488
1047 305 561 810
325 862 1161 80
1106 1405 1555 1455
523 693 24
422 276 293 566
254 1339 1269 730
679 384 80 1459
898 1181
1245 373
745 163 246 1554 1201 53
1337 842 625
152 1423 1460 408
333 1375 1098 1175 1154
341 1533 778 618
1001 119 275
1129 44 1156
466 1431 1454
773 481 620 1096 664 321 327 617
684 1117 1333
279 885
225 1340
328 68 527 251 683
290 1428
970 125 159 275
679 513 763 87 109
991 845
1260 185 894 378 139 1327 295 1543
976 117 233 1292 470 637
333 749 627
1029 1385 203 1352
894 139
291 1294 8 844
1376 854 1077 981 1409
44 587 1356 580
1024 1446 287 244 1512 1436
874 225 658 591
431 1213
897 1402
1160 1532 1416 1355 1389
1150 644
1088 1384 629
289 19 539 701 628
908 1334 852
1510 145 1083
93 1096
526 483
1355 606 1465 640
390 1156 1432
650 1555 673
45 594
1462 54 909 953 1512
973 1144 961 568 1522
594 1170
13 1322 512 269
728 1494
362 350 1359 539 40
1294 369 562 479
1444 495 1300 811 1317
897 1273 957 321 1402
271 1024 1446 1236 1512 1436
891 965 400
1204 265 1357 1270
985 602 1511 192
16 405 426 832
456 1299 689 357
1189 67 810 151 108 434 1084 1143 1199
69 861 1464 1554 944
94 1186 1446 404 287 414 1512 271
1189 67 810 151 108 1084 1199 323
1309 1282 196 100 1326
782 489 272
543 66 1368 1119
854 444 1259 371
290 136 473 430 130
200 1082
694 1104 1510
200 1082 922 356
11 1542 27 127 360
465 394
531 1145 269
991 569
509 803
397 187
55 1058
639 612 512 262
1549 228 1220 1224 459
908 1428 394
1284 1516 462
59 49 1228
1131 925
632 1188 17 732
271 1236 287 1512 1436
931 245 365
835 908 931
72 558 1374 554 448
452 1255 1232 1494 1244 156 435
1386 67 504 660 860
1278 808 1484 885 1461
1383 501
456 508 882 304 445 724 66
1078 1445 1468 479
492 1383 191 1148 101
909 1358 915 266
403 1089 940 474
1236 1226 1213 1475 417 433
22 1131 455
94 1186 1446 404 1236 237 287 414 244
397 863 447 310 869 327 1013
1509 1292 157
1446 244 1340 1436
777 921 355 235 218
1411 1244 435
1189 465 810 151 108 1084 157 323
1542 27 870 127 1313
1186 1024 1236 414 244 1340 1512 1436
168 251 1347
973 557 507
333 1159 672 921 1537 416 1048
1183 1033 567 1040 617
481 620 1096 1077 664 321 1342 617
1202 1552 533 1319
1096 664 594 617
779 783 962
152 431 1406 1489
1143 157 67 465 434 323 408 1084
1225 909 742 819
302 392 361 26
885 408
213 50 1359 1005 140
1373 913 891
94 470 1313
828 1487
1135 519 845 569
586 1538 436 613
136 430 906 130
1029 476 563 925 613
813 753 1003
176 1438 20 1372
447 14 477
1094 1404
1189 806 67 465 151 108 1199 1143 408
815 1404 489 1111
885 1461
583 21 837 824 733 1340
67 810 151 108 1199 323
1420 45 481 837
455 222 1065
725 443
1129 1412 1552
94 1186 1024 1446 1236 404 287 244 1340 1512
1375 1175 499
191 1533 740 1556
341 585
53 365 3 619
94 1446 287 244 1512 1436
20 1235 292
818 1245
227 144
1366 1077 1217 751
331 387 497 1313
1278 1507 369 153 109
622 1211
788 688
200 133 753
663 14 477
509 137
300 1531 17 439
974 635 602 718
806 67 151 434 1199 323
94 1024 1446 1236 237 404 287 414
1268 76
94 1186 1446 404 237 244 1436
1364 921
856 1033 1555
806 67 108 1199 1143 157
36 934 868
779 825 963
1354 534
652 885 408
967 428
1476 394 1261 1511
59 486 1228 1224
1490 968 1261 309
936 899
509 1447 1468 864
231 1001 524
1552 327 470
36 572 868 578 501
663 1350 220 1306 1450
465 810 151 108 434 1084 1143 157
1039 1112 253
1198 616 66
94 1024 1236 1512 271
797 997 593 1213
25 1516 934 1300 164
1189 806 108 434 1199 1143 323
1189 806 323 108 408 1084 1199
151 108 434 1084 1143 408
1223 856
878 935 695 541 1244
289 539 701 256
94 404 414 244 1340 1512 271
1223 856 1133 933 673 1326
1485 882 1408 1465 1531 526
350 1359 1405 529 40
1137 528 85
47 946 513 879 1156
117 311
1456 838 1281
1144 678 578 961
1198 959 1520
835 346
1198 959 129
975 638 1088
152 1415 878 1554 1348
1373 481 321 594 327
129 212 1521
1123 840 119
694 1027 994 58 185
296 419
59 229 1384
64 1196 802 1306 726 1379 613
335 724 1151 225
1236 1213 417
456 882 445 66
29 1544 1155 556
405 1530 339 249 1187 1347
1024 1446 1236 237 404 287 244 1340 271
806 67 810 151 434 1084 1143
19 329 412 928 218
911 751
1262 763 109
1189 806 465 810 434 408 1143 157
1332 1515
243 299 1274 482
1343 257
412 179 1493 1021 1048
55 601 1549 1220 278 459
1426 727 556 1399 57 1365
302 368 325 585
785 1368 1551
1516 1287 1543
1328 539 480
561 272 1154 628
58 1057 158
799 1542 287 566 1436
843 184 743 400
1264 212 655
201 151 301 1410
1330 737 1413 1220
1373 481 620 1077 664
947 391 1300 1263 724 248
544 1354 189 1537 395 178
193 925 320
912 292 76
1517 1338 1028 834
1508 1354 106
1134 862
884 877 368 1177 1210
46 1115
332 155 189 205
117 1113 1126 1319 643 720 809
969 1175 576 1531
1490 812 1534 968 1261 818 309
420 557 436 869 507 979
420 1375 336 1302 919 226
1186 1024 404 237 287 414 244 1512 1436
1303 322 1070
254 242 803
1094 478 408
1195 752 901 242
432 133 582
1371 90 1188 782 606
59 629 941 1478
1437 794 345 1480
34 866
863 1233
94 1186 1024 287 414 244 1512 271
1190 404 1453 554 437 454
632 489 17 732
252 569
333 1375 915 1098 1175 1464 1154 499
329 412 1480 1220
975 16 586 898 1368 1551
1285 9 149 1031 627
878 86 496
378 1175 505
172 805
388
94 1186 404 1236 414 244 271
151 108 434 408 157
884 69 1460 651
847 442 421
1024 404 1236 414 1340 1512
810 151 434 1084 1199 408
1451 748 885 1308 226
1158 49 692 604 1314
494 1136 614
1094 888 1450
974 375 1444
49 791 787 138
279 236 1271 562
49 278 1314
1396 830 1556
898 12 355 627
1456 1106 1527 1556 1310
806 67 151
574 953 391
1438 550 1448
391 780 281
271 404 237 414 244 1436
1265 915 217 246 889
1002 1358 925 1292 460
1189 806 67 465 1084 157 323
1189 465 151 1199 1143 157
1442 876 44 167 720
1260 185 894 139 1327 1543
1218 642 37
833 856 696 1559 467
1186 1236 237 1512 271
856 1559 467 1409 1116
431 824 284 1340
1189 157 465 810 151 108 434 323 1199 1143
849 1286
972 828 1305
891 26
1242 1536 1086 250
302 392 361 1150
984 691 541 1540
25
94 1186 1446 404 237 287 244 1340 1512 1436
1508 622 1537 999
1303 487
528 478
500 1343 1309 733 257
574 830 1180 1207
835 765 448
94 1024 404 287 244
1024 404 1236 287 244
925 455 143 992
1354 1493
1006 534 147 1150 447
1456 814 364 934 784 225 275
1162 380 1322 24 1505
785 1201 582
1046 1123 1412 863 1323
260 1076 670 564 187
508 781 215 491
83 337
1106 1526 1310
1438 1159 856 939 677 749
1411 452 1255 1232 1494 1244 156 435
1241 995 1091 1141
1373 1007 1284 1084 1477
94 1186 1446 1236 244 1340
69 652 153
114 1522
774 1280 1407
561 628
1011 48
922 756
94 1446 404 1512
1462 370 326 26
508 4 639 229
839 1511 3 419 569
620 294
355 1413 1164 1220
650 1559
105 261 344
610 1309 138
1197 1202 548 459
1244 1475 387 608
787 278
188 791 615
404 940 474
246 1288
11 1103 1153 160
1419
465 810 108 1084 1199 157
839 47 290 639 1421 69 951
413 170 1472
94 1446 1236 1436
1063 1356
1388 1012 226 259 1361
1412 447
1373 431 990 1556 1213 1090
1067 639 612 512 262
721 490 887 205 398
630 1243 1313
1367 678 1504 761 1394
806 67 465 810 434 408 157
481 321 1342
670 1006 823
1204 1357 575
176 210 353 963
1189 67 151 108 1084 157 323
1335
199 76 153
1552 1481 489 1292 23
333 1075 320
1274 10 1268 159
108 434 1199 1143 157
352 868 1161 862 80
1373 773 481 1096 1077 1342 617
318 36 872 578
78 831 45 904
1251 376 270 386
32 69
67 810 434 1084 1143 323
95 311 1270 118
1382 1471 340
939 1481 167 1009
1412
1158 1501 220 1318
813 530
814 934 784 225 275 1500
1260 334 854 1177
247 363 353 186 596
1262 652 482 311
114 856 783 1033 31
404 287 414 1340 1436
346 1290 435
1189 806 67 465 434 1084 1143 157
263
1312 1295 87
1544 1554 512 202
1189 806 323 67 108 434 408 1084 1199
94 1446 404 1236 287 414 244 1512 271
1518 426 90 383 859
818 489 722 373 479
602 685 1318
886 10 1079 1402
1446 237 1512 271
1364 1398 1414 1514 1065
508 514 668 1217
945 1218 929 1551
1240 468
745 192
854 904
1186 133 376 609
544 705 189 395 178
271 1024 404 1236 237 287 244 1512 1436
44 1369 139 1192 1252 582
13 1278 656
982 196
583 1398 1282
1265 1548 129
154 1136 886 1529
843 1192 1288 173
933 90 1521
34 810 194
1199 67 151 434 323 1084 1143
1411 1149 623 7 190 467
789 1538 956
289 1241 948 792
1087 1116 218
930 248
1142 449 1132
813 1529 254 1512
207 1245 37
681 897 891 614
1386 67 504 860 1463
768 1195 385
465 108 1199 1143
434 584
271 1024 404 1236 237 287 1436
1516 701 591
22 1131 709 925 455 665
481 620 321 594 327 1342 617
271 1024 1236 237 414 1436
121 148
191 1473 1550
1487 1403 1224
842 625 582
432 865 1524 1408 1424
310 869
537 42 1384 1340
495 1514 1281
1143 806 157 67 810 434 323 408 1199
1485 54 1296 426 1235 183
883 327 1270
968 1261 259
973 1260 1243 1360
985 845 1295 569
1038 662 19
656 1082 1276 73 600
1096 620 664 1342 617
793 523 250
94 1186 1446 287 1340 1512 271
218 1367 1171 728 1044 1543
1316 1006 590
1024 1446 1236 237 404 271
1142 1109 410
1423 884 1460 651
1160 1442 1226
910 88 1409 1293
68 1466 683
96 1548 1165 106
133 539
1446 1026 87
1039 533 943 710 593
1411 712 202
785 1367 845 358 951 269 462
352 231 917
777 1252
1189 806 465 810 151 1084 1199 408
123 1421 1465 19
316 925 189 139
332 1214 82 249 1287
302 392 26
1081 1291 1031
1109 797 997 1213
1285 719 1210 627
1189 810 151 434 1199 408
842 1191
583 824 733 284
78 1026 1546
1189 1339 1310
1241 1218 1035 642 565
1557 381
1382 57
674 114 1150
1303 570
271 1186 1024 1446 1236 287 244 1340 1512 1436
561 12
909 760 250
415 265 1357 1270 1407
1247 741 625
952 563 559 941
828 607 901
1143 806 1199 151 108 408 157 1084
1426 407 1093 478 382
680 686 37
94 1186 1024 237 287 414
1536 217 606 144
1137 1547 85
898 118
1094 528 950 944
924 587
1189 806 1199 67 151 108 323 1084 1143
561 810 221
1253 461
1371 772 90 1427 606
1508 898 422 1558
839 290 136
812 1261 309 259
601 1549 228 459
47 290 639
1542 727
537 1530 42 1480
94 1186 1236 237 287 414 1340 1436
139 1192
774 620 404 614
622 1261 1065
1373 773 481 1096 594 327 617
61 1093 138
224 1039 380 1505
1491 748 725 343 1418
697 171 774 1350 1529
1241 854
379 1121 1531
528 1324 1264 655
1027 921 206
767 850 956 218
486 1129 1092 742 859
772 90 1188
1446 404 1236 237 414 244 1340 1512 271
1373 773 481 620 1077 664 594 327 617
924 1081 1473 1184
94 1024 404 1236 287 1512 271
1171 73 1017 162
326 239 376
1274 1264
94 1186 1024 1446 237 287 244 1340 1512 271
1467 1392 701 890
533 1382 384 1099
1363 321 498 1557 381
1132 778 556
1189 806 67 810 1084 1143 157
1328 1315 319 922
887 1010 228 787
217 1259 321 1325 470
78 1126 922 111
1392 693 24
271 1186 1024 1446 244 1340 1436
1189 806 67 465 810 108 1199 1143 157
97 267 1155
926 494 1136 614 1180
241 530 258
78 1081 161 904 1208
102 158 162
775 1334 448
1549 1216
1487 961 1543
793 810 760 1132 250 460
654 265 1208
985 1428
861 534 578
806 67 810 108 1084
465 108 434 323 157 408
506 1382 1472
1186 1024 1446 1236 237 404 287 244 1512 271
882 753 724 62
1123 1412 1323 447
1539 413 1202 1356
479 275 608
652 408 1461
1006 534 1150 447 463
1189 1199 408
249 387
804 847 1130
1353 1333 704 178 1399
11 344 1473 311
1495 426 443 1179 393
987 1380 442 338
1373 481 620 664 1342
1392 1226 1213 1475 417 138
271 1446 404 1236 1340 1436
1373 773 620 1077 321 594 327 1342
908 404 215 981 798 1224
1189 806 67 810 151 323
1197 481 1357 9 631 1480
1186 1024 1446 404 287 414 1340 1436
271 1236 287 414 244 1340 1512 1436
3 365 1407
868 629 685 1305
83 1518 90 383
843 7 300 573 906 284 423
1189 806 157 67 465 108 408 1199 1143
610 1419 366
94 1186 1446 404 1236 271
1426 1383 1089
1189 465 434 1199
853 1086 325 348
300 1093 737 893
727 184
831 1091
909 1512 1163
436 1311 1091
1291 653 682
422 206 749 716
770 760 1286
1415 363 490
971 318 967
1189 806 810 151 434 1084 323
456 508 882 445 724 66
1549 374
1446 404 1236 414 1340 1436
352 9 895 625 958
907 1433 1510 707 1489
271 1024 1446 287 1340 1436
502 1444 69 1028
1078 1334 262
545 805 156
1483
208 428 1111
117 1319
602 941 685 569
1106 314 703
1019 67 104 576 17
399 460
585 159
1190 724 1340 637
260 1495 320
675 132
835 1014 831 182
1153 1549
123 495 728 1364 1337 395 252
169 329 1161 385 125 1361
915 1302 1264 659
1024 1446 404 237 287 244
888 507
597 853 481 1203 1230
299 95
271 1446 237 287 1340 1512 1436
1552 304 999
350 560 38 604 1475
971 959 1520 1165
456 753 304 724 62
1222 174 873 617
28 901
481 1096 321 594 327 617
786 297 1539 1036
412 1493 1021
867 401 451 1287
1526 1455
924 1234 531 868 685
978 1043 1477 1301
145 577 700 787
953 254 1339 497 730
7 623 190
709 455 665
1189 806 67 465 810 1199 157 323
1411 1255 1232 1244 156
432 868 1224 269
1189 323 465 810 151 434 408 1199 157
114 43 476 410 120
614 957
843 893 1458
528 933 245 8 617
1160 1532 1416 1033 207
1233 1546 590
1373 407 1063 670 1283 1006
986 1153 470
1289 320
940 119 834 944
152 1107 1423 1460 651
29 1121 395 461
1194 1493 657 940
1133 1511 1156
488 825 225
1189 810 151 1084 1143 323
361 1420 1337 1384 1170
849 1255 866 267 101
1158 1247 698 1351
975 1341 459
836 331 387 1080
836 1233 1546 590
502 432 415
709 539 167 1408 1381 40 1348
777 1026 107
945 1235 669
974 502 1278 968
789 1012 556 57
1315 1033
493 1202
814 364 934 225
83 326 876 1479 1402
777 921 355
1193 1359 326 384 1407
914 891 1374
397 310 1013
1491 1118 991 675 1374 1314 1347
1411 1528 1384 1155 1028
4 1392
1430 1353 887 228
789 313 1532 1012 556
1364 311 1010 787 554
973 434
1438 500
409 313 80
247 869 1505
299 449 1557
1518 243 426 383
389 323
1174 1130 1157
813 1485 1256 1529 254
271 1186 1446 404 237 244 1512 1436
1303 627
586 1062 1285
1548 63 1511
271 94 404 1236 287 244 1340 1512 1436
78 1077 205 178
1189 806 465 151 1084 1143 1199
1189 806 157 465 810 151 108 434 67 408 1084 1199
1371 588 1314
806 67 810 408 1143 157
465 108 1084 1143 323
122 45 721 168 1077
494 1297 338 132 1220
167 1244 1475 608
785 606 629
974 502 415 1118
41 904 244
352 1271
1096 97 160
1132 1431 489 23
411 1469 132 1230
170 193 283 932 387
1313 836 387 580 1535
1223 1367 1250
1375 421
10 209 1285 1308
973 511 341 1243 1360 1210
815 521 937 798
1203 909 1246
991 166 1314 1347
306 1155
5 1226
878 1423 695 541 741
1199 806 67 465 151 108 434 1084 157 1143
94 1236 244 1340 1512 1436
169 978 1483 1011 941
313 818 489 722 373 479
362 350 1405 529 40
1158 282 698
83 1392 1354 722
785 1528 1291 1390 702
795 1211 1361
524 1040
1189 806 465 108 1143
208 753 1429 71
918 219 1521
1256 1529 963
1027 58 1057 185
748 444 1259 621
694 1297 338 315
851 351 1084 162
773 912 236
255 1305
1452 1285
404 237 414 1436
806 67 434 323 408
561 1216
282 546 386
530 1066 600 1216
788 173
93 1275 632 1302 189 1318 1310
882 1531 526 682
1037 804
1451 885
313 1366 556
1421 951
602 1008 192
1280 1497
1442 1353 1509
987 1064
1495 313 1266
1367 1337 917 1121 275
583 21 837 431 284
123 728 1364 252
833 856 696 900 1409 1116
1438 696 219 1521
157 806 67 465 810 408 1084 1199
806 813 1106
1282 1326
1189 157 810 108 434 408 1084 1199
1420 45 1440 481 837 1363
200 500 1548 533 550
243 426 383
1373 481 1096 1077 327
909 902 436 1052
1074 614 874 591 454
396 442 1282 440 772
94 1446 237 244
334 1516 844 1 1543
1146 1258 1362
171 1203 820 1003
1539 170
1156 1112 1439
73 173 1072
886 210 266
63 473 452
104 131 640
1526 440 311 917 295
43 543 532 366
300 888 1531 17 439
969 563 153
481 1096 594 617
312 378 1038 23
1189 806 1143 1199 810 151 434 67 323 408 1084
1212 1555 1218 1089
712 151 513
94 20 280
521 488 251 860 637
773 623 656 995 386
952 1135 482
254 1306
78 1026 943
785 146 369 1418
924 1234 531
806 810 108 434 1084 1199 157
814 1324 648
25 1200 141
1373 158
853 1423 830 464
1107 1460 651
1299 921 434 178 1310
170 283 1325 387
1129 7 1412 1195 53
1124 947
586 1533 1362
508 79 1510 52 474
727 870 184 400
94 1186 1446 1236 414 1512 1436
815 938 466 1271
836 1190 380 613
1467 891 702
19 1317
745 319 911
1107 336 652 1141
938 1541 999
1186 1024 1236 244 1512 1436
973 1144 961 568 1522 491
924 1257 388 415 1224
1359 1160 900 1083
224 1039 1162 24 1505
426 715 150
623 386
54 1169 1163
1420 374
812 728 1421 918
549 925 209 293 798
517 361 161 1459 450
1096 1077 321 594 1342 617
956 1278 640 1338 669 1455
1186 1236 414
1050 513 1200
1227 1424
1315 932 106
1451 1495 808 515 220 365
78 1296 150
117 1296 1113 1319
11 1542 870 1313
266 1304
1018 1538
1189 67 434 157
1523 1373 1073 1423 431 863
94 1186 1446 404 1236 237 287 1340 1436
163 146 706
264 1373 104 1306 1512
969 1325 1468 1291 653 143 1352 682
1060 411 1054 800 844
883 434
484 91
403 1089 474
71 1180
990 957 185
806 67 465 151 1199 157 408
858 1368 625 615
634 85 746 1216 1326
11 1140 1097
1189 1143 157 465 108 434 323 408 1199
789 1039 1538 436
1373 773 481 620 1096 321 594 327
354 680 1269
1299 912 1228
867 668 75 512
766 756 743 1505
1175 1464 499
189 1537 178
245 888 1323 507
306 352 545 1061 295 462
1189 806 67 465 810 108 434 1143 157
78 94 367
1232 554 1436
789 1538 436 956
193 393
806 67 151 1084 1199 408
1037 1213
481 620 664 321
59 1234 824 82 275
806 67 465 810 108 1084 1143
1194 868 325 862 80
1402 1352 1497
300 550 466 1432
59 63 229
169 286 1184 1401 186 980
412 529
1047 889 410
1397 902 642
841 724 741 454
1059 117 1209 759
312 69 1464 1554 944
953 520 1163
542 569
94 1186 1024 1236 237 287 244 1340 271
9 319 911 922
690 1499 191 1
67 465 108 1084 1199 157
1336 1481 1292 23
1081 1054 1431 383
271 1024 1446 1236 237 404 287 244 414 1436
1445 26
223 1111
1426 407 1093 390 478 382
962 1133 1511 1156 556
545 1188 1150
672 1155
729 1085 523 53
344 637
1182 1498
773 1056 1499 1050 796 840
973 557 68 390 1156 1522
1536 920 1174 1470
806 67 465 434 1199 157 323
1189 806 465 151 434 323
279 1521 153 408 1461
481 1096 1077 594 1342
117 1292 637
332 742 222 259
1524 416
1536 1353 394 704
1212 523
1277 189 1527 468
845 358
1199 67 810 108 434 408 1084 1143
1406 1556 464 1310
1019 464
976 466 1292 470 637
94 1186 1446 404 287 244 1512 271
1024 404 237 244 271
1189 806 67 465 810 108 1084 323
149 592
1159 856 677
705 1354 189 395
1239 1499 925
306 1392 83 606 183 722
1375 603
33 1169
1189 806 1199 67 157 108 323 408 1084
1186 1024 1446 1236 237 404 287 414 1512 271
363 346 490 1099
865 725 443 659
918 308
944 458
745 752 901 242
544 705 255 395
812 369 1418 1368
1544 242 485 1295 941 1461
1366 1289 946 1246 823
371 591
1467 752 1424
1189 1328 906
560 94 930 631
1415 344 233
551 1516 1427 384 1150 1206
152 1301 691 1043 662 1361 1477
790 274 147 1083
1143 157 67 810 151 323 408 1199
875 103
218 1400 728 1171 1427 1543
774 404 337
1542 217 1365
55 1353 255 964
837 155 1253 244
906 423
852 696 490 419
1288 460
391 1300 1333 248
806 67 465 151 108 434 1199 1143 323
1282 1066 1488 1348
1428 602
1532
1331 1493 372 1310
806 108 434 323 157
1189 810 151 1199
1160 1443 444 1493
1226 743 1505
1186 1024 404 1236 244 1512 1436
667 1442
1373 481 620 594 327 1342 617
396 1344 739 423
775 238
549 876 27 339
560 1026 887 1475
1024 1446 1236 237 244 271
224 313 1322 1505
1190 1373 607 797 720 408
377 793 282 677 1463
1189 806 323 67 810 434 408 1199 1143
1067 1499 468
583 21 431 74
1263 724 1333 491
624 691 121 314 803
1491 725 322
296 36 496 14
1542 727 217 1399
806 465 810 151 108 323 157 408
267 1205 577
1312 87 37
1420 837
1060 883 58 810 24
1375 1409 676
492 702
1373 407 1283
199 76 132 153
510 1113 997 421
1106 1527 464
777 1180 1293
10 209 919
879 30 756
753 443 1402 1448
694 1297 199 338
105 788 311 118
1104 1536 1180
794 255 1480
94 1186 1446 1236 414 1512
94 1446 414 244 1340 1436
583 837 814 824 733 284 1340
264 1512
213 945 434
1046 1123 1516 863 1323 281
1189 67 465 810 108 1084 1143 157
41 923 1177
1183 1160
191 108 860
91 141
173 1365
94 1024 1236 237 414 244 1512
666 83 1244 1475 387 608
94 1186 1446 237 287 414 1340 1512 1436
626 330 27 1406 131 1472
81 203 503 536
913 784 1389 1057
997 1374 741 658
831 1103 814 488 538 960
377 381 826 1303 487 321 1070 570
276 763 187
926 476 1148 539 826 266
926 560 94 930 631 993 637
1373 1096 620 664 321 617
1043 1347
691 912 452
379 1328
511 748 898 449 782 1121
94 1186 237 414 1340 271
822 54 430 832
729 883 512 80
224 427 550 1259 1459
391 108 371
488 677
316 200 140 645
794 501 351 255
1081 310 543 1368 765
1212 1372 1089 430
694 1443 1200 118
1326 634 85 1399 823
279 652 885 1521 153
306 500 1382 417
154 331 940 187
117 1126 643
279 1337 1148 1088 512
391 887 131 591
271 1446 1236 237 287 414 244 1436
1532 207 717 1389
1015 915 356
574 953 391 1556 1036
27 593 1402 1448
513 530 1066 600 963
1198 149
870 693 184
336 1395 763 357 1505
800
154 81 397 946
916 1026
581 105 404 554 437 454
968 1322 512 269
465 810 151 108 434 1084 1143 323
1081 310 543 1368 1119
599 117 1419 1044 992
290 386
330 1095 270 1272
469 293 459
1536 897 959 726
709
279 1337 1088 1464
545 1168 662
493 476 563 1035 613
1189 806 810 151 1084 1199 157
883 1332 240
304 204 331 940 187
775 1264 532 1231 1281 1407
1542 467 1286
21 837 814 284 74 1340
11 1140 1473
1189 806 67 810 151 108 434 1084 1199
626 330 27 1406 1472
728 668 918 1494
271 94 1186 1236 237 287 244 1340 1512 1436
1372 767 1399
970 1174 125 275
966 97 330 267 906 1155 1072
54 153
191 444 727
773 1096 1077 664 321
1533 501 1150
1508 1438 1388 1538
402 978 1483 1011 941
1071 882 12
47 1456 946 879 1162
938 466 1271
1411 352 1218
56 52
970 565 1141
1098 803 736
1434 352 662
1223 873 1323
94 1024 404 1236 237 287 244 1340
431 814 74
969 563
620 327 617
1122 719
913 989 334 750 933
1494 1521 80
976 622
271 1186 1236 287 414 244 1340 1436
813 254 957
83 545 1475 387
1189 67 465 810 151 108 408 1143 157
67 444 554 1286
1485 304 254 807 963
639 723
1251 88 205
1145 579 1361
271 1186 237 287 414 1340 1512 1436
441 784 468
1446 404 1236 237 287 1340 1512 271
1466 251 683
973 557 68 1156 1522
476 563 1035 1179 925
117 506 965
1242 94 38 287 787
923 1366 274 1217
229 921 1377 1154
1257 1346 1057 1450 980
1457 705 1530
1385 1096 97 796
931 1286
1189 806 323 67 465 108 434 408 1199 1143
379 612 1151 834
1136 1086 304 999
1341 1152
1526 311 917 295
350 234
1392 1236 1226 1475 417 138
77 909 1475
1446 237 414 1340 1512
1236 1229 1389
836 1190 1223 380 1152 613
1123 757 48
363 336 236
599 482 1497 499
785 808 648 419
369 1061
1182 302 629 1338
352 418 1544 628
92 918 631 1417
973 557 390
815 1398 459
95 105 788 311
1005 651
432 865 1524 1408 1075
1101 825 225
289 745 1132
1068 1268 864
667 1272 584
119 202 458
404 287 414 244 1436
1189 806 810 1199 1143
1460 1439 1177
915 217 246 932
1428 602 1191 941 685 569
378 322
1396 1373 797
209 376
1189 323 810 151 108 408 1199 1143
136 1538 984 918 862
813 1412 424 1389 736
545 634 1121 295
1447 598
1186 1024 1446 1236 237 287 244 271
117 1209
323 67 151 108 434 408 1084 1143
1002 1358 460
484 650 161 1526
68 217 1116 118
624 691 1479 314
848 266 349 156 100
1544 1527
329 219 1480
697 1419 1446 1319 730
290 882 394 893 716 776
865 422 892 416
1189 108 434 1084 1199 157
1189 806 465 810 151 108 323
68 717
710 439
1124 947 88 205
1186 287 244
1068 1511 648 419
753 593 227 1402
10 1362 1352
175 391 371
502 659 1224 1441
1199 465 151 108 323 1084 1143
359 1495 365 270
1364 1069 1169 1435 1291
833 893 24 1339 1210 257
1447 472 1531 1281
56 1324 1164
94 237 414 1340 1436
1291 1041 1417
806 67 465 108 434 1084 157 323
1411 1149 190 556
839 190 357
647 1063 214
831 1103 488 538 960 954
94 1186 1446 404 1236 237 414 1340 1512 271
1024 404 287 244 1340
1063 1406
1430 1241 209 885 448
67 810 434 323 1143
1532 1210
94 1186 1024 1446 1236 237 414 244 1340 1436
1493 301 164
241 1217 861 424
1194 241 8 1450 751
1299 689 357
1426 528 1093 390 478
1386 504 1442 311 860
973 1260 341 24 1210
289 508 1464
1343 68 1089 1
952 1158 965 1514
333 1059 749
931 355 1281
1486 876 1263 1163
1023 917 857 218
732 1285 1435 776 992
926 240 311
987 1447 442 338 226
521 548 371 421 275
1373 1096 620 1077 321 594 327 617
282 155 677 1463
770
1263 287
937 1364 355 1120 958
621 311 1270
831 219 1220
508 1383 1356 1207 751
551 751
26 1151
806 67 151 108 434 157
839 290 473 430 906
1029 170 519 1472
785 808 1511
504 1153
1041 669 702
297 813 170 1169 1139
1186 1024 1446 404 237 287 1340
484 1264 1277 1527 468 1287
558 1164 115
94 1446 404 1236 414 244 1340 1512 271
271 94 1186 1446 1236 287 1436
697 1419 1446 1069 1319 730
1508 898 276 293 422 416
1246 1230
1190 720 408
1124 11 1473 454
54 1062 1050 1233
1109 304 1252
1354 189 1537 255
271 94 404 1236 414 1340 1512 1436
789 1426 727 184 556 57 1365
1426 1542 217 1365 1170
152 1107 1460 408
1528 1291 1390 1041 1417
666 83 545 608
224 427 1103 1259
1159 921 1537 1154 416 1048
99 26 1261 342
1189 806 157 323 1084 1143
1506 1406 1057
1189 806 810 151 434 1084 157
193 82 1181
312 545 25 1121 951
620 720 270 570
1189 806 151 108 434 1084 1143 1199
1144 701 485
287 131
404 287 414 1340
1189 806 67 810 1084 1199 323
1073 641 1489
352 1388
94 1186 1024 404 1236 237 1340 1436
1045 602 270 569
500 250 999
1186 1446 287 414 1340 1436
1462 909 953 520 1512 1163
1186 1446 404 237 287 244 1340 1512
33 1291
931 549 1037 355 1048 1281
1189 67 465 810 108 434
1328 1465 1228 979
494 1487 827 351 222
1537 1154 1048
361 810 367 1453
322 1177 1514
910 1316 804
793 810 909 1132 250 460
10 780
33 942 743 1525
545 1254 1098 219
833 900 1116
143 653
1398 1341 459
1473 252
1247 1484 625 658 1347
20 1372 1162 1439
484 1277 189 468 1287
147 236 1505
51 533 1353
1186 1446 237 414 244 1512 1436
810 434 1084 1143 408
1024 1446 1236 404 287 244 1512 1436
1029 170 519 1472 109
1062 523 746 1100
631 1130 28 381
1513 1067 1257 1007 198
937 371 1097 571 1220
1469 427 1207
378 168 1414 421 1293
349 1531 439 17
626 1497 499
1444 1261 163 845 356
1544 1161 512 202 751
33 1452 482
1064 1530 249 1347
495 1550 811
1167 312 223 1504 1321
1447 211
1158 193 26 82 1181 792
1301 252 569
1380 438 371
1373 481 1096 664 321 594 617
863 1233 1546 590
326 586 1533
647 603 580 857
94 1186 1446 404 237 414 1340 1512
72 321 558 1374 554 448
64 1273 603
466 1497
434 268 1399
94 1446 237 414 244 1340 271
152 352 545 1427
1536 227 144 726 448
515 564
1189 806 67 465 810 108 323 1143
1493 890 434 1410
438 937 355
1204 1237 268
1124 791 995 1091 1141
1544 941 718
493 1035 613
370 1389
1158 708 66 1008 715
1297 515 358
781 26
329 296 1082 472 1398
820 166
1437 345 205
297 690 873 634 108 800
71 1384 1340
94 1024 1236 287 414 1340 1512
500
969 486 449 1291
1124 947 121 874 205
1428 580
1153 870 1031
449 1557
383 1325
812 1534 1261 818 259
1536 920 1174 1180
33 587 942
862 1422
456 94 685
806 465 151 108 434 323
271 1186 1236 237 287 414 1340 1436
374 331
1397 509 625 615
1118 469 1511 357
289 508 639 1464 395
1197 1202 459
551 1397 1543
418 1521
1029 1383 330 1416 573 1345
951 1450
1426 300 510
1261 319 1521
1373 773 620 1077 1342
824 204 980 148 387
694 994 58 1057 185
1343 894 1033 567 617
928 1360 591 462
1189 806 67 151 434 1199 157
1186 1024 404 1236 414 1340 1436
465 810 108 323 1143 408
271 94 1186 1024 404 1512 1436
1539 495
271 1024 1446 237 244 1512 1436
621 371 1176
1172 1089
1026 1502 580
412 628
1189 806 67 465 810 108 434 1199 323
1068 1501
1451 469 1540
724 1500
1380 1447 442 26 338 592
806 67 810 108 1143
1343 495 1144
1064 1530 339 249
1426 1043 1399 1170
1045 313 695 1554 1049
1189 806 157 810 108 408 1084 1143
835 1451 748 885 1308 226
1373 773 321 594 1342
67 465 810 151 108 1199 1143 323
544 1536 1353 394 1333 1399 178
79 1308 1192 522
1260 378
973 1233
65 1085 36 708 735
300 7 1515 573 423
622 961 1338 1211
456 1359 1005 30 140
681 225 348
49 1320 571
1397 984 285 525
1071
1122 234 696 307
772 782 389 283 393
863 869 1013
1029 1449 563 1179 890 1339 906
231 214
1456 364 934 784 275 1500
70 20 166 1252
1082 677
42 1290
1447 1337 1531 1281
1189 323 465 810 151 434 408 1084 1143
94 1186 1024 404 237 414 244 1340 1512 1436
200 882 776
1240 1406 1489
920 1003
1240 930 1150
473 710 743 373 706
1051 1550 967
1189 151 108 434 1084 157 408
1420 481 288
1199 465 151 108 434 1084 157 1143
406 1012 1521
1307 88 338
620 1330 1174 338 294
1112 1168 686
973 1362
769 203 998 153
946 563
639 606 183 722
271 1446 404 1236 237 287 244 1512 1436
810 151 108 1199 1143 323
65 797
1015 772 196 589
300 550 1432
1373 773 1077 617
1159 583
952 1378
1284 1527
94 1186 1024 1446 1236 287 414 1340 1512
94 1236 237 287 414 244 1340 1512 271
1189 806 157 810 151 108 434 67 408 1084 1199
868 1363
22 1131 925 455 143 992
1193 326 548 1407
1059 283 227 903
806 67 465 151 108 434 1199 323 408
1143 1199 465 323 408 1084
1392 1435 1535
813 1485 1256 71
84 517 1043
1189 1143 1199 67 465 151 323 157 1084
1186 1446 404 287 414 244 1340 1512 1436
1063 603 214
1493 434 1410
786 829 576 143
1189 465 151 1199 408
839 290 7 430
69 1544 1115
1373 1152 903
14 437
1186 1024 287 244 1340 1436
1186 1024 404 1236 287 414 244 1340
1124 791
809 1348
583 733 284 1340
124 916 490
829 1245
766 822 889 606 562
1075 803 459
254 1339 1269
41 910 1016 850
1275 846 1179 803
1521 595 452
853 1107 897 1423 1113
1067 1400 1367 844
1077 888 339 1470 96
123 1421 618 1465 19
93 1063 1358 1208 736
1194 557 940
469 246 1245
926 1039 727 157
1186 1024 1446 404 237 287 244 1340 1512 1436
1446 404 237 287 414 244
51 417
415 419
994 455 678 1537
1148
6 572 591
78 1026 394
8 956
633 612 816
1189 806 465 810 151 1084 1143 1199
481 620 1096 321 594 327
271 94 1024 1446 404 237 287 414 1436
1143 806 157 434 323 408 1084
1147 1214 1301
1189 806 323 67 810 434 408 1199 157
466 612 140 483
1538 263 1521 80
1029 154 1136 81 886 1529
947 1247 852 1280 725
1516 164 734
63 69 1498
839 47 290 639 69 951 1028
668 1217 928
538 637
476 1148 539 826 266
530 1219
879 1285 763 276 869 187
1135 985 519 991 845 569
962 269
355 871 1048 1281
71 1530 1384 1480
67 465 408
1447 1164
947 1222 639 723
271 1024 1446 1236 237 404 287 414 1512 1436
1396 851
1186 404 1236 244 1340 1512 271
1523 1373 1423 863 1080
94 1024 404 287 414 244 1512 1436
313 1538 852 1494 80
1250 574 991 1174
79 1308 395 522
271 404 1236 237 414 1340 1512 1436
748 265 1154 1070
94 1186 404 237 287 414 244 1340 1512 271
1390 144 1269
1552 293 343 1080
833 1133
279 35 1337 1148
943 887
44 753 1120 1556 1402
910 1316 804 428 1293
391 108 131 591
810 178
1446 1292 437
1135 519 991 862
1508 1025
495 832 428 1048
1373 1096 1077
1530 272 1503
900 1083 317 1139
1189 465 810 151 408
1214 365
492 775 1484 238
1411 1384 1155 202 1351
1380 177 1303 704 111
22 459
828 612
189 1318
1525 410 1080 1053
1175 803 503 565
1189 1143 157 67 151 434 323 408 1084
1071 1354 1554 106
1129 1225
350 1232 157
11 1447 1473 311 1347
855 1065
1260 1237 584
370 326 446 26
102
894 911 567
914 1037 898 1043 1187
806 67 465 108 408 1143
1189 810 151 108 1084 1199 157
702 1124 136 918 658 448
326 772
94 1024 404 1236 244 271
329 1161 385 125
1137 288 132
806 67 465 810 434 1084 323 408
94 1236 271
1373 773 1096 620 664 321 617
1189 806 67 465 151 323 1143 157
1118 482 1058 249
890 657 540 646
878 1131 1414 1088
705 1537 178
1069 1115
404 287 1340 1512
493 992
806 810 108 323 1143
1104 833 561 267
271 1186 1024 1446 1236 404 1340 1512 1436
1316 1459
1376 644 542 157
912 436 430 1522 14
789 878 712
656 1276 73
1133 572 283
1504 1394
1553 854 1330 998 311
1024 287 1340 1512
247 1172 1089 767 357
1117 1144 1161
377 677 1463
66 1435
67 465 810 108 1084 1143
1536 1086 250
456 44 139 1192 582
1190 454
1437 351 205 255
1189 151 434 1199
94 1186 1446 404 237 414 244 1512 1436
1189 806 108 434 408 1143
1324 267 282 546 1028 386
1443 444 1493
856 879 1511 452
273
879 1285 763
1012 1196 1439
306 726 756
966 97 330 906 1155 1072
1227 1110 1050 727 1216
1397 509 126 858 1368 615
271 1446 287 414 244 1436
1240 701 468
1428 490 30
210 226 1435 963
953 1306 1036
1186 1236 287 414 244 1340 1512 271
881 1403 322
925 1208 1408
987 1453 1116
1212 83 1458 1304
1440 1051 1484 342 452
520 1512
789 18 760 251 1459
445 1233 12 1387
1233 587
1024 1446 404 237 414 271
208 907 1510 1427
879 276 187
323 67 810 434 408 1199 1143
1167 508
1029 1449 563 1339 613
94 1186 1024 237 287 414 244 1340 1512
1456 1106 1406 1527
544 1093 727
574 1450
1124 121 874 205
1189 806 67 465 810 1084 408
528 728 1493 1310
878 888 772 389
861 418 89 322 1503
545 828 568 1028
377 333 1469 810
247 989
987 265 621 1270 421
947 473 533
154 737 1546 1192
843 427
1282 1032 1199
1189 465 810 151 434 1084 157
1029 573 74
907 1510 707
1449 484 317
1014 1134 631 221
626 497
94 1446 237 287 414 1512 271
352 1039 912
299 1154 459
117 470
1171 129 1333
306 1392 606 183 722
1328 606 979
551 1516 1427 1150
774 1406 347 751
494 1437 345 827 351 205
427 504 1103 1459
1359 529 40
94 1024 1446 404 287 414 1340 271
1046 493 210 580
793 810 760 1132 460
861 418 1547 1530 89 1503
94 1446 404 1236 287 1024 237 414 244 1512 1436
9 149 1031 1210 627
723 1355 606 1228 1465 640
271 94 1446 237 287 244 1340 1436
434 917 295
831 1534 442 671 1091
1509 1292
852 565
243 1418
1420 1440 481 837 1363 288
876 227 393 1269 138
513 634 497 584
769 896
509 126 449 858 1368
1456 275 1500
247 1229 596
1359 484 1160 317
290 1324 282 546 1028
94 1024 404 287 414 244 1340 1512 1436
974 1261 26 1245
1124 947 88
1466 591
1491 60 869 932 569
773 620 664 594 1342
209 1031 376 386
797 1306 1356
675 1374 1347
319 961 1338
333 836 370 283 1558 992
1193 1369
916 490 180 400
1433 1250 1134 1521
728 1171 1044
835 332 1151 255 143
1189 323 67 408 1084 157
1183 1343 894 911 567 1040 617
170 449 932
1189 806 67 810 151 434 1084
785 891 701 1394
1189 806 1143 67 1199 810 434 408 157 1084
812 1205 735
425 848 172 708
1203 267 121 367 903
297 873 634 108
1446 404 1236 237 414 1512 1436
1524 126 182
59 49 486 1224
1430 1353 887 228 787
1373 773 481 1096 1077 664 327 617
848 266 349
522 595 1410
70 259 1176
1236 1213
67 810 151 108 434 157
1093 1050 889 1339 1310
881 1247 1158 282 698
1427 295 462
1193 290 923 1532 1210
1160 767 577 1270
67 465 810 151 408 1143 157
987 1110 261 1453 1116
889
580 857
271 94 1186 404 1236 237 287 244 1436
336 725 9 958
329 385 125 452
1160 124 211 827
601 1549 262 1220 459
1204 1521 568 468
1516 441 214
279 1337 1088 512
773 620 321 594 1342 617
324 879 756 553 1432 596
1373 481 620 1077 321 594
1186 1446 1236 237 287 414
813 577 294 1165
1204 1160
884 1277 235
681 195 571
583 21 837 431 814 824 74
377 926 94 637
694 145 1487
813 1296
1524 1175 505 1291
36 725 625 958
152 352 545 462
323 806 810 151 408 1199 157
900 1006 268 1509 1399
122 1524 1058 416 1318
154 41 1166 257
1442 943 121 288
1024 237 1512 271
1198 1415 1209 166
79 778 322 1165
1202 1418 153 186
1189 806 1143 157 465 810 151 108 434 323 408 1199
870 1369
427 903
1118 814 1324 121 1130 648 1301
1456 902
949 1468 1235 73 1558
926 223 240 360
1024 1446 1236 404 287 414 1340 1436
1422 922 1305 1143 101
72 321 1374 554
610 511
1510 195 744 1327 1347
1212 449 1458 1304 515 337
211 115 57 1340
56 1464 1164
711 1294 772
833 1116
1359 1449 484 1160 1083 317
1396 841 392 1113 548 398
388 378 1254 199
426 986 100
806 465 810 434 323
865 892 716
1221 1144 1214 578
1367 358 462
934 209 485
1499 1408 850
826 710 676 726 1521
547 1363 1130
1118 1324 648 1301
312 378 1161 1321
971 289 378 445 1233 12 1387
851 291 341 844
94 1186 1024 1446 237 287 414
1373 594 617
271 94 1024 1446 1236 287 1436
967 578 1252
289 4 406 508 229 1464 395
788 516 173
544 705 189
94 1186 1024 1236 287 271
1275 1179 803
772 235 262 1072
193 546 309 1271
713 1229 703
488 960
1027 1371 418 85
1056 946 1200
681 1124 648 225 252
279 35 1337
946 513 634 1200
1054 412 1048 1347
396 442 440 1311
94 443 343 980 470
1471 1178
708 66 498 1008 715
1056 946 513 634 1200 584
1189 806 1199 151 108 434 1084 157 1143
260 1495 670 1179 320
876 27 1464 593
1047 49 1320
1235 449 482 499
333 1129 1408 726 337
420 1262 1345
1203 548 564 278
853 1313
1234 229 951 386
925 563 1035 1179 613
1385 314 703
473 1511 452
926 494 1136 614 1180 464
914 654 265 1357
260 154 94 503
839 473 130
806 1548 671
511 594 850
271 94 1446 1236 237 414 244 1340 1436
1449 913 31 187
1344 595 1317
1233 1333 1360
78 1296 1546 150
1002 925
806 465 151 108 1199
1316 513 151
1328 1255 585
281 1461
1189 465 151 1143
36 1205 14 80
813 294 1286
1508 1464 366 62 1441
879 380 763 869 187
306 1392 1354 606
1189 806 67 465 434 1084 323
333 915 1175 1464 1154
1240 1552 98
265 1341 66 376 459
311 660 1463
1544 1161
635 908 1278 891 192
806 67 465 810 151 108 1084 157
950 374
11 344 311 1347
1085 795
755 915
213 1359 30 140
1196 802 726 1379
1506 1056 1356
271 94 1186 1024 404 1340 1436
13 656 446 816
1236 1226 417 138
1081 1098
879 1285 763 380 276 187
967 268 1084 584
379 29 1331 383
1147 377 714 1080
1386 67 504 860
610 899 756
94 1024 404 1236 237 244 1512 271
95 788 1270 118 860
786 829 1408 1112 576 1252
1123 1493 1200 1556 657
495 1317
220 1252 460
320 464
1437 501 351
1186 1024 404 287 1340 1512
105 1218 548 9 1157 421
724 575 479
297 54 846
289 948 1470 792 1514
839 429 1232 1245 357
1339 1368
1345 736 503 259 958
1388 828 1044 1338
898 276
377 560 94 631 993 637
1502 532 89 1551
1125 33 915 603
22 931 1320 1364 1297
1189 67 465 151 108 434 1199 1143 157
312 378 1038 1161 222 23
1148 1022 772 102
1411 1149 190 467
1085 36
1433 1256 108 744
1378 680 742 1352 137
469 1474 253 365 619 1407
67 465 151 108 1199 1143 323
974 502
1312 182 1295 87 625
370 326 1533 1362
766 922 1505
638 1104 1536 1380 1174 1470 1180
94 1446 404 1236 1512 1436
1073 534 756 1143
117 233 1292 470
879 763 703 187
893 410 423
1143 157 67 810 108 434 323 408 1084
1103 510 1113 1346 997 937 421
489 1192 749 100
983 611 1360
750 889 673 1199 683
1443 1117 1144 474
1451 203
94 1024 404 1236 237 244 1436
1376 1077 604
502 15
1380 442 338 226 592
1189 67 465 151 434 323 1143 157
1276 73 677
1007 198
94 1186 1236 237 287 1512 271
91 644 178
333 1159 970 100
709 167 1408 1381
1183 1239 1023 301 1306 457
1479 258 314 121 75
308 165 281
909 366
938 1477 462
1329 74
964 55 1330 1353 448
1122 952 219 602 440 956
402 435
1388 1315 622 1205 735
876 1402 520
326 1282 440 772
276 272 665
1124 1423 11 1140 1097 454
810 151 1199 323
1257 891 968 708 292
1247 605 162
1438 57 1115
345 501 351 255 1480
67 504 1442 311
1203 548 664 887 278
1518 1335 686 160 1314
512 1425
931 228
789 1248 972 1049 373
282 155 677 710 1463
500 1343 1309 733 128 1 257
91 1545 580 996
1446 1213
786 1396 1155
1068 641 662
1392 523 693 24 756
881 1208 1237 365
1198 848 179 149 965
1392 523 1332 24 1365 150
898 1347
443 1298 293 189
924 1234 531 685
1189 806 157 67 323 1199 1143
22 991 121
364 1452
1473 308 928 491
937 525 115
697 984 934 634 1083
306 639 606 183 722
1462 370 446 26 802
404 237 244 1340
1189 1143 157 465 810 434 323 408 1199
83 1129
1288 57 23 1072
1199 806 67 810 108 434 1084 157 1143
362 1359
105 888 1308 765 1048
279 35 1337 512
1189 67 151 408
973 1144 568 491
312 1517 1294 369 1061 562
1186 1024 404 287 244 1340 1512 1436
1491 343 1418 322
876 720
43 60 1058
502 1118 552 968
910 1399 1410
5 926
508 4 406 1464
1189 67 465 151 1084 1143 323
1506 1406 1057 1356
1251 209 1031 376 619 270
540 646
599 449 149 482 1497 499
341 142 454
785 1367 358 269
157 67 465 810 108 434 408 1199 1143
865 443 189 659 1021
1136 81 946
1024 1550 1390 48
1236 953 1390
1513 531 458
777 1503 800 844
1189 401 251
1397 126 449 858 1368 625 615
1102 122 1524 848 1058 416
794 351 205 255
937 1157 292 115
94 1024 1446 1236 404 287 244 1512
602 719
1196 726 1379
343 615
705 1537 255 395
456 50 1005 30 140
271 94 1186 1024 1446 237 287 1340 1512 1436
1528 1155 202 1028
425 848 172 708 382 1417
1149 933 1459
1260 334
432 415
78 1026 1296 394 943 1313
1235 613
931 871 1048 1281
712 1528 1384 1155 1351
891 1097 421 109
1046 1412 863 1323 447 281
1232 706
1189 810 1084 157 323
549 865 1471
1440 115 625
1533 1050 270
575 132
558 1374 1291 554
1102 1129 413 1002 380 496
290 1421
193 276 82
1257 1378 808 132 385 342
208 1260 1510 451
1385 1096 796 160 819
687 809 337
328 245 135 1493
1454 479
1018 1538 69 142 1288 1305 386
1373 773 1096 664 321 594 327 1342 617
469 253 1407
1373 1077 321 617
933 1089
1093 1309 1188
1245 303 340
326 266 772 1311
1186 287 414 1436
513 879 902
245 1087 218
896 985
24 1365
94 404 1236 414 244 1340 271
1486 876 244 1163
1223 1007 1217 8 963
495 1550 1300 811 568 1317
532 1192 749
328 68 1466 251
69 752 585 159 1407
361 1337 303 1384 1230
271 94 1446 237 287 414 244 1436
324 1538 1416 1545
1043 1477 1361
777 355 235 771
21 837 824 733 74
407 774 1056 1499
1555 676 576 1219
897 88 1273 957 321
49 271
9 1554 751
67 465 434 1199 1143 408
94 1186 1446 404 287 1436
231 547 1096 304 1286
728 668 179
83 426 90 383
1493 1243
969 1468 1291 143 1325 653
34 377 194 40
511 827
406 1149 1452 1425 1326
10 1402
834 119 458 202
597 514 1203 1103 1230
44 127 1436
307 579
224
843 184
773 481 1077 664 321 594 327 1342 617
1439 958
61 300 117 1093 138
755 1458
323 806 67 465 108 408 1084 157
324 30 553 596
326 772 440 1311
867 401 728 451
30 580 646
1548 672 1271 1348
1359 1405 529 423
841 1081 425 259
268 1317
78 150 1026 394 1546 1313
790 1316
1375 422 73 189
29 1544 246 1521 556
647 530 564 1389
1517 219 115 714 419
833 1532 90 323 1505
425 172 382 642
1462 187
328 938 151 1410
1358 742 460
935 1538 69 142 386
705 622 961 1338 1211
1186 1024 1446 1236 237 287 414 244 271
579 1361
1462 326 446
1189 67 465 151 108 323 1143
881 1158 282 958
583 21 824 284 1340
333 822
1396 1386 1186
822 1012 30 273
1257 1378 1118 1407
420 436 869 979
56 1148 699
1423 1113 464 1313
147 236
65 174 115 57
947 1469 1502 660
1446 237 287 1340 1436
67 465 151 108 408 157
32 847 824 1351
426 183
946 131 127 520 1036
806 67 810 151 108 434 1199 1143 157
1189 67 465 108 434 1084 408
1397 737 954
1444 1276 1224 48
1500 375 219 308 1163
502 1407
473 1345
378 168 421 844 1293
1467 1504 419
696 900 1559 467 1409 1116
49 1064 1530 249 1187
694 1297 338
908 914 654 265
952 563
1437 345 255 1480
380 1389 570
1162 1472
378 438 788
1103 997 421
1189 806 465 1084 323
861 1404 89
71 616 1292
1019 67 726 1292
1186 1024 1446 287 1340 1512 271
1239 983 163 556
1203 548 564
549 1037 871 1281
926 94 930 631
235 1521 568
1134 1072
1279 430 796 1472 819
1162 380 1505
266 189
1234 69 824
1120 138
484 900 1083
