260 493 990 194 578 842 424 73 522
493 33 990 194 578 198 424 527 522
990 842 198 424 527 73
260 493 33 990 73 198 522
953
402 990 194 578 73 424 527 522
260 402 493 578 198 424 842 527 522
260 402 33 990 194 842 198 527 522
260 33 990 578 198 424 842 527 73 522
493 33 990 194 578 198 424 842
402 33 990 194 73 424 527
260 402 990 578 198 424 73
402 33 990 194 578 198 424 842 73
33 990 73 198 424 527
260 33 990 842 198 73 522
493 33 990 842 198 527 73 522
493 990 194 578 198 842 527 73 522
493 33 990 578 198 424 842 527 73 522
402 194 578 198 424 842 527 73 522
260 402 33 990 424 522 493 194 842 198 527
260 493 33 194 73 424 522
260 402 493 33 990 194 73 198 522
260 402 194 578 842 424 527 73 522
260 402 493 990 842 198 527 73 522
260 493 990 194 578 198 424 842 73 522
493 33 578 842 424 527 73
493 33 990 194 73 424 527
260 402 493 33 990 194 842 424 527
260 33 990 194 578 842 424 527 522
260 33 990 424 522 194 578 198 842 527 73
260 402 33 424 522 194 578 198 842 527 73
