39 49 33
605
49 273 40
385
272 226
1328 39 40
39 42 37
226 40
535 40
272 42 40
33 825
2239 42 40
79 49
49 33 2239 40
40 450
50 49
2136 40
49 2959 40
49 10491 40
49 10 40
339 40
49 2116 40
49 66 40
39 49 37 40
2187
2239 40 271
49 151
39 49 111 40
2525
33 2239 40
49 33 476 40
49 20
151
476 42
162
49 414
49 3905 40
33 476 40
49 256
49 33 16011
202 40
10491
42 40
49 341 40
79 40
39 49 271
549 40
49 2136
39 49 171
272 271
49 16011 42
39 3905
39 372 40
1147 49 40
42 111
49 3271 40
42 226
16432 49 16431
33 16011 16012
49 682
39 49 80 40
49 534
791 40
39 14099
49 226
1394
49 572 40
39 311
49 1136 40
49 1678
33 784 40
49 439
118 40
39 49 42
1240 40
1114 40
39 49 38 40
39 49 272 40
1147 49 33
49 66 42 40
49 33 272 40
49 1199 40
49 571
33 37 40
1992 40
171 42 40
42 148 40
