49 439 40
33 37
209 42 40
49 272 42 271
1097
49 33 311 40
33 414
2076
272 40 271
49 14099
49 42 80
272 226 271
704
49 250 40
49 262 40
49 791 40
49 148 40
49 272 42 40 271
40 1579
856 40
49 77 40
1122 49 40
39 42
49 33 111 40
238 40
49 676 40
536
39 49 37 40
980
1394 40
39 49 171 33
49 238 40
272 271
39 49 287 40
49 33 476
39 42 111
49 287
49 414
49 311 42 40
49 31 40
49 476 42
49 2959 40
49 259
582
49 15833 42 40
33 15833
40 450
33 102
1482 40
49 866 40
42 186 40
118 40
39 38 40
49 42 37
49 81 40
49 37 40
49 42 148 40
3760 40
33 1199
1104 49 40
61 33 40
49 90 42
49 450
33 90
678
593
39 38 42 40
2226
33 439
33 148
39 49 66 40
66 42
49 42 102
39 226
49 16011 40
866
