49 42 226 40
705 40
1716
1136 40
42 186
49 421 40
39 3905
825 42
33 271
66
832
49 784
49 272
49 302 40
272 226 271
39 287
49 572
49 489 40
49 735 40
39 49 42 111 40
49 341
42 40
49 33 37
39 311
39 49 171 42 40
39 49 42 40
39 49 40 271
176 40
49 42 37
49 256
33 259 40
261
42 238
49 42 102
49 832
476 42
40 271
39 42 37 40
42 439 40
49 550 40
49 2354
259
49 249
49 111 40
2384 40
49 1394
12960
49 42 80 40
39 40 271
16431
39 49 791
49 16011 16012
49 42 439 40
39 49 38
49 678
49 66
49 2959 40
33 80 40
49 33 148
49 40 271
273
37
49 108
1147 49 40
875
