49 42 102
1047 33
90
16432 16431 40
49 171 33 40
49 42 111 40
2239 272
1974 40
39 49 42 40
49 843
590 40
49 311 42
61 33
49 40 450
49 14934 40
42 439 40
33 16011
10491
49 102 40
15833
261
39 57 40
49 80
33 90 40
49 40 8979
262
49 12926 40
49 226 40
33 476 40
33 42
39 282
49 421 40
39 49 171
272 42 271
1328 49 40
49 33 238 40
49 678 40
49 1394
39 272 271
1931
49 3271
49 33 148
831
2200 40
39
39 171 37
39 171 42 40
33 1199
49 272 40
15833 42 40
10552 40
238
650
695 40
49 385
12960
825
49 590
341
49 2136 40
39 33 40
790 49 40
311 238
49 171 42
33 238
49 90 40
42 37
49 2242
61
171 37
571 40
49 33 186
39 49 287 40
12474
49 813
49 1136
49 33 271
704 40
49 1931 40
847
1104 40
2776 40
39 272
49 108 40
2776
272 226 271
49 2052
15619 40
250 40
49 179
406 49 40
42 238 40
1601
66 42
2052 40
49 20
33 37
49 2239 226
49 980 40
39 171 238 40
49 491
39 791 42
49 33 259
16432 16431
15619 49
148 40
49 10
49 476 42
