13 49
49 784 40
49 42 148 40
3905
791 42
49 33 66
1974 40
33 148
39 171 33 40
1011 40
49 186
49 298 40
372 40
49 10491 40
549 40
171 37 40
39 171 111
39 49 372
42 259
33 784
605 40
49 80 40
201
49 90
49 33 256 40
49 33 40 271
49 825
9556 40
523
171 42
1136 40
148
39 42 37 40
49 928
1815 42
1678
831
49 272 42 40 271
341
2239 226
33 90 40
49 108
40 1579
49 40 2169
49 40 1579
39 66 40
841
2187
81
2242 40
39 49 33 37
39 49 33 40
49 77
1328 40
49 108 40
33 272 40
49 33 226
439
979 40
298
385 40
49 202 40
15833 42 40
49 2242 40
3775
33 16011 40
49 33 272
421 40
39 37 40
49 572
49 33 40
49 571
571 40
33 111
39 49 3905 40
2239 40
1147 40
4699
49 16011 42 40
49 12926
1011
15619 49
49 16011 42 16012
49 1199
49 42 111
49 20
259
111 40
33 37
49 33 272 40
790 40
49 33 476 40
49 1394
49 1136
2352
39 38 40
33 40
825 42
