56 63 45 2 38 36 24 42 120 100:3.4217587e7
114 94 90 24 63 2 97 36 42 120 100:3.4510257e7
94 63 2 36 38 90 24 42 120 100:3.3651858e7
114 94 24 63 45 2 38 36 42 120 100:3.5584705e7
56 94 63 2 36 38 90 24 42 120:3.4054433e7
56 94 90 24 63 45 2 38 97 36 42 120:3.7344561e7
114 94 90 63 45 2 38 97 36 42 120:3.3629877e7
56 114 24 63 45 2 38 97 36 120 100:3.3467709e7
56 94 63 45 2 38 36 24 42 120:3.4555974e7
56 114 94 90 63 45 2 38 97 36 42 120 100:3.78505e7
56 114 63 45 2 38 36 24 42 120:3.4714956e7
94 67 97 38 36 104 90:3.3901664e7
56 114 63 2 36 38 90 24 42 120:3.4213415e7
29 94 110 90 24 66 102 57 70 41 2 97 38 36:3.5185285e7
114 94 90 24 63 2 36 38 42 120 100:3.576896e7
94 67 97 38 36 90:3.4423446e7
94 67 36 88:3.3967486e7
56 114 90 24 45 2 38 36 42 120 100:3.4371178e7
56 114 94 90 24 63 2 36 38 42 120 100:3.7719792e7
56 114 94 90 24 45 2 38 97 36 42 120 100:3.7061683e7
114 90 24 63 2 97 38 36 42 120 100:3.4590203e7
56 114 94 90 24 63 45 97 38 36 120 100:3.4293282e7
56 24 63 45 2 38 97 36 42 120 100:3.498571e7
114 94 24 63 45 2 38 97 36 42 120:3.4768833e7
56 114 94 90 24 63 45 97 38 36 42 120:3.6308652e7
56 94 90 63 45 2 97 36 42 120 100:3.3765691e7
56 114 94 63 45 2 97 36 42 120 100:3.3826591e7
114 63 2 36 38 94 24 42 120 100:3.3708104e7
56 114 94 24 63 45 2 38 36 120 100:3.4621968e7
56 114 90 24 63 45 2 38 97 36 42 120:3.7503543e7
94 2 36 38 90 24 120:3.3844753e7
56 114 94 90 24 63 45 2 38 42 120 100:3.6369877e7
56 114 24 63 45 2 38 97 36 42 120:3.5483079e7
56 94 63 2 36 90 24 42 120 100:3.3634983e7
56 94 90 24 63 45 2 38 97 42 120 100:3.5056636e7
56 114 94 90 24 63 97 38 36 42 120 100:3.5370642e7
56 114 94 90 24 45 2 38 97 36 120 100:3.3462318e7
56 114 90 24 63 45 2 97 36 42 120 100:3.7084093e7
114 94 90 24 63 45 2 38 97 36 42 120:3.6789297e7
56 114 94 90 24 45 2 97 36 42 120 100:3.5058238e7
56 114 90 24 63 45 2 38 36 42 120 100:3.8319415e7
114 94 90 24 63 45 2 38 42 120 100:3.3733249e7
56 90 24 63 45 97 38 36 42 120 100:3.3888901e7
56 114 94 90 24 63 45 2 38 97 36 120 100:3.7410555e7
56 114 90 24 63 2 36 38 42 120 100:3.579741e7
56 114 90 24 63 45 2 38 97 36 120 100:3.5488173e7
56 94 90 24 63 45 97 38 36 42 120:3.4227288e7
56 114 94 24 63 45 2 38 97 36 120 100:3.5390091e7
36 88 90:3.4416052e7
94 97 88 36 90:3.7330455e7
56 114 63 45 2 36 94 90 42 120:3.3494937e7
56 94 90 24 63 2 36 38 42 120 100:3.5638428e7
94 36 38 90 120:3.803653e7
29 110 90 24 66 102 57 70 41 2 97 38 36:3.3806413e7
56 114 94 90 45 2 38 97 36 42 120 100:3.3902263e7
114 63 45 2 38 36 24 42 120 100:3.3662323e7
56 114 94 90 24 2 97 38 36 42 120 100:3.4539678e7
94 67 36 88 90:3.8029366e7
29 94 110 90 24 66 102 57 70 41 2 36 38:3.4603624e7
114 94 90 24 63 45 97 38 36 42 120:3.3672024e7
29 55 110 94 90 24 66 102 57 70 41 2 36:3.410909e7
114 90 24 63 45 2 97 36 42 120 100:3.4447465e7
56 94 90 24 63 45 2 36 42 120 100:3.6156988e7
94 90 24 63 45 2 38 97 36 42 120 100:3.6291928e7
56 114 94 90 24 63 45 36 38 42 120 100:3.7124524e7
56 114 94 24 63 45 2 38 97 36 42 120 100:3.8989456e7
56 114 94 90 24 63 45 2 38 97 36 120:3.582656e7
56 94 90 63 45 2 38 36 42 120 100:3.5001013e7
56 114 90 63 45 2 97 36 42 120 100:3.3924673e7
114 94 90 24 63 45 2 97 36 42 120 100:3.6369847e7
114 63 45 2 38 36 94 24 42 120:3.400071e7
36 38 90 120:3.390625e7
56 114 63 45 2 97 36 24 42 120:3.3479634e7
56 114 94 90 24 63 45 2 97 42 120:3.355056e7
56 114 94 90 24 63 45 2 36 120 100:3.4638987e7
29 55 110 94 24 66 102 57 70 41 2 36 38:3.4059996e7
94 67 36 38 90:3.5131492e7
56 114 94 90 63 45 2 38 97 36 42 120:3.6266505e7
56 114 94 90 63 45 97 38 36 42 120 100:3.4733227e7
56 114 90 24 63 45 97 38 36 42 120:3.438627e7
94 36 38 90:3.7573587e7
56 114 90 24 63 45 36 38 42 120 100:3.5202142e7
56 114 94 24 63 45 2 38 36 42 120:3.6637338e7
56 114 94 24 45 2 38 36 42 120 100:3.4273096e7
56 114 24 63 45 2 38 36 42 120 100:3.6298951e7
56 114 94 90 24 63 45 2 38 97 36 42 120:3.9425925e7
94 63 45 2 38 36 24 42 120 100:3.3503341e7
56 94 24 63 45 2 38 36 42 120 100:3.6139969e7
94 90 24 63 45 2 38 97 36 42 120:3.4707933e7
56 114 94 24 45 2 38 97 36 42 120:3.3457224e7
56 94 63 45 2 36 90 24 42 120:3.4572993e7
56 90 24 63 45 2 97 36 42 120 100:3.5002729e7
56 114 63 2 36 94 24 42 120 100:3.3695883e7
56 114 94 90 24 63 45 97 38 36 42 120 100:3.7892647e7
114 94 90 24 63 45 2 38 97 42 120 100:3.4501372e7
56 94 90 24 63 45 2 38 97 36 120:3.3745196e7
114 94 90 24 63 45 2 38 36 120 100:3.4005804e7
114 63 45 2 36 90 24 42 120 100:3.3679342e7
56 114 90 24 63 2 97 36 42 120 100:3.4562088e7
56 114 94 24 63 45 2 38 42 120 100:3.4349413e7
56 114 94 90 63 45 2 97 36 42 120 100:3.5847055e7
56 114 94 90 24 45 2 38 97 36 42 120:3.5477688e7
56 94 90 24 63 2 97 38 36 42 120:3.4822556e7
67 36 88 90:3.4284988e7
56 114 94 90 24 63 45 2 36 42 120:3.6654357e7
114 94 90 24 63 45 36 38 42 120 100:3.4487896e7
94 2 97 38 36 90 120:3.3883761e7
29 94 110 90 24 66 102 57 70 41 2 97 36:3.3696891e7
56 94 90 24 63 45 2 38 42 120 100:3.4288513e7
56 114 94 24 63 45 2 97 36 42 120 100:3.6986011e7
114 94 90 63 45 2 38 36 42 120 100:3.4445749e7
56 114 94 24 63 45 2 38 97 42 120 100:3.5117536e7
90 24 63 45 2 38 97 36 42 120 100:3.4369546e7
56 114 94 90 24 63 45 36 38 42 120:3.5540529e7
114 94 24 63 45 2 97 36 42 120 100:3.4349383e7
56 94 90 24 45 2 38 97 36 42 120 100:3.4980319e7
56 114 94 90 24 45 97 38 36 42 120 100:3.394441e7
29 55 110 94 90 24 66 102 57 70 2 97 38 36:3.5117445e7
56 114 94 24 63 45 2 38 97 36 42 120:3.7405461e7
56 114 94 24 63 2 97 36 42 120 100:3.4464006e7
56 114 24 63 45 2 38 97 36 42 120 100:3.7067074e7
56 63 45 2 36 90 24 42 120 100:3.4234606e7
29 55 110 94 24 66 102 57 70 41 2 97 38 36:3.4641657e7
56 114 90 24 63 2 97 38 36 42 120 100:3.6565533e7
56 114 94 90 24 63 45 97 36 42 120 100:3.5889202e7
94 97 36 90 120:3.6630894e7
56 114 90 63 45 2 38 97 36 42 120 100:3.5928118e7
94 36 88:3.399253e7
56 114 94 90 24 45 2 36 42 120 100:3.4290115e7
56 114 90 24 63 45 2 38 42 120 100:3.4447495e7
94 36 90:3.7087308e7
56 114 63 45 2 38 97 36 42 120 100:3.3907654e7
56 94 90 24 63 45 2 38 36 42 120 100:3.8160433e7
114 24 63 45 2 38 97 36 42 120 100:3.4430446e7
114 94 90 24 63 2 97 38 36 42 120 100:3.6550205e7
56 94 90 24 63 45 2 38 97 36 42 120 100:3.8928556e7
56 114 94 90 24 63 45 2 38 36 42 120:3.8657802e7
56 114 94 90 24 45 2 38 36 42 120 100:3.629356e7
56 114 94 90 24 45 2 38 36 42 120:3.4709565e7
56 94 24 63 45 2 38 97 36 42 120:3.5324097e7
56 94 90 24 63 45 2 97 36 42 120:3.5341116e7
56 114 94 90 24 63 2 36 42 120 100:3.5716347e7
56 114 94 90 24 63 45 2 38 97 36 42 120 100:4.100992e7
56 114 94 90 24 63 45 2 38 36 120 100:3.6642432e7
56 114 94 90 24 45 2 97 36 42 120:3.3474243e7
29 55 110 94 90 24 66 102 57 70 41 97 38 36:3.393268e7
56 94 90 24 63 45 2 38 36 42 120:3.6576438e7
94 67 97 36 90:3.5566943e7
56 94 24 63 2 97 38 36 42 120 100:3.4386087e7
56 114 94 90 24 63 2 97 36 42 120 100:3.648447e7
56 94 90 24 63 45 36 38 42 120 100:3.504316e7
56 114 90 24 63 45 2 36 42 120 100:3.631597e7
56 114 94 90 24 63 45 2 97 36 42 120 100:3.9006475e7
114 94 90 24 63 45 97 38 36 42 120 100:3.5256019e7
94 36 38 120:3.363769e7
56 94 90 24 63 45 2 38 97 42 120:3.3472641e7
56 114 94 90 24 63 45 2 97 36 42 120:3.742248e7
56 114 94 90 24 63 45 2 97 36 120:3.3823115e7
56 114 94 90 24 63 45 2 36 42 120 100:3.8238352e7
114 63 2 36 38 94 90 24 42 120:3.4154738e7
56 94 24 63 45 2 97 36 42 120 100:3.4904647e7
29 55 110 94 90 24 66 102 57 70 41 2 97 38 36:3.6179145e7
114 63 45 2 36 94 90 24 42 120:3.4017729e7
114 94 90 24 63 45 2 97 36 42 120:3.4785852e7
56 114 63 45 2 38 36 90 42 120:3.3576e7
29 55 110 90 24 66 102 57 70 2 97 38 36:3.3738573e7
94 90 24 63 45 2 38 36 42 120 100:3.5523805e7
56 114 90 24 63 45 2 38 97 42 120:3.3631623e7
56 114 94 90 24 63 45 2 42 120 100:3.4366432e7
114 94 90 24 63 2 97 38 36 42 120:3.4935983e7
56 114 94 90 24 63 45 2 97 36 120 100:3.540711e7
94 63 45 2 38 36 90 24 42 120:3.393981e7
56 114 90 63 45 2 38 97 36 42 120:3.4344123e7
56 114 90 24 63 45 97 36 42 120 100:3.396682e7
56 94 63 45 36 38 90 24 42 120:3.3459165e7
29 55 110 94 90 66 102 57 70 41 2 97 38 36:3.3893895e7
29 94 110 24 66 102 57 70 41 2 97 38 36:3.3647797e7
94 24 63 45 2 38 97 36 42 120 100:3.4271464e7
56 114 90 24 63 45 2 97 36 42 120:3.5500098e7
56 114 90 24 63 2 97 38 36 42 120:3.4981538e7
56 114 94 90 24 63 36 38 42 120 100:3.4602519e7
56 114 90 24 63 45 2 38 97 36 120:3.3904178e7
56 114 94 90 24 63 97 38 36 42 120:3.3786647e7
114 94 90 24 45 2 38 36 42 120 100:3.3656932e7
56 114 94 90 63 2 36 38 42 120 100:3.4560372e7
56 114 94 90 63 2 97 38 36 42 120 100:3.5328495e7
56 114 90 24 63 45 2 38 36 42 120:3.673542e7
63 45 2 38 36 90 24 42 120 100:3.3601423e7
56 114 63 45 2 36 90 24 42 120:3.4731975e7
55 94 110 90 24 66 102 57 70 41 2 97 38 36:3.3835524e7
56 114 94 90 24 63 45 2 38 36 120:3.5058437e7
56 114 94 24 63 45 2 38 97 36 120:3.3806096e7
97 38 36 90 120:3.4746359e7
114 63 45 2 38 36 90 24 42 120:3.4098792e7
114 94 24 63 45 2 38 97 36 42 120 100:3.6352828e7
56 114 94 24 63 2 97 38 36 42 120 100:3.6467451e7
56 114 94 90 24 63 2 97 36 42 120:3.4900475e7
56 94 90 63 45 2 38 97 36 42 120:3.4185141e7
114 90 24 63 45 2 38 36 42 120 100:3.5682787e7
56 114 94 90 24 63 45 2 38 36 42 120 100:4.0241797e7
56 90 24 63 45 2 38 97 36 42 120:3.5422179e7
114 94 90 24 63 45 2 38 36 42 120:3.6021174e7
56 114 94 24 63 45 97 36 42 120 100:3.3868738e7
56 94 24 63 45 2 38 97 36 42 120 100:3.6908092e7
56 114 94 90 24 63 45 2 38 97 42 120 100:3.7138e7
56 114 24 63 2 97 38 36 42 120 100:3.4545069e7
29 55 110 90 24 66 102 57 70 41 2 97 38 36:3.4800273e7
56 114 94 24 63 45 97 38 36 42 120:3.4288188e7
94 67 36 90:3.6589736e7
56 114 94 90 24 63 45 2 38 97 120 100:3.3538635e7
29 94 110 90 24 66 102 57 70 2 36 38:3.3541924e7
56 63 2 36 38 90 24 42 120 100:3.3716046e7
56 90 24 63 45 2 38 97 36 42 120 100:3.7006174e7
56 114 94 90 63 45 36 38 42 120 100:3.3965104e7
56 114 94 24 63 2 97 38 36 42 120:3.4883456e7
56 114 90 24 45 2 38 97 36 42 120:3.3555306e7
56 114 94 90 24 63 2 97 38 36 42 120 100:3.8487915e7
29 55 110 94 90 24 66 102 57 70 2 97 36:3.3629051e7
56 114 94 24 63 45 2 38 36 42 120 100:3.8221333e7
114 94 24 63 2 97 38 36 42 120 100:3.4489349e7
56 114 63 45 2 38 36 94 42 120:3.3477918e7
29 55 110 94 90 24 66 102 57 70 2 36 38:3.4535784e7
94 67 97 88 36 90:3.565087e7
56 114 94 90 24 63 2 36 38 42 120:3.6135797e7
56 114 90 24 63 45 97 38 36 42 120 100:3.5970265e7
56 114 94 90 24 63 45 97 36 42 120:3.4305207e7
56 114 63 2 36 90 24 42 120 100:3.3793965e7
56 94 90 24 63 45 2 97 36 42 120 100:3.6925111e7
114 90 24 63 45 2 38 97 36 42 120:3.4866915e7
56 114 94 63 45 2 38 36 42 120 100:3.5061913e7
56 114 90 24 63 45 2 38 36 120 100:3.472005e7
29 55 94 90 24 66 102 57 70 41 2 97 38 36:3.3876603e7
56 94 90 63 45 2 38 97 36 42 120 100:3.5769136e7
56 114 94 90 63 45 2 38 97 42 120 100:3.397858e7
56 114 94 90 24 63 2 97 38 36 120 100:3.488855e7
56 114 94 90 63 45 2 38 36 120 100:3.3483012e7
56 114 63 45 36 94 90 24 42 120:3.3537084e7
56 114 94 90 24 2 36 38 42 120 100:3.3771555e7
56 114 90 24 63 45 2 97 36 120 100:3.3484728e7
56 114 63 45 36 38 90 24 42 120:3.3618147e7
114 94 90 24 63 45 2 38 97 36 120 100:3.4773927e7
56 114 24 63 45 2 97 36 42 120 100:3.5063629e7
56 114 94 90 24 63 45 36 42 120 100:3.5121079e7
56 94 90 24 63 2 97 38 36 42 120 100:3.6406551e7
56 114 94 90 63 45 2 97 36 42 120:3.426306e7
94 2 97 38 36 90 24 120:3.4933798e7
56 94 63 45 2 38 97 36 42 120 100:3.3748672e7
56 94 24 63 45 97 38 36 42 120 100:3.3790819e7
56 114 94 24 63 45 2 97 36 42 120:3.5402016e7
94 67 36 38 104 90:3.3640485e7
56 114 94 90 24 63 2 97 38 42 120 100:3.4615995e7
56 90 24 63 45 2 38 36 42 120 100:3.6238051e7
114 63 2 36 94 90 24 42 120 100:3.3729012e7
94 63 45 2 36 90 24 42 120 100:3.352036e7
114 94 90 63 45 2 38 97 36 42 120 100:3.5213872e7
56 114 94 90 63 45 2 36 42 120 100:3.5078932e7
56 114 94 63 45 2 38 97 36 42 120:3.4246041e7
56 94 90 24 63 45 2 38 97 36 120 100:3.5329191e7
56 114 94 90 24 63 45 2 38 42 120:3.4785882e7
29 55 110 94 24 66 102 57 70 2 97 38 36:3.3579957e7
56 114 63 2 36 94 90 24 42 120:3.4132352e7
56 114 90 24 45 2 38 97 36 42 120 100:3.5139301e7
56 94 90 24 63 45 97 38 36 42 120 100:3.5811283e7
94 2 36 38 90 120:3.3544261e7
29 55 110 94 90 24 66 102 57 70 41 2 36 38:3.5597484e7
56 114 94 90 24 63 45 36 38 120 100:3.3525159e7
114 90 24 63 45 2 38 97 36 42 120 100:3.645091e7
56 114 63 45 2 36 94 24 42 120:3.4633893e7
56 114 94 63 45 2 38 97 36 42 120 100:3.5830036e7
94 36 88 90:3.9490594e7
29 55 110 90 24 66 102 57 70 41 2 36 38:3.4218612e7
114 94 90 24 45 2 38 97 36 42 120 100:3.4425055e7
56 114 94 90 24 63 2 97 38 36 42 120:3.690392e7
94 90 24 63 2 97 38 36 42 120 100:3.4433103e7
94 97 38 36 90:3.8481167e7
56 114 94 90 63 2 97 38 36 42 120:3.37445e7
56 114 94 90 63 45 2 38 36 42 120 100:3.7082377e7
56 114 94 24 63 45 97 38 36 42 120 100:3.5872183e7
56 114 94 24 63 2 36 38 42 120 100:3.5699328e7
56 114 94 24 63 45 2 36 42 120 100:3.6217888e7
94 36 90 120:3.5684551e7
56 114 63 2 36 38 94 24 42 120:3.4115333e7
56 94 90 24 63 45 2 38 36 120 100:3.4561068e7
114 94 90 24 63 45 2 38 36 42 120 100:3.7605169e7
56 90 63 45 2 38 97 36 42 120 100:3.3846754e7
56 114 94 90 24 63 45 2 38 97 42 120:3.5554005e7
56 114 94 90 63 45 2 38 97 36 120 100:3.4251135e7
29 55 110 94 90 24 66 102 57 70 41 2 97 36:3.4690751e7
114 63 45 2 36 94 24 42 120 100:3.358126e7
56 114 94 24 45 2 38 97 36 42 120 100:3.5041219e7
56 114 90 24 63 97 38 36 42 120 100:3.344826e7
56 63 45 2 38 36 90 24 42 120:3.4654056e7
29 94 110 90 24 66 102 57 70 2 97 38 36:3.4123585e7
56 94 90 24 63 45 97 36 42 120 100:3.3807838e7
56 114 63 45 2 36 24 42 120 100:3.4295506e7
94 90 24 63 45 2 97 36 42 120 100:3.4288483e7
56 114 94 24 63 45 2 38 97 42 120:3.3533541e7
56 114 90 24 63 45 2 38 97 36 42 120 100:3.9087538e7
114 94 90 24 63 45 2 36 42 120 100:3.5601724e7
56 114 90 63 45 2 38 36 42 120 100:3.5159995e7
94 97 38 36 120:3.4485899e7
56 114 94 24 63 45 36 38 42 120 100:3.510406e7
56 114 94 90 24 63 45 2 97 42 120 100:3.5134555e7
56 94 90 24 45 2 38 36 42 120 100:3.4212196e7
56 114 90 24 63 45 2 38 97 42 120 100:3.5215618e7
56 94 63 2 36 38 24 42 120 100:3.3617964e7
56 114 94 90 63 45 2 38 36 42 120:3.5498382e7
56 114 63 45 36 38 94 24 42 120:3.3520065e7
56 114 24 63 45 97 38 36 42 120 100:3.3949801e7
56 114 94 90 24 63 2 38 42 120 100:3.3847872e7
56 114 94 90 24 63 2 36 38 120 100:3.4120427e7
56 94 90 24 63 2 97 36 42 120 100:3.4403106e7
114 94 90 24 63 45 2 38 97 36 42 120 100:3.8373292e7
56 114 63 2 36 38 24 42 120 100:3.3776946e7
56 114 94 90 24 63 45 97 38 42 120 100:3.4020727e7
94 97 38 36 90 120:3.8778035e7
114 63 2 36 38 90 24 42 120 100:3.3808958e7
56 90 24 63 2 97 38 36 42 120 100:3.4484169e7
94 97 36 90:3.7726371e7
56 94 63 45 2 36 24 42 120 100:3.4136524e7
