90 24 63 45 2 38 97 36 42 120 100
56 114 90 63 45 2 38 97 36 42 120
56 114 94 24 63 45 36 38 42 120 100
56 94 90 24 63 45 36 38 42 120 100
29 110 90 24 66 102 57 70 41 2 97 38 36
56 114 94 24 63 2 97 36 42 120 100
29 55 110 94 90 24 66 102 57 70 2 97 38 36
63 45 2 38 36 90 24 42 120 100
56 114 63 45 2 36 94 24 42 120
94 36 88
56 114 63 2 36 38 90 24 42 120
56 94 63 45 36 38 90 24 42 120
56 114 94 90 45 2 38 97 36 42 120 100
56 114 90 24 63 45 2 38 97 36 120
56 114 94 90 24 63 2 97 36 42 120 100
56 114 24 63 2 97 38 36 42 120 100
