56 114 94 90 24 45 36 38 42 120 100
70 29 55 110 41 38 90 66 102 57
70 29 94 110 2 38 66 102 57
56 36 90 120
56 128 23 57 1 41 67 97 38 31 104 36
56 63 2 97 36 90 42 120 100
29 55 110 94 90 66 102 70 2 36 38
41 67 97 36 104 90 23 1
70 29 55 110 97 38 36 24 66 57
29 94 110 66 102 57 70 41 2 97 38
56 94 71 128 57 1 41 67 97 36 31 104
56 94 63 45 2 97 36 24 120 100
56 114 63 45 2 97 36 90 120
56 114 94 36 24 42 120 100
114 63 2 94 38 24 42 120
114 94 45 2 97 36 42 120 100
56 114 94 24 63 45 2 38 97 36 120 100
94 67 36 88 38 104 90
56 63 2 97 38 36 24 42 120 100
56 41 67 94 97 38 36 104 57
114 63 94 97 36 90 24 120
67 36 104 71 90
29 55 110 90 24 66 70 41 97 38 36
70 29 110 97 36 90 24 66 102
70 29 41 110 2 97 36 66 102 57
67 97 38 36 104 71 90
114 63 2 36 38 24 42 120 100
56 94 90 128 23 57 1 67 97 38 31 104 36
94 63 45 2 97 36 24 42 120 100
114 63 45 97 38 36 94 24 120
56 114 63 97 38 36 90 24 42 120
70 41 94 110 2 38 97 66 102 57
56 94 71 90 128 1 67 97 38 31 104 36
55 94 110 24 66 102 57 70 41 2 38
56 114 63 45 97 38 90 42 120 100
70 29 55 2 41 36 66 102 57
56 114 63 94 36 38 24 42 120 100
70 41 94 110 2 38 97 36 66 102
29 55 110 90 24 102 57 70 41 36 38
114 63 94 36 90 24 42 120 100
70 29 55 41 36 94 90 66 102 57
56 94 63 36 38 24 42 120 100
56 114 63 45 2 36 94 42 120 100
29 55 24 66 57 70 41 2 97 38 36
94 71 90 128 23 57 41 67 97 38 36 104
56 94 71 128 23 57 41 67 36 31 104
56 94 63 45 36 24 42 120
56 45 2 38 97 36 24 90 120 100
70 29 55 2 94 24 66 102 57
70 29 55 2 36 38 90 24 66 57
56 94 90 128 57 41 67 97 38 31 104 36
114 63 45 2 38 36 94 24 120
56 94 90 128 23 57 67 36 38 31 104
114 45 2 38 36 24 120 100
70 41 110 2 38 36 90 24 66 57
70 29 55 110 2 38 90 24 66 57
56 114 63 94 97 38 24 42 120
56 94 90 24 63 2 97 36 42 120 100
63 2 36 90 42 120 100
114 63 2 94 38 24 42 120 100
114 2 97 38 90 24 42 120 100
56 114 94 45 38 90 42 120 100
94 45 2 97 36 90 42 120 100
70 29 41 110 97 36 94 66 102 57
57 56 67 97 36 104 90 128 1 23
56 94 71 90 57 23 1 67 97 36 104
114 63 2 97 38 94 24 42 120
29 55 94 90 24 66 70 41 97 38 36
67 36 38 104 71 90 23 1
56 94 71 90 57 23 1 41 67 38 31 104
29 55 90 24 66 57 70 41 2 97 38
114 63 45 2 38 36 24 120 100
29 55 90 24 66 102 57 70 41 97 36
29 55 94 90 24 66 57 70 2 36 38
56 114 63 45 38 90 24 42 120 100
56 94 63 2 97 38 36 90 24 42
56 128 23 57 41 67 97 38 31 104 36
56 94 90 24 63 45 2 38 97 42 100
56 114 94 45 2 38 36 24 120
56 114 63 2 97 36 94 24 120
70 29 55 110 94 38 90 24 66 57
56 94 63 45 2 90 24 42 120
114 63 45 2 97 36 94 90 120 100
56 114 63 45 2 38 97 36 42 120
56 94 67 97 36 31 104 90 57 1
56 114 63 2 97 36 24 42 120
56 114 63 2 97 38 36 94 120 100
55 94 90 24 66 102 57 70 41 36 38
114 94 24 63 45 2 38 97 36 42 120
94 71 90 57 1 67 97 38 31 104 36
56 94 45 2 38 97 36 42 120
56 63 45 97 38 36 42 120 100
55 94 90 66 102 70 41 2 97 38 36
55 110 24 66 102 57 70 2 97 38 36
56 94 63 45 2 38 36 90 42 120
56 94 63 45 2 97 36 120 100
56 114 90 63 45 97 38 36 42 120 100
56 63 2 38 90 42 120 100
55 94 110 90 24 102 57 70 41 97 38 36
56 94 63 45 36 38 90 24 120
29 55 110 94 90 24 66 102 70 41 2 97 36
56 114 94 45 2 24 42 120
67 97 36 104 71 90
56 114 94 45 2 97 36 90 24 120
94 110 90 66 102 57 70 41 2 97 36
56 114 63 2 36 94 42 120 100
56 114 63 45 36 38 94 90 42 120
56 41 67 36 38 104 71 90 57 23
56 94 71 128 23 57 1 41 67 36 38 104
114 94 2 36 38 90 42 120
41 67 97 38 36 104 90 23
29 55 110 94 90 24 66 57 70 41 36
94 90 57 23 1 67 97 38 31 104 36
70 41 110 97 38 90 24 66 102 57
67 97 88 36 90
70 55 41 110 2 38 36 90 24 66
94 110 90 24 66 102 57 70 2 36 38
70 41 110 36 38 90 24 66 102 57
94 110 90 66 102 70 41 2 97 38 36
56 114 94 90 24 63 45 97 38 36 42 100
56 63 45 2 38 36 90 120
29 94 110 90 24 66 102 57 70 41 38
70 55 41 2 36 90 24 66 102 57
29 55 110 94 90 24 66 102 70 36 38
29 55 94 90 24 66 102 57 70 41 2 97
114 63 2 97 36 24 120 100
56 114 63 45 36 38 90 24 120 100
94 88 90
114 63 2 97 38 90 24 42 120 100
56 94 67 97 36 31 104 90 128 57
56 114 94 90 63 45 2 38 97 36 120
29 55 110 90 24 102 70 2 97 38 36
56 94 90 128 23 57 41 67 36 31 104
56 114 94 45 2 38 97 42 120 100
56 114 63 45 2 36 24 42 100
94 63 45 2 38 97 90 42 120 100
56 114 45 97 38 36 90 42 120 100
56 41 67 94 97 36 104 71 90 57
94 71 128 23 57 41 67 97 38 31 104 36
56 114 94 90 24 63 45 2 38 97 36 42 100
56 94 71 90 128 23 57 1 41 67 36 38 31 104
56 114 63 94 97 38 36 24 120
56 63 2 97 38 24 42 120 100
56 114 94 45 36 90 42 120
56 114 63 45 2 38 97 94 24 120
114 63 45 36 38 42 120 100
