70 29 55 110 41 38 94 66 102 57
29 55 90 24 66 102 57 70 41 2 38
56 114 94 90 45 2 38 97 36 42 100
56 94 71 128 23 57 1 41 67 97 36 104
70 94 36 38 24 66
56 90 128 23 57 1 41 67 97 38 36 104
56 45 97 36 90 24 42 120
70 41 94 110 36 38 90 24 66 57
114 63 45 2 97 94 42 120 100
56 94 63 97 36 90 24 42 120 100
70 29 97 38 36 24 66 102 57
41 67 94 36 104 71 90
94 63 2 36 38 42 120 100
29 55 110 94 90 24 66 70 41 97 38 36
114 90 24 63 2 97 38 36 42 120 100
56 71 90 57 23 1 41 67 97 38 31 104 36
70 29 55 110 36 94 66 102 57
56 114 94 45 2 36 24 120 100
94 67 36 104 90 23
56 114 90 24 63 2 97 38 36 42 100
29 55 110 94 90 24 66 102 70 97 38
56 94 71 90 128 23 57 67 97 38 36 104
114 63 45 2 97 36 90 120
94 67 97 38 36 104 71 90
56 94 36 38 90 24 42 120
56 114 45 2 38 90 24 42 120 100
56 114 94 24 63 45 2 38 97 36 120 100
114 94 45 2 38 36 24 42 120 100
70 29 55 110 2 41 36 94 90 66
56 114 63 2 97 38 90 42 120
70 29 41 110 2 38 36 94 102 57
29 110 90 24 66 102 70 41 97 38 36
70 29 55 110 2 36 24 66 57
56 94 71 128 23 1 41 67 36 38 31 104
56 114 63 2 97 38 24 42 120
56 114 94 24 2 97 38 36 42 120 100
29 110 90 66 102 57 70 41 2 36 38
56 63 2 97 36 90 42 120
55 94 24 66 57 70 41 2 97 38 36
29 55 110 24 66 102 57 41 2 36 38
70 41 110 2 36 90 66 102 57
29 55 110 90 24 102 57 70 2 97 38
56 114 63 94 36 38 90 24 120 100
41 67 94 36 38 104 90 57
29 55 110 94 90 24 66 102 57 2 97 36
70 110 2 97 36 24 66 102 57
29 55 110 94 66 57 70 41 2 97 36
56 114 94 90 24 63 45 2 97 36 42 100
29 55 110 24 66 57 70 41 2 97 38
29 55 94 90 24 66 57 70 41 97 38 36
56 94 71 90 128 23 41 67 36 38 31 104
70 29 55 2 94 90 24 66 102 57
56 63 45 36 24 42 120 100
70 29 55 110 41 90 24 66 102 57
56 114 63 45 2 38 94 24 120
29 110 90 66 102 57 70 41 2 97 36
70 94 110 36 38 90 24 66 57
56 63 45 97 38 90 24 120 100
56 94 71 90 128 57 41 67 97 36 104
56 71 90 128 23 57 1 67 36 31 104
70 29 2 36 38 90 24 66 57
56 114 45 2 97 90 24 42 120 100
29 94 110 90 24 66 57 70 2 97 38
56 114 94 24 63 45 2 38 36 42 120
70 29 94 2 97 36 24 66 102 57
70 29 110 2 97 36 90 66 57
70 29 55 110 97 38 36 90 66 57
70 94 2 97 38 36 90 66
56 114 63 45 2 97 36 94 24 42
70 94 2 36 38 90 24 66 102
114 63 2 97 36 90 42 120
56 114 63 45 97 94 90 24 120
94 45 2 38 97 36 24 90 120 100
