56 63 45 2 38 36 24 42 120 100:3.4217587e7
56 114 94 90 24 63 45 2 38 36 42 100:3.2466498e7
56 114 24 45 2 38 97 36 42 120 100:3.3118837e7
56 114 94 90 24 45 97 38 36 42 120:3.2360415e7
56 94 63 45 2 36 90 24 120 100:3.2557623e7
114 63 45 36 94 90 24 42 120 100:3.2484451e7
56 114 63 45 2 94 24 42 120 100:3.2345968e7
114 94 90 24 63 2 97 36 42 120 100:3.4510257e7
29 55 110 94 90 24 66 102 70 2 97 38 36:3.2372997e7
56 114 63 94 36 90 24 42 120 100:3.2599074e7
56 114 63 2 36 94 90 42 120 100:3.2556927e7
94 63 2 36 38 90 24 42 120 100:3.3651858e7
56 114 94 90 24 45 36 38 42 120 100:3.3176287e7
56 114 63 45 2 38 36 42 120 100:3.3139531e7
56 114 94 90 24 63 45 2 97 36 42 120:3.742248e7
114 94 24 63 45 2 38 36 42 120 100:3.5584705e7
56 94 63 2 36 38 90 24 42 120:3.4054433e7
29 55 110 94 24 66 102 57 70 41 97 38 36:3.2395192e7
56 94 90 24 63 45 2 38 97 36 42 120:3.7344561e7
29 55 90 24 66 102 57 70 41 2 97 38 36:3.2497731e7
63 45 2 97 36 90 24 42 120 100:3.2366101e7
56 114 94 90 24 63 45 2 97 36 120:3.3823115e7
56 114 94 90 24 2 97 38 36 42 120:3.2955683e7
114 94 90 63 45 2 38 97 36 42 120:3.3629877e7
56 94 90 24 63 45 2 97 42 120 100:3.3053191e7
56 94 63 45 2 36 24 42 120:3.2552529e7
29 94 110 90 24 66 102 57 70 41 36 38:3.2357159e7
56 114 24 63 45 2 38 97 36 120 100:3.3467709e7
56 94 63 45 2 38 36 24 42 120:3.4555974e7
56 114 94 90 63 45 2 38 97 36 42 120 100:3.78505e7
56 114 94 90 24 63 45 2 36 42 120 100:3.8238352e7
114 63 2 36 38 94 90 24 42 120:3.4154738e7
56 114 63 45 2 38 36 24 42 120:3.4714956e7
56 114 90 24 63 2 97 38 42 120 100:3.2693613e7
94 67 97 38 36 104 90:3.3901664e7
56 94 24 63 45 2 97 36 42 120 100:3.4904647e7
56 114 94 90 63 45 2 38 97 36 120:3.266714e7
56 114 63 2 36 38 90 24 42 120:3.4213415e7
29 55 110 94 90 24 66 102 57 70 41 2 97 38 36:3.6179145e7
114 63 45 2 36 94 90 24 42 120:3.4017729e7
29 94 110 90 24 66 102 57 70 41 2 97 38 36:3.5185285e7
94 90 24 63 45 2 38 97 42 120 100:3.2420008e7
114 94 90 24 63 2 36 38 42 120 100:3.576896e7
29 55 110 94 66 102 57 70 41 2 97 38 36:3.2356407e7
56 114 94 90 24 63 2 97 42 120 100:3.261255e7
56 63 2 97 38 36 90 24 42 120:3.2900174e7
29 94 110 90 24 66 102 57 70 2 97 36:3.2635191e7
56 114 63 45 2 38 36 90 42 120:3.3576e7
114 94 90 24 63 45 2 97 36 42 120:3.4785852e7
94 67 97 38 36 90:3.4423446e7
56 114 94 90 63 45 2 38 42 120 100:3.3210457e7
29 55 110 90 24 66 102 57 70 2 97 38 36:3.3738573e7
94 67 36 88:3.3967486e7
56 114 94 90 24 63 45 97 38 42 120:3.2436732e7
56 114 94 90 24 63 45 2 38 97 36 42 100:3.3234621e7
94 90 24 63 45 2 38 36 42 120 100:3.5523805e7
56 114 90 24 45 2 38 36 42 120 100:3.4371178e7
56 114 94 90 24 63 45 38 42 120 100:3.3252604e7
56 94 63 2 36 38 90 42 120 100:3.2479008e7
56 114 94 90 24 63 2 36 38 42 120 100:3.7719792e7
56 114 90 24 63 45 2 38 97 42 120:3.3631623e7
56 94 63 45 2 36 90 42 120 100:3.2997568e7
29 94 110 90 24 66 102 70 41 2 97 38 36:3.2440837e7
114 90 24 63 2 97 38 36 42 120 100:3.4590203e7
56 114 94 90 24 45 2 38 97 36 42 120 100:3.7061683e7
56 94 90 63 45 97 38 36 42 120 100:3.2651863e7
56 114 94 90 24 63 45 97 38 36 120 100:3.4293282e7
56 114 94 90 24 63 45 2 42 120 100:3.4366432e7
56 114 63 2 36 38 94 90 42 120:3.2976377e7
56 24 63 45 2 38 97 36 42 120 100:3.498571e7
56 63 45 2 38 97 36 24 42 120:3.3401715e7
56 114 94 24 63 2 97 38 42 120 100:3.2595531e7
94 63 45 2 38 36 90 24 42 120:3.393981e7
56 94 71 90 128 23 57 1 41 67 97 38 31 104 36:3.2629951e7
29 94 110 90 24 66 102 57 70 41 97 38 36:3.293882e7
114 94 24 63 45 2 38 97 36 42 120:3.4768833e7
56 114 63 45 2 38 94 24 42 120:3.2765418e7
114 94 90 24 63 45 2 97 36 120 100:3.2770482e7
56 114 94 90 24 63 45 97 38 36 42 120:3.6308652e7
56 114 63 45 2 36 94 90 24 120:3.3054992e7
114 94 90 24 63 2 97 38 36 42 120:3.4935983e7
56 94 63 45 36 38 90 24 42 120:3.3459165e7
29 55 110 94 90 66 102 57 70 41 2 97 38 36:3.3893895e7
56 114 94 90 24 63 45 2 97 36 120 100:3.540711e7
114 94 90 63 2 97 38 36 42 120 100:3.3332045e7
94 24 63 45 2 38 97 36 42 120 100:3.4271464e7
114 63 2 97 38 36 90 24 42 120:3.2975981e7
56 114 45 2 38 36 24 42 120 100:3.2350714e7
56 114 90 24 63 45 2 97 36 42 120:3.5500098e7
56 114 63 45 97 38 36 24 42 120:3.2365806e7
56 114 90 63 45 2 38 97 36 42 120:3.4344123e7
56 114 90 24 2 97 38 36 42 120 100:3.2617296e7
56 114 90 24 63 45 97 36 42 120 100:3.396682e7
29 94 110 24 66 102 57 70 41 2 97 38 36:3.3647797e7
56 94 90 63 45 2 97 36 42 120 100:3.3765691e7
56 94 63 45 2 38 36 42 120 100:3.2980549e7
56 114 90 24 63 2 97 38 36 42 120:3.4981538e7
56 114 94 90 24 63 36 38 42 120 100:3.4602519e7
56 114 90 24 63 45 2 38 97 36 120:3.3904178e7
56 114 94 63 45 2 97 36 42 120 100:3.3826591e7
29 55 110 90 24 66 102 57 70 41 2 97 36:3.3311879e7
114 63 2 36 38 94 24 42 120 100:3.3708104e7
56 114 94 24 63 45 2 38 36 120 100:3.4621968e7
56 114 90 24 63 45 2 38 97 36 42 120:3.7503543e7
56 114 94 90 24 63 97 38 36 42 120:3.3786647e7
94 2 36 38 90 24 120:3.3844753e7
56 114 94 90 24 63 45 2 38 42 120 100:3.6369877e7
56 114 24 63 45 2 38 97 36 42 120:3.5483079e7
56 114 63 2 97 36 90 24 42 120:3.2978093e7
56 94 63 2 36 90 24 42 120 100:3.3634983e7
114 94 24 63 45 2 38 97 36 120 100:3.2753463e7
94 67 36 38 104 90 23:3.2935129e7
114 94 90 24 45 2 38 36 42 120 100:3.3656932e7
114 63 45 2 97 36 24 42 120 100:3.2427001e7
56 114 94 90 63 2 36 38 42 120 100:3.4560372e7
114 63 45 2 38 97 36 24 42 120:3.2846451e7
56 114 94 90 63 2 97 38 36 42 120 100:3.5328495e7
56 114 94 90 24 63 45 2 38 120 100:3.2770512e7
56 94 90 24 63 45 2 38 97 42 120 100:3.5056636e7
56 114 94 90 24 63 97 38 36 42 120 100:3.5370642e7
56 114 90 24 45 2 97 36 42 120 100:3.3135856e7
56 114 90 24 63 45 2 38 36 42 120:3.673542e7
97 88 36 90:3.2781009e7
56 114 94 90 24 45 2 38 97 36 120 100:3.3462318e7
63 45 2 38 36 90 24 42 120 100:3.3601423e7
29 55 94 24 66 102 57 70 41 2 97 38 36:3.2339115e7
56 94 63 2 97 36 90 24 42 120:3.2819111e7
56 114 90 24 63 45 2 97 36 42 120 100:3.7084093e7
114 94 90 24 63 45 2 38 97 36 42 120:3.6789297e7
56 114 63 45 2 36 90 24 42 120:3.4731975e7
29 55 110 94 90 24 66 102 57 70 97 38 36:3.287098e7
56 114 94 90 24 45 2 97 36 42 120 100:3.5058238e7
55 94 110 90 24 66 102 57 70 41 2 97 38 36:3.3835524e7
56 114 90 24 63 45 2 38 36 42 120 100:3.8319415e7
114 94 90 24 45 2 97 36 42 120 100:3.242161e7
114 94 90 24 63 45 2 38 42 120 100:3.3733249e7
29 55 110 94 90 24 66 102 57 70 41 2 38:3.2624796e7
114 63 2 97 36 94 24 42 120 100:3.2449401e7
56 90 24 63 45 97 38 36 42 120 100:3.3888901e7
56 114 94 90 24 63 45 2 38 36 120:3.5058437e7
56 114 94 24 63 45 2 38 97 36 120:3.3806096e7
97 38 36 90 120:3.4746359e7
56 114 94 90 24 63 45 2 38 97 36 120 100:3.7410555e7
114 94 90 24 45 2 38 97 36 42 120:3.284106e7
114 94 90 63 45 2 97 36 42 120 100:3.3210427e7
56 114 90 24 63 2 36 38 42 120 100:3.579741e7
97 36 90 120:3.2360628e7
114 63 45 2 38 36 90 24 42 120:3.4098792e7
56 114 90 24 63 45 2 38 97 36 120 100:3.5488173e7
114 94 90 24 63 45 2 97 42 120 100:3.2497927e7
56 114 63 45 36 94 24 42 120 100:3.3100615e7
56 114 94 90 24 63 97 36 42 120 100:3.3367197e7
56 94 90 24 63 45 97 38 36 42 120:3.4227288e7
94 67 36 104 90:3.3246063e7
29 55 110 94 90 24 66 102 57 70 41 36 38:3.3351019e7
29 55 110 94 24 66 102 57 70 41 2 36:3.2571602e7
94 90 24 63 45 97 38 36 42 120 100:3.3174655e7
56 94 97 38 36 90 120:3.308359e7
56 90 24 63 45 2 38 97 42 120 100:3.3134254e7
114 63 45 36 38 90 24 42 120 100:3.2565514e7
114 94 24 63 45 2 38 97 36 42 120 100:3.6352828e7
56 114 94 90 63 45 97 36 42 120 100:3.2729782e7
56 114 94 24 63 2 97 38 36 42 120 100:3.6467451e7
94 90 24 45 2 38 97 36 42 120 100:3.2343691e7
56 114 94 24 63 45 2 38 97 36 120 100:3.5390091e7
56 114 94 90 24 63 2 97 36 42 120:3.4900475e7
114 90 24 63 45 2 38 97 36 120 100:3.2851545e7
56 94 45 2 38 36 90 24 42 120:3.2628201e7
36 88 90:3.4416052e7
56 114 45 2 38 36 90 24 42 120:3.2787183e7
56 94 90 63 45 2 38 97 36 42 120:3.4185141e7
114 63 45 2 97 36 94 24 42 120:3.2765388e7
55 94 110 90 24 66 102 57 70 2 97 38 36:3.2773824e7
94 97 88 36 90:3.7330455e7
114 90 24 63 45 2 38 36 42 120 100:3.5682787e7
56 114 94 90 24 63 45 2 38 36 42 120 100:4.0241797e7
56 114 63 45 2 36 94 90 42 120:3.3494937e7
56 114 94 24 2 97 38 36 42 120 100:3.2519214e7
56 90 24 63 45 2 38 97 36 42 120:3.5422179e7
56 94 90 24 63 2 36 38 42 120 100:3.5638428e7
94 36 38 90 120:3.803653e7
56 114 45 2 36 90 24 42 120 100:3.2367733e7
114 94 90 24 63 45 2 38 36 42 120:3.6021174e7
29 55 110 94 90 24 66 102 70 41 2 36 38:3.2853036e7
29 110 90 24 66 102 57 70 41 2 97 38 36:3.3806413e7
56 114 94 24 63 45 97 36 42 120 100:3.3868738e7
56 114 94 90 45 2 38 97 36 42 120 100:3.3902263e7
56 94 24 63 45 2 38 97 36 42 120 100:3.6908092e7
56 114 90 63 2 97 38 36 42 120 100:3.3406113e7
29 55 110 94 90 66 102 57 70 2 97 38 36:3.2832195e7
114 63 45 2 38 36 24 42 120 100:3.3662323e7
56 114 94 90 24 2 97 38 36 42 120 100:3.4539678e7
56 114 63 45 2 36 24 42 120:3.2711511e7
56 114 94 90 24 63 45 2 38 97 42 120 100:3.7138e7
56 114 90 63 45 97 38 36 42 120 100:3.2810845e7
56 114 94 90 45 2 38 36 42 120 100:3.313414e7
29 55 110 90 24 66 102 57 70 41 97 38 36:3.2553808e7
56 114 24 63 2 97 38 36 42 120 100:3.4545069e7
94 67 36 88 90:3.8029366e7
29 94 110 90 24 66 102 57 70 41 2 36 38:3.4603624e7
29 55 110 90 24 66 102 57 70 41 2 97 38 36:3.4800273e7
114 94 90 24 63 45 97 38 36 42 120:3.3672024e7
29 55 110 94 90 24 66 102 57 70 41 2 36:3.410909e7
114 90 24 45 2 38 97 36 42 120 100:3.2502673e7
56 114 94 24 63 45 97 38 36 42 120:3.4288188e7
114 90 24 63 45 2 97 36 42 120 100:3.4447465e7
56 94 90 24 63 45 2 36 42 120 100:3.6156988e7
29 110 90 24 66 102 57 70 41 2 36 38:3.3224752e7
94 90 24 63 45 2 38 97 36 42 120 100:3.6291928e7
56 94 90 24 63 97 38 36 42 120 100:3.3289278e7
56 114 94 90 63 45 97 38 36 42 120:3.3149232e7
94 67 36 90:3.6589736e7
94 63 45 2 97 36 90 24 42 120:3.2704488e7
56 114 94 90 24 63 45 2 38 97 120 100:3.3538635e7
29 94 110 90 24 66 102 57 70 2 36 38:3.3541924e7
56 114 63 45 36 90 24 42 120 100:3.3198697e7
56 114 90 63 45 2 38 97 36 120 100:3.2328753e7
56 114 94 90 24 63 45 97 38 36 120:3.2709287e7
56 114 94 90 24 63 45 36 38 42 120 100:3.7124524e7
56 63 2 36 38 90 24 42 120 100:3.3716046e7
56 90 24 63 45 2 38 97 36 42 120 100:3.7006174e7
56 114 94 24 63 45 2 38 97 36 42 120 100:3.8989456e7
56 114 94 90 63 45 36 38 42 120 100:3.3965104e7
56 114 94 24 63 2 97 38 36 42 120:3.4883456e7
56 114 94 90 24 63 45 2 38 97 36 120:3.582656e7
56 114 90 24 45 2 38 97 36 42 120:3.3555306e7
56 94 90 63 45 2 38 36 42 120 100:3.5001013e7
56 114 94 90 24 45 2 38 36 120 100:3.2694195e7
94 90 63 45 2 38 97 36 42 120 100:3.3132508e7
56 114 94 90 24 63 2 97 38 36 42 120 100:3.8487915e7
56 94 63 45 2 38 36 24 120 100:3.2540604e7
56 94 63 45 36 38 24 42 120 100:3.3022696e7
29 55 110 94 90 24 66 102 57 70 2 97 36:3.3629051e7
56 114 94 24 63 45 2 38 36 42 120 100:3.8221333e7
114 94 24 63 2 97 38 36 42 120 100:3.4489349e7
56 114 90 24 63 2 97 38 36 120 100:3.2966168e7
114 63 45 2 38 36 94 24 90 120:3.2421809e7
29 55 110 94 90 24 66 102 57 70 2 36 38:3.4535784e7
56 63 45 2 38 90 24 42 120 100:3.2366131e7
56 114 94 90 24 63 2 36 38 42 120:3.6135797e7
56 114 94 24 63 2 97 38 36 120 100:3.2868086e7
56 114 63 45 2 38 36 94 42 120:3.3477918e7
94 97 88 36:3.2393559e7
94 67 97 88 36 90:3.565087e7
29 55 110 94 90 24 66 102 57 70 2 36:3.304739e7
56 114 90 63 45 2 97 36 42 120 100:3.3924673e7
56 114 63 2 97 38 36 24 42 120:3.2961074e7
114 94 90 24 63 45 2 97 36 42 120 100:3.6369847e7
56 114 63 45 2 36 90 42 120 100:3.315655e7
56 114 90 24 63 45 97 38 36 42 120 100:3.5970265e7
55 94 110 90 24 66 102 57 70 41 2 36 38:3.3253863e7
56 114 94 90 24 63 45 97 36 42 120:3.4305207e7
56 114 63 2 36 90 24 42 120 100:3.3793965e7
114 63 45 2 38 36 94 24 42 120:3.400071e7
56 94 90 24 63 2 97 38 36 120 100:3.2807186e7
29 55 110 94 90 24 66 102 70 41 2 97 38 36:3.3434697e7
114 94 90 24 63 45 2 38 97 36 120:3.3189932e7
36 38 90 120:3.390625e7
56 114 63 45 2 97 36 24 42 120:3.3479634e7
56 94 90 24 63 45 2 97 36 42 120 100:3.6925111e7
56 114 94 90 24 63 45 2 97 42 120:3.355056e7
114 90 24 63 45 2 38 97 36 42 120:3.4866915e7
114 63 45 36 38 94 90 24 42 120:3.2903901e7
56 114 94 90 24 63 45 2 36 120 100:3.4638987e7
56 114 63 36 38 90 24 42 120 100:3.2680137e7
56 114 94 45 2 38 36 24 42 120:3.2689101e7
56 114 94 63 45 2 38 36 42 120 100:3.5061913e7
56 114 63 45 2 36 94 42 120 100:3.3058468e7
56 114 90 24 63 45 2 38 36 120 100:3.472005e7
56 63 45 2 38 36 90 42 120 100:3.3078631e7
29 55 94 90 24 66 102 57 70 41 2 97 38 36:3.3876603e7
56 94 90 63 45 2 38 97 36 42 120 100:3.5769136e7
56 114 94 90 63 45 2 38 97 42 120 100:3.397858e7
56 114 94 90 24 63 2 97 38 36 120 100:3.488855e7
114 94 63 45 2 38 97 36 42 120 100:3.3193408e7
56 114 94 90 63 45 2 38 36 120 100:3.3483012e7
56 63 45 2 36 90 24 42 120:3.2650611e7
56 114 94 24 63 45 2 97 42 120 100:3.3114091e7
63 45 2 38 97 36 24 42 120 90:3.2785551e7
56 114 63 45 36 94 90 24 42 120:3.3537084e7
56 114 94 90 24 2 36 38 42 120 100:3.3771555e7
56 114 94 90 63 2 97 36 42 120 100:3.332505e7
29 55 110 94 90 24 66 57 70 41 2 97 38 36:3.3321936e7
29 55 110 94 24 66 102 57 70 41 2 36 38:3.4059996e7
114 94 24 63 45 97 38 36 42 120 100:3.3235555e7
56 114 63 45 2 38 36 24 120 100:3.2699586e7
56 114 90 24 63 45 2 97 36 120 100:3.3484728e7
56 114 63 45 36 38 90 24 42 120:3.3618147e7
56 114 63 45 2 36 94 24 120 100:3.2618523e7
94 67 36 38 90:3.5131492e7
29 55 110 94 24 66 102 57 70 41 2 97 36:3.3153263e7
114 94 90 24 63 45 2 38 97 36 120 100:3.4773927e7
56 63 45 2 38 36 90 24 120 100:3.2638686e7
29 94 110 24 66 102 57 70 41 2 36 38:3.3066136e7
56 114 90 24 63 45 97 38 36 42 120:3.438627e7
56 114 94 90 63 45 2 38 97 36 42 120:3.6266505e7
56 114 94 90 63 45 97 38 36 42 120 100:3.4733227e7
56 114 24 63 45 2 97 36 42 120 100:3.5063629e7
29 110 90 24 66 102 57 70 2 97 38 36:3.2744713e7
56 114 63 45 2 38 90 24 42 120:3.28635e7
56 114 90 24 63 45 36 38 42 120 100:3.5202142e7
56 114 94 90 24 63 45 36 42 120 100:3.5121079e7
56 94 90 24 63 2 97 38 36 42 120 100:3.6406551e7
94 36 38 90:3.7573587e7
29 55 110 90 24 66 102 57 70 41 2 36:3.2730218e7
114 63 45 2 36 94 90 42 120 100:3.2442304e7
56 114 94 90 63 45 2 97 36 42 120:3.426306e7
94 2 97 38 36 90 24 120:3.4933798e7
56 94 63 45 2 38 97 36 42 120 100:3.3748672e7
56 63 45 2 38 36 24 42 120:3.2633592e7
56 114 63 2 36 38 94 90 24 120:3.2536432e7
29 55 110 94 90 24 66 102 57 70 41 2 97 38:3.3206457e7
56 94 24 63 45 97 38 36 42 120 100:3.3790819e7
56 114 94 24 63 45 2 38 36 42 120:3.6637338e7
56 94 24 63 45 2 38 97 42 120 100:3.3036172e7
56 114 94 24 45 2 38 36 42 120 100:3.4273096e7
56 114 94 24 63 45 2 97 36 42 120:3.5402016e7
56 114 94 24 63 45 2 97 36 120 100:3.3386646e7
114 94 90 24 63 45 97 36 42 120 100:3.3252574e7
56 114 24 63 45 2 38 36 42 120 100:3.6298951e7
94 67 36 38 104 90:3.3640485e7
56 94 63 45 2 38 36 90 24 120:3.2977073e7
29 55 110 94 90 66 102 57 70 41 2 97 36:3.2405501e7
56 114 94 90 24 63 45 2 38 97 36 42 120:3.9425925e7
56 114 63 45 36 38 94 90 42 120:3.2381109e7
94 63 45 2 38 36 24 42 120 100:3.3503341e7
29 55 110 90 24 66 102 57 70 2 36 38:3.3156912e7
56 94 63 45 36 90 24 42 120 100:3.3039715e7
56 94 24 63 45 2 38 36 42 120 100:3.6139969e7
56 114 94 90 24 63 2 97 38 42 120 100:3.4615995e7
56 90 24 63 45 2 38 36 42 120 100:3.6238051e7
94 90 24 63 45 2 38 97 36 42 120:3.4707933e7
94 90 24 63 45 2 38 97 36 120 100:3.2692563e7
56 90 24 45 2 38 97 36 42 120 100:3.3057937e7
56 114 94 24 45 2 38 97 36 42 120:3.3457224e7
56 94 63 45 2 36 90 24 42 120:3.4572993e7
94 67 97 36 104 90:3.236594e7
56 114 94 45 2 36 90 24 42 120:3.270612e7
29 55 110 94 90 24 66 102 57 70 41 97 36:3.2444286e7
56 90 24 63 45 2 97 36 42 120 100:3.5002729e7
94 63 45 2 38 36 90 42 120 100:3.2364385e7
56 114 63 2 36 94 24 42 120 100:3.3695883e7
56 94 90 24 2 97 38 36 42 120 100:3.2458314e7
114 63 2 36 94 90 24 42 120 100:3.3729012e7
94 63 45 2 36 90 24 42 120 100:3.352036e7
114 94 90 63 45 2 38 97 36 42 120 100:3.5213872e7
56 114 94 90 24 63 45 97 38 36 42 120 100:3.7892647e7
29 55 110 24 66 102 57 70 41 2 97 38 36:3.3262785e7
56 94 63 36 38 90 24 42 120 100:3.2521155e7
56 114 94 90 63 45 2 36 42 120 100:3.5078932e7
114 63 45 2 38 36 94 42 120 100:3.2425285e7
56 114 94 63 45 2 38 97 36 42 120:3.4246041e7
56 94 90 24 63 45 2 38 97 36 120 100:3.5329191e7
56 114 63 45 2 94 90 24 42 120:3.2782437e7
56 114 94 90 24 63 45 2 38 42 120:3.4785882e7
114 94 90 24 63 45 2 38 97 42 120 100:3.4501372e7
56 94 90 24 63 45 2 38 97 36 120:3.3745196e7
29 55 110 94 24 66 102 57 70 2 97 38 36:3.3579957e7
114 90 24 63 45 2 38 97 42 120 100:3.257899e7
56 114 63 2 36 94 90 24 42 120:3.4132352e7
29 55 110 94 24 66 102 57 70 2 36 38:3.2998296e7
56 114 90 24 45 2 38 97 36 42 120 100:3.5139301e7
94 67 97 38 36 104 90 23:3.3057233e7
114 94 90 24 63 45 2 38 36 120 100:3.4005804e7
56 63 45 2 97 36 90 24 42 120:3.3418734e7
56 94 90 24 63 45 97 38 36 42 120 100:3.5811283e7
94 2 36 38 90 120:3.3544261e7
114 63 45 2 36 90 24 42 120 100:3.3679342e7
56 94 90 24 63 45 2 97 36 120 100:3.3325746e7
56 114 63 45 2 38 24 42 120 100:3.2427031e7
29 55 110 94 90 24 66 102 57 70 41 2 36 38:3.5597484e7
56 114 90 24 63 2 97 36 42 120 100:3.4562088e7
56 114 63 45 36 38 24 42 120 100:3.3181678e7
55 110 90 24 66 102 57 70 41 2 97 38 36:3.2456652e7
56 114 94 24 63 45 2 38 42 120 100:3.4349413e7
56 114 94 90 24 63 45 36 38 120 100:3.3525159e7
56 114 94 90 63 45 2 97 36 42 120 100:3.5847055e7
56 114 94 90 24 45 2 38 42 120 100:3.242164e7
56 114 94 90 24 45 2 38 97 36 42 120:3.5477688e7
114 90 24 63 45 2 38 97 36 42 120 100:3.645091e7
56 94 90 24 63 2 97 38 36 42 120:3.4822556e7
94 2 97 36 90 24 120:3.2734114e7
29 55 110 90 66 102 57 70 41 2 97 38 36:3.2515023e7
56 114 63 2 97 36 94 24 42 120:3.2880011e7
114 63 2 36 38 94 90 42 120 100:3.25508e7
67 36 88 90:3.4284988e7
56 114 63 45 2 36 94 24 42 120:3.4633893e7
56 114 94 90 24 63 45 2 36 42 120:3.6654357e7
56 114 94 63 45 2 38 97 36 42 120 100:3.5830036e7
94 36 88 90:3.9490594e7
56 63 2 97 36 90 24 42 120 100:3.2480724e7
114 94 90 24 63 45 36 38 42 120 100:3.4487896e7
94 2 97 38 36 90 120:3.3883761e7
29 55 110 90 24 66 102 57 70 41 2 36 38:3.4218612e7
29 94 110 90 24 66 102 57 70 41 2 97 36:3.3696891e7
114 94 90 24 45 2 38 97 36 42 120 100:3.4425055e7
56 94 90 24 45 2 38 97 36 42 120:3.3396324e7
56 94 90 24 63 45 2 38 42 120 100:3.4288513e7
56 114 63 45 2 38 36 90 24 120:3.3136055e7
56 114 94 24 63 97 38 36 42 120 100:3.3350178e7
56 114 94 24 63 45 2 97 36 42 120 100:3.6986011e7
114 94 90 63 45 2 38 36 42 120 100:3.4445749e7
56 114 94 24 63 45 2 38 97 42 120 100:3.5117536e7
90 24 63 45 2 38 97 36 42 120 100:3.4369546e7
94 63 45 36 38 90 24 42 120 100:3.2406532e7
114 63 94 36 38 90 24 42 120 100:3.2591932e7
56 114 94 90 24 63 45 36 38 42 120:3.5540529e7
114 94 24 63 45 2 97 36 42 120 100:3.4349383e7
29 55 110 94 90 66 102 57 70 41 2 36 38:3.3312234e7
94 90 24 63 2 97 38 36 42 120 100:3.4433103e7
29 55 94 90 24 66 102 57 70 2 97 38 36:3.2814903e7
56 114 94 90 24 63 2 97 38 36 42 120:3.690392e7
94 110 90 24 66 102 57 70 41 2 97 38 36:3.2841664e7
94 97 38 36 90:3.8481167e7
56 114 94 90 24 45 2 38 97 42 120 100:3.3189763e7
56 94 90 24 45 2 38 97 36 42 120 100:3.4980319e7
56 114 94 90 63 2 97 38 36 42 120:3.37445e7
56 63 2 97 38 36 24 42 120 100:3.2463705e7
29 55 94 90 24 66 102 57 70 41 2 36 38:3.3294942e7
56 114 94 24 63 45 97 38 36 42 120 100:3.5872183e7
56 114 94 90 63 45 2 38 36 42 120 100:3.7082377e7
56 114 94 90 24 45 97 38 36 42 120 100:3.394441e7
114 94 90 24 63 97 38 36 42 120 100:3.3373177e7
56 114 94 24 63 2 36 38 42 120 100:3.5699328e7
56 114 94 24 63 45 2 36 42 120 100:3.6217888e7
94 36 90 120:3.5684551e7
56 114 94 63 2 97 38 36 42 120 100:3.3308031e7
56 114 63 2 36 38 94 24 42 120:3.4115333e7
114 90 63 45 2 38 97 36 42 120 100:3.329149e7
29 55 110 94 90 24 66 102 57 70 2 97 38 36:3.5117445e7
56 114 94 24 63 45 2 38 97 36 42 120:3.7405461e7
114 63 45 2 97 36 90 24 42 120:3.286347e7
29 94 90 24 66 102 57 70 41 2 97 38 36:3.2882743e7
56 63 45 36 38 90 24 42 120 100:3.3120778e7
114 63 2 97 38 36 94 24 42 120:3.2875127e7
56 94 90 24 63 45 2 38 36 120 100:3.4561068e7
114 94 90 24 63 45 2 38 36 42 120 100:3.7605169e7
56 94 24 63 45 2 38 97 36 120 100:3.3308727e7
56 90 63 45 2 38 97 36 42 120 100:3.3846754e7
56 114 94 24 63 2 97 36 42 120 100:3.4464006e7
56 114 63 2 97 36 24 42 120 100:3.2541624e7
56 114 24 63 45 2 38 97 36 42 120 100:3.7067074e7
56 63 45 2 36 90 24 42 120 100:3.4234606e7
114 63 2 97 36 94 90 24 42 120:3.2896035e7
63 2 97 38 36 90 24 42 120 100:3.2473101e7
56 114 94 90 63 45 2 38 97 42 120:3.2394585e7
29 94 110 90 24 66 102 57 70 41 2 36:3.311523e7
56 114 94 90 24 63 45 2 38 97 42 120:3.5554005e7
114 63 2 97 36 90 24 42 120 100:3.2550255e7
29 55 110 94 24 66 102 57 70 41 2 97 38 36:3.4641657e7
56 114 63 45 2 97 36 90 42 120:3.2340678e7
114 94 90 24 63 2 97 38 42 120 100:3.2603213e7
56 114 94 90 63 45 2 38 97 36 120 100:3.4251135e7
56 114 90 24 63 2 97 38 36 42 120 100:3.6565533e7
29 55 110 94 90 24 66 102 57 70 41 2 97 36:3.4690751e7
114 63 45 2 36 94 24 42 120 100:3.358126e7
56 114 94 24 45 2 38 97 36 42 120 100:3.5041219e7
56 90 24 63 45 2 38 97 36 120 100:3.3406809e7
63 45 2 38 97 36 24 42 120 100:3.2349082e7
56 114 94 90 24 63 45 97 36 42 120 100:3.5889202e7
56 114 63 45 2 36 90 24 120 100:3.2716605e7
56 94 90 24 45 2 97 36 42 120 100:3.2976874e7
56 114 90 24 63 97 38 36 42 120 100:3.344826e7
56 63 45 2 38 36 90 24 42 120:3.4654056e7
94 97 36 90 120:3.6630894e7
114 63 45 36 38 94 24 42 120 100:3.2467432e7
56 114 90 63 45 2 38 97 36 42 120 100:3.5928118e7
94 36 88:3.399253e7
29 94 110 90 24 66 102 57 70 2 97 38 36:3.4123585e7
114 94 90 24 2 97 38 36 42 120 100:3.2525291e7
56 114 94 90 24 45 2 36 42 120 100:3.4290115e7
41 67 94 97 38 36 104 90 23 1:3.283756e7
114 94 24 45 2 38 97 36 42 120 100:3.2404591e7
56 94 90 24 63 45 97 36 42 120 100:3.3807838e7
114 63 45 2 38 36 90 42 120 100:3.2523367e7
56 114 63 45 2 36 24 42 120 100:3.4295506e7
94 63 2 97 38 36 90 24 42 120:3.2818881e7
94 90 24 63 45 2 97 36 42 120 100:3.4288483e7
55 94 110 90 24 66 102 57 70 41 2 97 36:3.234713e7
56 114 90 24 63 45 2 38 42 120 100:3.4447495e7
56 114 94 90 24 2 97 36 42 120 100:3.2536233e7
56 114 63 2 36 38 94 42 120 100:3.2539908e7
56 114 90 24 63 45 2 38 97 36 42 120 100:3.9087538e7
56 114 63 45 2 38 97 36 42 120 100:3.3907654e7
56 94 90 24 63 45 2 38 36 42 120 100:3.8160433e7
114 24 63 45 2 38 97 36 42 120 100:3.4430446e7
114 94 90 24 63 2 97 38 36 42 120 100:3.6550205e7
114 94 90 24 63 45 2 36 42 120 100:3.5601724e7
114 94 90 24 63 45 2 38 97 42 120:3.2917377e7
56 114 94 24 63 45 2 38 97 42 120:3.3533541e7
56 114 90 63 45 2 38 36 42 120 100:3.5159995e7
56 114 94 63 45 97 38 36 42 120 100:3.2712763e7
56 94 90 24 63 45 2 38 97 36 42 120 100:3.8928556e7
94 36 90:3.7087308e7
56 114 90 24 63 45 2 97 42 120 100:3.3212173e7
29 94 110 24 66 102 57 70 2 97 38 36:3.2586097e7
56 114 63 2 36 38 90 42 120 100:3.263799e7
94 97 38 36 120:3.4485899e7
56 114 94 24 63 45 36 38 42 120 100:3.510406e7
56 114 94 90 24 63 45 2 38 36 42 120:3.8657802e7
56 114 94 90 24 45 2 38 36 42 120 100:3.629356e7
56 114 94 90 24 63 45 2 97 42 120 100:3.5134555e7
56 114 24 63 45 2 38 97 42 120 100:3.3195154e7
56 94 90 24 45 2 38 36 42 120 100:3.4212196e7
56 114 94 90 24 45 2 38 36 42 120:3.4709565e7
56 114 90 24 63 45 2 38 97 42 120 100:3.5215618e7
56 94 63 2 36 38 24 42 120 100:3.3617964e7
56 114 94 90 24 63 2 97 36 120 100:3.2885105e7
56 94 24 63 45 2 38 97 36 42 120:3.5324097e7
56 114 63 45 2 38 36 94 24 120:3.3037973e7
29 55 94 90 24 66 102 57 70 41 2 97 36:3.2388209e7
56 63 45 2 97 36 24 42 120 100:3.2982265e7
56 114 94 90 63 45 2 38 36 42 120:3.5498382e7
56 94 90 24 63 45 2 97 36 42 120:3.5341116e7
56 114 94 90 24 63 2 36 42 120 100:3.5716347e7
56 114 63 45 36 38 94 24 42 120:3.3520065e7
56 114 94 90 24 63 45 2 38 97 36 42 120 100:4.100992e7
94 63 45 2 38 97 36 24 42 120:3.2687469e7
56 114 63 94 36 38 90 24 42 120:3.3018524e7
114 63 45 2 38 36 94 90 42 120:3.2861754e7
56 114 24 63 45 97 38 36 42 120 100:3.3949801e7
56 94 63 2 97 38 36 24 42 120:3.2802092e7
56 114 94 90 24 63 2 97 38 36 120:3.3304555e7
56 94 90 24 63 2 97 38 42 120 100:3.2534631e7
56 114 94 90 24 63 2 38 42 120 100:3.3847872e7
114 94 24 63 45 2 38 97 42 120 100:3.2480908e7
56 94 63 45 2 38 90 24 42 120:3.2704518e7
56 114 94 90 24 63 45 2 38 36 120 100:3.6642432e7
94 63 2 97 36 90 24 42 120 100:3.2393155e7
56 114 94 90 24 45 2 97 36 42 120:3.3474243e7
29 55 110 24 66 102 57 70 41 2 36 38:3.2681124e7
56 114 94 90 24 63 2 36 38 120 100:3.4120427e7
56 114 94 24 45 2 97 36 42 120 100:3.3037774e7
56 94 90 24 63 2 97 36 42 120 100:3.4403106e7
79 94 36 88 90:3.336299e7
29 55 110 94 90 24 66 102 57 70 41 97 38 36:3.393268e7
114 63 2 97 38 36 24 42 120 100:3.2529347e7
56 94 90 24 63 45 2 38 36 42 120:3.6576438e7
56 94 63 2 97 36 24 42 120 100:3.2382642e7
56 114 94 90 24 63 2 97 38 42 120:3.3032e7
114 94 90 24 63 45 2 38 97 36 42 120 100:3.8373292e7
56 114 63 2 36 38 24 42 120 100:3.3776946e7
56 114 94 90 24 63 45 97 38 42 120 100:3.4020727e7
56 94 24 63 2 97 38 36 42 120 100:3.4386087e7
56 94 63 45 2 97 36 24 42 120:3.3320652e7
94 97 38 36 90 120:3.8778035e7
94 67 97 36 90:3.5566943e7
56 114 63 45 2 90 24 42 120 100:3.244405e7
29 94 110 90 66 102 57 70 41 2 97 38 36:3.2900035e7
29 55 110 94 90 24 66 57 70 41 2 36 38:3.2740275e7
56 114 63 94 36 38 24 42 120 100:3.2582055e7
56 114 90 24 63 45 97 38 36 120 100:3.23709e7
56 114 94 90 24 63 2 97 36 42 120 100:3.648447e7
56 94 90 24 63 45 36 38 42 120 100:3.504316e7
114 63 2 36 38 90 24 42 120 100:3.3808958e7
56 114 90 24 63 45 2 36 42 120 100:3.631597e7
56 90 24 63 2 97 38 36 42 120 100:3.4484169e7
114 94 90 24 63 2 97 38 36 120 100:3.2888085e7
56 114 94 90 24 63 45 2 97 36 42 120 100:3.9006475e7
94 97 36 90:3.7726371e7
56 94 63 45 2 38 36 90 42 120:3.3417018e7
56 94 90 63 2 97 38 36 42 120 100:3.3247131e7
56 114 63 45 97 36 90 24 42 120:3.2382825e7
56 94 63 45 2 36 24 42 120 100:3.4136524e7
114 94 90 24 63 45 97 38 36 42 120 100:3.5256019e7
114 90 24 63 45 97 38 36 42 120 100:3.3333637e7
56 94 24 45 2 38 97 36 42 120 100:3.2959855e7
29 94 110 90 24 66 57 70 41 2 97 38 36:3.2328076e7
94 36 38 120:3.363769e7
94 63 2 97 38 36 24 42 120 100:3.2372247e7
56 94 90 24 63 45 2 38 97 42 120:3.3472641e7
