5 56 29 7 58 52 60 40 48 34 62:7.364667e7
34 56 29 7 25 58 9 60 62 40:6.8642811e7
34 56 29 7 58 9 60 42 62 40:6.9013275e7
34 56 29 7 58 62 40:6.9391934e7
56 29 7 36 52 60 58 62 40:7.3971942e7
56 29 7 58 60 66 40 48 34 9 62:7.1346328e7
34 29 7 58 52 60 66 62 40 48:6.9242527e7
34 56 29 7 58 52 31 60 62 40:7.2078053e7
56 29 7 58 52 66 40 48 34 36 62:6.9312777e7
5 56 29 7 58 52 60 66 34 36 9 62:6.817979e7
5 56 29 7 58 52 40 48 34 36 9 62:6.7977297e7
34 56 29 7 58 52 60 62:7.0919697e7
5 56 29 7 58 52 60 66 40 36 62:6.9733012e7
34 56 29 7 58 60 66 62 40 48:7.2669267e7
56 29 7 58 52 60 40 34 36 31 62:7.1803418e7
5 56 29 7 58 52 40 48 34 36 62:6.8961007e7
34 56 29 7 60 66 62 40:6.8110491e7
56 29 7 58 52 60 66 40 34 36 9 62:7.6676979e7
5 56 29 7 52 60 66 40 34 36 9 62:6.8601469e7
56 29 7 36 58 60 66 62 40 48:6.9410215e7
34 56 29 7 25 58 52 60 62 40:7.2115082e7
5 56 29 7 58 52 60 40 34 36 9:6.8015733e7
34 56 29 7 9 60 66 62 40:6.7981357e7
5 56 34 7 29 58 62 40:6.7905825e7
5 56 34 29 58 52 60 66 62 40:7.1731977e7
5 56 29 7 58 52 60 40 34 36 42 62:7.0358563e7
5 56 29 7 58 52 60 66 40 34 36 9 62:7.4902855e7
34 56 29 36 58 9 60 66 62 40:7.1128145e7
5 56 29 7 58 52 40 34 36 9 62:7.0275503e7
5 56 29 7 58 52 60 62 40:6.9938395e7
56 29 7 58 52 60 40 34 31 42 62:6.809423e7
5 56 29 58 52 60 66 40 34 9 62:7.1656465e7
56 29 7 58 52 40 48 34 36 9 62:6.9849403e7
34 29 36 52 9 60 58 62 40:6.8796115e7
34 56 29 7 25 58 60 62 40:6.9989069e7
5 56 29 7 58 52 60 66 34 36 62:6.8859461e7
56 29 7 52 60 66 40 34 36 9 62:7.0076385e7
5 56 29 7 58 52 60 66 40 48 34 36 62:7.5002472e7
56 29 7 58 60 66 40 34 36 42 62:6.9290035e7
5 56 34 7 29 52 9 60 62 40:6.9862542e7
5 56 29 7 58 52 60 40 34 36 31 62 3:6.7961975e7
56 29 7 58 52 60 66 40 34 31 62 3:6.9289893e7
34 56 29 7 25 58 60 62 40 48:6.8284768e7
34 56 29 7 58 52 60 62 48:6.7997061e7
64 56 29 7 58 52 60 40 48 34 36 42 62:6.7990564e7
34 56 29 36 58 60 62 3 40:6.8338971e7
56 29 7 58 52 60 66 48 34 36 62:6.9604602e7
5 56 29 7 58 9 60 62 40:6.7980861e7
5 56 29 7 58 60 40 48 34 36 62:7.3818894e7
5 34 29 7 36 58 60 66 62 40:6.9036219e7
34 56 29 7 58 52 66 62 40:6.9573527e7
56 29 7 58 52 60 66 40 34 42 62:7.11594e7
29 7 58 52 60 66 40 48 34 36 9 62:6.9954285e7
56 29 7 58 60 66 62 40:6.9241227e7
29 7 58 52 60 66 40 34 36 62 3:6.8072777e7
34 56 29 7 58 52 9 66 62 40:6.9283315e7
34 56 29 25 58 52 60 62 40:6.7900731e7
5 29 7 58 52 60 66 40 34 9 62:6.9759637e7
56 29 7 58 52 60 66 40 48 34 9 62 3:6.8824483e7
34 56 29 7 58 52 9 60 62 40:7.8639281e7
56 29 7 36 52 60 58 62 40 48:7.2844296e7
56 29 25 58 52 60 40 48 34 36 62:6.8925956e7
34 56 29 58 60 66 62 40:7.0879079e7
34 56 29 7 58 60 42 66 62 40:6.9220324e7
56 29 7 58 52 60 40 34 36 9 62 3:7.3592568e7
5 56 29 7 58 52 60 40 48 34 36 62:7.5879898e7
5 56 29 7 58 60 66 40 34 36 9 62 3:6.8538858e7
34 56 29 7 9 60 62 40:6.9274046e7
34 29 7 58 52 9 60 62 3 40:6.8244995e7
64 56 29 7 58 52 60 66 40 34 36 42 62:6.8769465e7
34 29 7 36 58 60 66 62 40:7.0425279e7
34 56 29 58 52 9 60 62 3 40:6.9908263e7
34 56 29 7 58 60 66 62 40:7.5666039e7
64 56 29 7 58 52 60 66 40 34 36 62:6.9012774e7
5 56 34 7 29 58 52 9 60 62:6.9371399e7
56 29 7 58 52 9 60 62 40 48:6.9494746e7
56 29 7 58 60 66 40 34 9 62 3:7.0652165e7
34 56 29 36 58 9 60 62 40 48:7.1114866e7
5 56 34 29 36 58 60 62 40 48:6.9680415e7
5 56 29 7 25 58 52 60 66 40 34 36 62:6.9618032e7
5 34 29 7 36 58 60 62 40:6.9841965e7
5 56 29 7 58 52 60 40 34 36 31 62:6.9874421e7
34 29 58 52 9 60 62 40:6.8011654e7
34 56 29 7 36 52 60 58 66 62:7.0494812e7
64 5 56 7 29 58 52 60 40 34 62:6.8530165e7
34 56 29 7 52 60 62 40:7.1489119e7
34 29 7 58 52 9 60 66 62 40:7.0936097e7
5 56 29 7 58 60 66 40 34 36 9 62:7.3051296e7
64 5 56 7 29 58 52 60 40 34 36 62:6.8624103e7
34 56 29 7 36 52 9 60 58 62:7.1185648e7
34 56 29 7 58 9 60 62 40 48:7.2627255e7
56 29 7 58 60 66 40 48 34 36 62 3:7.0382773e7
56 29 7 58 52 60 40 48 34 36 9 42 62:6.8809319e7
34 56 29 36 58 60 66 62 40 48:7.0854757e7
5 56 29 58 52 60 66 40 48 34 36 9 62:7.0222166e7
5 56 29 7 58 60 66 40 34 42 62:6.8073325e7
5 56 34 7 29 58 9 62 40:6.8124422e7
5 56 29 7 58 52 60 66 40 48 34 36 9 62 3:6.8582369e7
56 29 36 52 9 60 58 62 40:6.8967839e7
5 56 34 7 29 58 60 62 40:7.5034111e7
5 56 29 7 25 58 52 60 66 40 48 34 36 62:6.919149e7
5 56 29 7 58 60 66 40 34 36 42 62:6.7961112e7
34 56 29 36 52 60 58 66 62 40:7.392474e7
56 29 7 58 9 60 62 40:7.0617023e7
34 56 29 7 36 52 58 66 62 40:7.0187264e7
5 56 29 58 52 60 66 40 34 36 9 62:7.1570347e7
56 29 7 58 52 60 40 34 36 42 62:7.1905435e7
34 56 29 7 52 9 60 66 62 40:7.0034015e7
34 56 29 7 58 52 9 60 66 40:6.8010786e7
5 56 34 7 29 58 52 60 62:6.9235711e7
5 56 34 7 29 36 9 60 62 40:6.7921431e7
34 29 7 36 58 60 62 40 48:7.0475367e7
56 29 7 58 60 66 40 48 34 36 9 62 3:6.8797549e7
34 56 29 7 36 58 60 62 40:7.7584238e7
34 56 29 7 36 52 60 62 40 48:7.1087348e7
56 29 7 36 58 60 62 40:7.1569191e7
5 56 29 7 58 52 60 66 40 34 36 42 62:6.9733379e7
56 29 7 58 52 60 66 40 48 34 36 62 3:7.2280738e7
34 56 29 7 52 9 60 62 40 48:6.7932746e7
56 29 7 36 58 9 60 62 40 48:6.971885e7
5 56 29 7 58 52 60 66 40 34 9 62:7.5362569e7
5 56 29 7 58 52 60 66 40 36 9 62:6.9047926e7
5 56 29 7 58 52 60 66 40 34 9 62 3:7.0900354e7
56 29 7 52 60 66 40 48 34 36 9 62:6.8848591e7
34 56 29 36 52 60 58 62 40:7.524652e7
5 56 34 7 29 36 58 62 40:6.8619213e7
34 29 7 58 9 60 62 40:7.011645e7
34 56 29 7 36 52 58 62 3 40:6.8174611e7
56 29 7 25 36 52 60 58 62 40:6.8111461e7
56 29 7 58 52 60 40 48 36 62 3:6.843157e7
34 56 29 36 58 9 60 62 3 40:6.8011692e7
5 56 29 7 58 52 60 66 40 34 36 9 42 62:6.8179552e7
34 56 29 7 25 36 58 60 62 40:7.1043646e7
5 56 29 7 58 52 60 66 40 34 31 62:6.9352882e7
34 56 29 36 52 60 58 42 62 40:6.8351263e7
56 29 7 58 60 40 48 34 9 62 3:6.8053234e7
34 29 7 58 60 66 62 40:6.9530204e7
5 56 29 58 60 66 40 48 34 36 62:6.9097313e7
5 34 29 7 58 52 60 66 62 40:7.0520801e7
5 34 29 7 36 58 9 60 62 40:6.9016622e7
5 29 7 58 52 60 66 40 34 36 62:7.1083272e7
56 29 7 58 60 66 40 48 34 62 3:6.8350968e7
56 29 7 25 58 52 60 66 40 34 9 62:6.88469e7
5 56 34 7 29 58 52 9 62 40:7.0209156e7
5 56 34 29 36 58 9 60 62 40:7.0835387e7
56 29 7 58 52 60 66 40 48 36 62:7.1619301e7
5 56 29 7 58 52 66 40 34 36 9 62:6.7889127e7
34 56 29 7 36 58 9 60 62 40:7.6533613e7
5 56 29 7 58 52 60 66 34 9 62:6.83367e7
5 56 29 58 52 60 40 48 34 36 62:7.1834391e7
56 29 7 58 52 60 40 48 34 36 62:7.834205e7
56 29 7 58 52 60 40 48 34 36 62 3:7.3215022e7
56 29 7 58 60 40 34 36 31 9 62:6.8047044e7
56 29 7 58 52 60 40 34 36 31 9 62:6.9594345e7
5 56 29 58 52 60 40 34 9 62 3:6.8272398e7
5 56 29 7 58 60 66 40 34 9 62 3:6.9127675e7
5 56 29 7 58 52 60 66 40 34 36 62:7.6261715e7
56 29 7 25 58 52 60 40 34 36 62:7.3105719e7
56 29 7 58 52 60 66 40 34 36 42 62:7.1138433e7
34 29 7 36 52 60 58 62 3 40:6.9061255e7
5 56 34 7 29 36 52 60 58 62:6.9795135e7
56 29 7 58 60 66 40 34 36 62 3:7.1520337e7
34 56 29 7 58 52 9 60 40:6.935268e7
5 56 29 58 52 60 40 34 36 9 62:7.2867003e7
34 56 29 7 36 52 60 58 66 40:6.860679e7
5 56 34 29 58 52 9 60 62 40:7.2775534e7
56 29 7 58 52 60 66 40 48 34 9 62:7.324298e7
56 29 7 25 58 52 60 40 34 9 62:7.0542752e7
5 29 7 58 52 60 40 48 34 36 9 62:6.9274747e7
5 56 29 7 58 52 60 66 40 34 62:7.6186252e7
5 56 29 7 58 52 60 66 40 34 36 9 62 3:7.0220395e7
34 56 29 7 52 60 62 40 48:6.857134e7
5 56 29 7 58 52 60 66 40 48 34 9 62:7.1514244e7
29 7 58 60 66 40 48 34 36 9 62:6.8112676e7
5 56 29 7 58 52 60 40 34 31 62:7.033645e7
34 29 36 52 60 58 62 40 48:6.8169184e7
56 29 7 25 58 52 60 40 48 34 9 62:6.8329913e7
56 29 7 58 52 60 66 40 48 34 42 62:6.8182745e7
5 56 29 7 52 60 40 48 34 36 9 62:6.8156317e7
5 34 29 7 36 52 60 58 62 40:7.1979005e7
34 56 29 7 36 52 60 58 40:6.9833461e7
34 56 29 7 58 31 60 66 62 40:6.9150633e7
34 29 7 36 58 9 60 62 40:7.0596101e7
29 7 58 52 60 66 40 34 36 9 62:7.1120585e7
34 56 29 7 58 9 62 40:6.951985e7
34 56 29 7 58 9 60 62 3 40:7.1957575e7
56 29 7 58 52 60 66 40 36 62 3:6.8333465e7
56 29 7 58 52 66 40 48 34 36 9 62:6.8110351e7
34 56 29 7 58 9 60 62 40:7.6495988e7
56 29 7 58 60 66 40 34 36 9 62:7.4734841e7
5 34 29 7 58 52 9 60 62 40:7.0778062e7
5 56 34 7 29 58 31 60 62 40:6.8599842e7
5 56 29 7 58 60 66 40 48 34 36 62:7.3014105e7
5 56 34 7 29 58 52 60 62 40:7.7281881e7
56 29 7 58 52 60 66 40 48 34 36 42 62:7.0057791e7
5 56 34 7 29 58 52 60 66 62:6.8479052e7
5 56 29 7 58 52 60 40 34 36 62:7.7536359e7
34 56 29 7 36 9 60 66 62 40:6.8120597e7
5 56 29 7 58 52 60 40 48 34 36 42 62:6.8940933e7
56 29 7 25 58 60 40 48 34 36 9 62:6.8519922e7
5 56 29 7 58 52 60 66 40 48 34 62:7.2875524e7
64 56 29 7 58 52 60 40 34 36 9 62:6.8481888e7
56 29 58 52 60 66 40 34 9 62 3:6.8746451e7
5 56 34 7 29 58 60 62 40 48:7.1556392e7
5 56 29 7 36 58 60 62 40:6.8409025e7
56 29 7 58 60 40 48 34 36 9 62 3:6.9855076e7
56 29 7 58 60 66 40 34 36 9 62 3:7.0261396e7
56 29 7 58 52 60 40 34 9 62 3:7.3898606e7
34 56 29 58 9 60 66 62 40:7.0906649e7
5 56 29 58 52 60 40 48 34 36 9 62:7.1123224e7
5 56 29 7 58 60 40 34 36 9 62 3:6.977199e7
34 56 29 7 36 58 62 40 48:6.8755556e7
34 29 36 52 60 58 66 62 40:6.8119649e7
56 29 7 58 52 60 40 48 34 42 62:6.8638163e7
5 56 34 29 58 9 60 66 62 40:6.961558e7
34 29 7 36 58 9 60 66 62 40:6.9202011e7
56 29 7 58 52 60 66 40 48 34 36 9 62 3:7.0493865e7
5 29 7 58 52 60 66 40 48 34 36 9 62:6.8459497e7
56 29 58 52 60 40 48 34 36 62 3:6.9132617e7
5 56 29 7 58 60 66 40 34 62 3:6.9784582e7
56 29 7 58 52 60 66 40 34 36 31 62:7.0471823e7
5 56 29 7 58 60 66 40 48 34 9 62:6.9708171e7
64 56 29 7 58 52 60 40 34 9 62:6.8690257e7
5 56 29 7 58 52 60 40 36 9 62:7.0235338e7
56 29 58 52 60 66 40 34 36 9 62:7.3167211e7
56 29 7 58 52 60 66 40 34 36 9:6.8285472e7
5 56 29 7 58 52 60 48 34 36 62:6.844933e7
56 29 7 25 58 60 40 34 36 9 62:6.9227559e7
5 56 34 7 25 29 58 60 62 40:6.8015242e7
56 29 58 52 9 60 62 40:6.8146626e7
5 56 29 7 52 60 66 40 48 34 36 62:6.8364204e7
56 29 7 58 52 60 66 40 36 9 62:7.1505474e7
5 56 34 7 29 36 52 58 62 40:7.0825869e7
34 56 29 7 36 52 60 58 40 48:6.8797651e7
34 56 29 36 58 60 62 40 48:7.1739666e7
34 29 7 36 52 60 58 66 62 40:7.2580096e7
5 56 34 7 29 58 60 66 62 40:7.4026255e7
34 56 29 7 36 58 60 62:6.9426762e7
34 56 29 7 36 58 60 62 48:6.8310728e7
56 29 7 36 52 60 58 62 3 40:6.9675743e7
34 56 29 58 60 62 40:7.1892951e7
34 56 29 7 58 9 60 66 62 40:7.4890987e7
34 56 29 36 58 60 66 62 40:7.1659314e7
56 29 7 58 52 60 66 40 48 34 62:7.4792107e7
56 29 7 58 60 66 40 34 36 31 62:6.8811047e7
34 56 29 7 36 52 60 58 62 48:7.0523443e7
56 29 7 58 60 40 48 34 36 9 62:7.4720052e7
64 56 29 7 58 52 60 40 34 42 62:6.9194601e7
56 29 58 52 60 40 34 36 9 62 3:6.9943237e7
5 56 29 7 58 52 60 40 48 36 9 62:6.8551756e7
56 29 7 36 52 9 60 58 62 40:7.3314739e7
34 56 29 7 36 60 62 40 48:6.8889091e7
5 56 29 7 58 52 60 40 34 31 62 3:6.8588148e7
56 29 7 58 52 60 40 48 34 36 42 62:7.05972e7
56 29 7 25 58 52 60 66 40 48 34 62:6.9021766e7
34 56 29 7 58 52 60 66 62 40:7.7931235e7
34 56 29 7 58 52 60 62 40:7.9354249e7
56 29 7 58 52 60 66 34 36 9 62:6.9661707e7
5 56 29 7 58 52 60 66 40 34 62 3:7.174687e7
34 29 7 58 52 9 60 62 40:7.2242792e7
34 56 29 7 36 9 60 62 40:6.9607057e7
5 56 34 7 29 58 52 62 40:7.0209351e7
5 56 29 7 52 60 40 48 34 36 62:6.9012856e7
5 56 34 7 29 58 52 66 62 40:6.82076e7
34 56 29 7 36 58 62 40:7.0355336e7
34 56 29 36 52 31 60 58 62 40:6.8643273e7
5 56 34 7 29 36 60 62 40:6.8189725e7
5 56 29 7 58 60 40 34 36 31 62:6.8222815e7
56 29 58 52 60 66 40 34 36 9 62 3:6.8603648e7
64 56 34 7 29 36 58 60 62 40:6.8099262e7
5 56 29 7 36 58 9 60 62 40:6.8229162e7
34 29 7 58 52 9 60 62 40 48:6.8842915e7
56 29 7 58 60 66 40 48 34 36 42 62:6.8274693e7
5 56 29 7 25 58 52 60 40 34 36 9 62:6.8981396e7
56 29 7 58 52 60 66 40 48 36 9 62:7.0334567e7
56 29 7 58 52 60 48 34 36 9 62:6.9591587e7
5 56 29 7 58 60 66 40 34 36 62:7.4198588e7
5 56 29 7 58 60 40 34 36 62 3:7.069936e7
56 29 7 58 60 66 40 34 9 42 62:6.8193719e7
34 56 29 58 9 60 62 40:7.2220208e7
34 29 7 36 58 60 66 62 40 48:6.9708298e7
5 56 29 7 52 60 66 40 34 9 62:6.8765797e7
34 56 29 7 58 60 66 62 3 40:7.1393388e7
56 29 7 58 52 9 60 66 62 40:7.1276618e7
56 29 58 52 60 66 40 48 34 36 62:7.3045423e7
5 29 7 58 52 60 66 40 34 36 9 62:6.9737427e7
56 29 7 58 52 66 40 34 36 9 62:6.9339027e7
5 34 29 7 58 60 66 62 40:6.837069e7
56 29 58 52 60 40 48 34 36 9 62:7.3168665e7
5 56 29 7 58 60 40 34 9 62 3:7.0198976e7
56 29 7 58 52 60 40 48 34 9 62:7.4613056e7
5 56 29 7 25 58 52 60 40 34 9 62:6.8649693e7
34 56 29 58 9 60 62 40 48:6.8821494e7
64 56 34 7 29 58 52 60 62 40:6.9807422e7
5 56 29 58 52 60 40 34 36 62 3:6.8550692e7
56 29 7 58 60 66 40 48 34 36 62:7.5005355e7
34 29 36 52 60 58 62 40:6.8992533e7
5 56 29 7 58 60 40 48 34 9 62:7.064905e7
64 56 29 7 58 52 60 40 34 36 62:7.0084811e7
5 56 29 7 58 52 60 66 40 34 36 62 3:7.1563685e7
34 29 7 58 52 60 62 40:7.2777666e7
56 29 7 58 52 60 66 40 34 36 31 62 3:6.8703155e7
56 29 7 58 52 60 66 40 34 62 3:7.3451809e7
56 29 7 58 52 60 66 40 34 9 62 3:7.2508937e7
5 29 7 58 60 66 40 48 34 36 62:6.8197318e7
34 29 7 58 52 60 66 62 40:7.1788079e7
56 29 7 58 52 60 40 48 34 62 3:7.1100737e7
56 29 7 58 9 60 66 62 40:6.9135162e7
56 29 7 58 60 66 40 48 34 36 9 62:7.3318089e7
5 56 29 7 58 52 60 40 34 36 9 42 62:6.9034554e7
5 56 34 29 58 9 60 62 40:7.0647048e7
34 29 7 58 52 60 62 40 48:6.9976103e7
34 56 29 7 58 60 62:6.8520216e7
56 29 36 52 60 58 62 40:6.875921e7
5 56 29 7 25 58 52 60 40 48 34 36 62:7.0220124e7
5 56 29 7 58 52 60 40 48 34 62 3:6.8975745e7
5 56 34 29 58 52 60 62 40 48:6.940392e7
56 29 7 58 52 60 66 40 34 9 62:7.6929995e7
34 29 7 58 60 62 40:7.04114e7
56 29 7 58 52 60 40 48 36 9 62:7.1790037e7
56 29 25 58 52 60 40 34 36 9 62:6.7964018e7
5 56 34 29 36 52 60 58 62 40:7.3201169e7
5 56 29 7 25 58 52 60 40 34 36 62:7.0801585e7
34 56 29 58 52 60 62 40 48:7.1386866e7
56 29 7 58 52 60 62 40 48:7.015826e7
56 29 7 58 52 60 40 34 36 31 62 3:6.9919985e7
56 29 7 58 52 60 40 34 36 62 3:7.4828215e7
34 56 29 7 36 58 60 62 40 48:7.6157443e7
34 56 29 7 36 60 66 62 40 48:6.8008911e7
29 7 58 52 60 40 48 34 36 9 62:7.1093428e7
56 29 7 58 52 60 40 34 31 9 62:7.0342345e7
5 34 29 7 36 58 60 62 40 48:6.8671604e7
56 29 7 58 60 40 34 36 9 62 3:7.1742679e7
56 29 7 58 52 60 66 40 34 9 42 62:6.9934127e7
34 56 29 7 58 60 62 3 40:7.2466251e7
34 56 29 7 36 60 62 40:7.0000844e7
56 29 7 58 52 60 66 40 48 9 62:6.8177448e7
5 56 29 7 58 52 60 66 40 48 34 36 62 3:7.0244382e7
34 56 29 7 58 9 60 62:6.877131e7
5 56 29 7 52 60 66 40 34 36 62:6.9359729e7
34 56 29 58 52 60 62 3 40:6.9915111e7
34 29 7 36 52 9 60 58 62 40:7.2621051e7
5 56 29 7 58 52 60 40 48 36 62:6.9332807e7
56 29 7 58 60 62 40:7.0448115e7
5 56 29 58 52 60 40 48 34 9 62:6.9038278e7
56 29 7 58 60 40 34 36 9 42 62:6.8725321e7
5 56 29 7 58 60 40 48 34 36 62 3:6.9042337e7
34 56 29 7 36 58 9 62 40:6.9907853e7
64 56 29 7 58 52 60 40 34 36 42 62:6.9313771e7
5 56 29 7 58 52 9 60 62 40:7.0083907e7
34 29 7 36 58 9 60 62 40 48:6.9160579e7
5 56 34 29 36 58 60 66 62 40:7.0025995e7
5 56 29 7 58 52 60 66 40 48 34 36 42 62:6.8554802e7
56 29 7 25 58 60 66 40 34 36 62:6.9586102e7
34 56 29 7 36 60 66 62 40:6.8807756e7
56 29 7 58 52 60 40 34 36 9 62:7.8580036e7
56 29 7 25 58 52 60 40 34 36 9 62:7.106356e7
34 56 29 7 58 60 62 3 40 48:6.9103911e7
5 34 29 7 58 52 60 62 40 48:6.8246506e7
5 56 29 7 58 60 66 40 48 34 62:7.0857883e7
5 56 34 29 58 52 60 62 3 40:6.8230558e7
56 29 7 58 52 60 66 40 34 36 31 9 62:6.7969377e7
5 56 29 7 25 58 52 60 40 34 62:7.0025281e7
5 56 29 7 58 52 60 66 40 34 36 31 62:6.8752562e7
56 29 7 58 52 60 66 40 48 34 62 3:7.0276779e7
56 29 7 25 58 52 60 40 48 34 36 9 62:7.030143e7
5 29 7 58 52 60 40 34 36 9 62:7.0931535e7
5 56 29 7 25 58 60 40 34 36 62:6.8855486e7
56 29 36 52 60 58 62 40 48:6.7924187e7
34 56 29 7 58 52 60 62 40 48:7.5908488e7
34 29 7 36 52 60 58 62 40:7.3769166e7
56 29 7 25 58 52 60 40 48 34 62:7.0312772e7
5 56 29 58 52 60 66 40 34 36 62:7.218175e7
34 56 29 7 58 31 60 62 3 40:6.8627674e7
5 56 29 7 58 52 60 40 34 36 62 3:7.2643069e7
56 29 7 25 58 52 60 66 40 34 36 9 62:6.9207811e7
34 56 29 7 58 52 9 60 62:7.0941851e7
5 56 34 7 29 36 52 60 62 40:7.0354275e7
56 29 7 58 52 9 60 62 40:7.2874976e7
56 29 7 58 52 60 66 40 48 34 36 9 42 62:6.8030174e7
5 56 29 58 52 60 40 34 36 9 62 3:6.8091712e7
5 56 29 58 60 66 40 34 36 9 62:6.9626332e7
56 29 7 36 58 60 66 62 40:7.0142828e7
5 56 29 7 58 52 60 40 34 36 9 62 3:7.1525574e7
5 56 29 7 58 52 60 34 36 9 62:6.9390172e7
56 29 7 58 52 9 60 62 3 40:6.8815953e7
56 29 7 58 52 60 40 34 31 9 62 3:6.8542859e7
34 56 29 7 36 52 58 62 40:7.2685595e7
56 29 7 58 52 60 40 48 34 36 9:6.8408004e7
56 29 7 58 52 60 40 48 34 9 62 3:6.9846519e7
56 29 7 58 52 60 66 62 40:7.1621943e7
56 29 7 36 52 60 58 66 62 40:7.2426674e7
34 29 7 58 52 60 62 3 40:6.8409537e7
34 56 29 7 58 52 60 66 62:6.9884619e7
34 56 29 25 36 52 60 58 62 40:6.9198744e7
34 56 29 58 9 60 62 3 40:6.7885576e7
5 56 29 7 36 52 60 58 62 40:7.0635713e7
34 56 29 7 58 60 62 40:7.6982876e7
34 56 29 7 52 9 60 62 40:7.1430989e7
5 56 29 7 58 52 60 40 34 9 62 3:7.2043702e7
34 56 29 36 52 60 58 62 40 48:7.4021717e7
34 56 29 7 58 31 60 62 40:7.0256714e7
5 56 29 7 58 52 60 40 34 42 62:7.0428958e7
5 56 29 7 58 52 60 66 40 48 36 62:6.8775579e7
34 56 29 7 58 52 9 60 66 62:6.9611681e7
34 56 29 7 58 52 60 46 62 40:6.8469871e7
5 56 29 7 58 52 60 66 40 34 9 42 62:6.8863084e7
56 29 7 58 52 60 66 40 34 36 9 42 62:6.9415145e7
34 56 29 7 36 52 60 62 3 40:6.7952437e7
34 56 29 7 36 52 60 62 40:7.2288997e7
56 29 7 58 52 60 66 40 34 36 62:7.8236244e7
34 56 29 58 52 60 66 62 3 40:6.8995477e7
56 29 58 52 60 66 40 48 34 36 62 3:6.8401927e7
56 29 58 52 60 66 40 48 34 36 9 62:7.1932865e7
56 29 7 58 52 60 66 40 34 31 62:7.0896411e7
5 56 29 58 52 60 66 40 48 34 36 62:7.1178308e7
5 56 29 7 25 58 52 60 40 48 34 36 9 62:6.8123941e7
5 56 34 7 29 58 60 42 62 40:6.8507996e7
5 56 29 7 58 52 60 66 40 9 62:6.9072178e7
5 56 34 7 29 52 60 66 62 40:6.898888e7
5 29 7 58 60 66 40 34 36 9 62:6.7911862e7
5 56 29 7 58 52 60 40 48 34 36 9 62 3:6.9433116e7
34 29 7 58 9 60 66 62 40:6.8916131e7
56 29 7 36 58 9 60 62 40:7.1153656e7
56 29 7 25 58 60 40 48 34 36 62:7.0622608e7
56 29 7 58 60 40 48 34 36 31 62:6.8061475e7
34 56 29 58 52 60 66 62 40 48:7.0539224e7
56 29 58 52 60 66 40 48 34 9 62:6.9791707e7
56 29 25 58 52 60 66 40 34 36 62:6.7963663e7
34 56 29 7 36 52 9 58 62 40:7.2003324e7
5 29 7 58 52 60 66 40 48 34 36 62:7.0167091e7
5 29 7 58 52 60 40 48 34 36 62:7.0716228e7
34 56 29 7 36 52 60 58 62 40:7.9858741e7
34 56 29 36 52 60 58 62 3 40:7.0474229e7
56 29 7 58 60 40 48 34 36 62 3:7.1246042e7
34 56 29 58 52 9 60 62 40:7.4460773e7
34 56 29 7 36 52 58 62 40 48:7.0975623e7
56 29 7 58 60 66 40 48 36 9 62:6.8364741e7
5 56 29 7 58 52 66 40 34 36 62:6.8591791e7
34 56 29 58 52 9 60 62 40 48:7.0904567e7
5 56 29 7 58 52 60 66 62 40:6.9214709e7
5 34 29 7 58 52 60 62 40:7.1237519e7
56 29 7 58 52 60 40 36 9 62 3:6.8986063e7
34 56 29 58 52 31 60 62 40:6.8592602e7
34 56 29 7 36 58 60 66 62 40:7.6067918e7
34 56 29 58 60 66 62 40 48:6.8319284e7
34 56 29 7 60 62 40:6.9104096e7
34 56 29 7 58 60 62 40 48:7.3694607e7
5 56 29 7 58 60 66 40 34 9 62:7.341414e7
5 56 29 58 60 40 48 34 36 9 62:6.9181504e7
5 56 34 7 29 58 60 62 3 40:7.062624e7
5 56 29 7 58 52 60 40 48 34 9 62:7.2527244e7
56 29 7 58 52 60 66 48 34 36 9 62:6.8415943e7
5 56 29 7 58 52 60 40 34 36 9 62:7.6448283e7
5 56 29 7 58 52 60 66 40 34 42 62:6.993627e7
56 29 7 58 52 60 66 40 48 34 36 31 62:6.8850115e7
34 56 29 36 58 9 60 62 40:7.2637379e7
34 56 29 7 58 52 62 40 48:6.8430305e7
56 29 7 58 52 60 46 40 34 36 62:6.8444764e7
5 34 29 7 58 60 62 40:6.8997421e7
34 29 7 36 52 60 58 62 40 48:7.2646159e7
5 56 29 7 25 58 52 60 40 48 34 62:6.8082751e7
34 56 29 58 52 60 66 62 40:7.3241375e7
56 29 7 25 58 52 60 66 40 34 62:7.072561e7
34 56 29 7 36 9 60 62 40 48:6.8108538e7
34 56 29 7 36 52 9 60 58 40:6.9830895e7
56 29 7 58 52 60 66 40 34 36 62 3:7.3487616e7
5 56 29 58 52 60 66 40 48 34 9 62:6.8242072e7
5 56 29 7 58 52 60 40 48 34 36 9 62:7.4415661e7
34 56 29 7 58 52 60 40:6.8790081e7
34 56 29 7 58 52 60 62 3 40:7.4610823e7
5 56 29 7 58 60 40 34 36 42 62:6.8528279e7
56 29 58 52 60 66 40 34 36 62 3:6.9371106e7
56 29 7 25 58 52 60 66 40 48 34 36 9 62:6.8607581e7
56 29 7 36 58 9 60 66 62 40:6.9460888e7
56 29 7 25 58 52 60 66 40 48 34 36 62:7.1219036e7
34 56 29 7 36 52 60 58 62:7.1729373e7
56 29 7 58 52 60 66 40 48 34 36 62:7.7098921e7
34 56 29 7 58 60 42 62 40:6.9778481e7
5 56 29 7 58 52 60 40 34 62 3:7.2661091e7
34 56 29 7 25 58 60 66 62 40:6.8695944e7
34 56 29 58 52 9 60 66 62 40:7.3042585e7
64 56 29 7 58 52 60 66 40 34 42 62:6.8770266e7
5 56 34 29 58 52 60 62 40:7.2570477e7
5 56 29 7 58 52 60 40 34 9 42 62:6.958678e7
56 29 7 58 52 60 62 40:7.2947736e7
34 56 29 7 58 52 9 62 40:7.1712191e7
34 56 29 58 60 62 40 48:6.9075541e7
34 56 29 7 36 58 66 62 40:6.8004634e7
34 56 29 7 36 58 60 62 3 40:7.2774785e7
34 56 29 7 52 60 66 62 40:7.0389337e7
56 29 7 58 60 40 34 36 31 62 3:6.8265892e7
34 56 29 7 36 58 60 66 62:6.8298378e7
56 29 7 58 52 60 40 48 34 36 9 62 3:7.1620515e7
56 29 7 25 58 52 60 66 40 34 36 62:7.1551828e7
34 56 29 7 58 52 60 42 62 40:7.1784862e7
56 29 7 58 52 60 40 48 34 36 31 62:6.9712388e7
56 29 7 25 58 52 60 40 48 34 36 62:7.2630188e7
5 56 29 7 58 60 66 40 48 34 36 9 62:7.1522914e7
5 56 29 7 58 60 40 34 36 9 62:7.4509467e7
56 29 7 58 52 60 62 3 40:6.8961973e7
34 56 29 36 52 9 60 58 62 40:7.4781074e7
5 56 34 7 29 36 52 60 58 40:6.7922317e7
34 56 29 7 58 31 9 60 62 40:6.8710042e7
5 56 34 29 58 60 66 62 40:6.9479352e7
56 29 7 58 52 60 66 40 48 34 36 9 62:7.5185467e7
5 56 29 58 52 60 66 40 48 34 62:6.8856021e7
56 29 7 58 52 60 66 62 40 48:6.9080005e7
29 7 58 52 60 66 40 48 34 36 62:7.1785835e7
5 56 29 7 52 60 40 34 36 9 62:6.9873897e7
56 29 7 58 52 60 66 40 34 31 9 62:6.886733e7
5 56 34 29 36 58 60 62 40:7.0957297e7
34 56 29 36 58 60 62 40:7.2874573e7
34 29 7 36 58 60 62 40:7.1505958e7
56 29 58 60 66 40 48 34 36 9 62:6.9968559e7
34 56 29 7 36 52 60 66 62 40:7.0989732e7
5 56 29 7 58 52 60 40 48 34 36 62 3:7.0901596e7
34 56 29 7 36 52 9 60 62 40:7.166713e7
5 34 29 7 58 9 60 62 40:6.8761757e7
29 7 58 52 60 40 34 36 9 62 3:6.8353291e7
5 56 29 7 25 58 52 60 66 40 34 62:6.8985679e7
34 56 29 7 36 58 9 60 62:6.9111977e7
34 56 29 7 36 58 31 60 62 40:7.0067081e7
5 56 29 7 58 52 60 40 34 9 62:7.6732314e7
56 29 58 52 60 40 48 34 36 9 62 3:6.8241925e7
56 29 7 25 58 52 60 40 48 36 62:6.7890775e7
56 29 7 58 52 60 40 34 9 42 62:7.0820816e7
56 29 7 52 60 40 48 34 36 9 62:7.0078715e7
5 56 34 7 29 36 58 9 62 40:6.8287639e7
56 29 7 36 58 60 62 40 48:7.0531441e7
5 56 29 7 58 52 66 40 34 9 62:6.8040113e7
5 56 29 58 60 66 40 48 34 36 9 62:6.8352911e7
56 29 7 58 52 60 40 34 31 62 3:7.0363105e7
5 56 29 7 58 52 60 66 40 48 34 36 9 62:7.3299713e7
5 56 29 7 58 60 66 40 34 36 62 3:6.9692539e7
5 56 29 7 58 60 40 48 34 36 9 62:7.2566741e7
5 56 29 7 58 60 66 40 48 34 36 62 3:6.844255e7
56 29 7 52 60 66 40 48 34 36 62:7.0116127e7
56 29 7 25 58 60 66 40 48 34 36 62:6.9301095e7
5 56 34 7 29 52 60 62 40:6.9804411e7
5 56 29 7 58 52 60 66 40 48 34 62 3:6.8412435e7
34 56 29 7 36 58 60 42 62 40:6.9989732e7
5 56 29 7 58 52 60 40 34 31 9 62:6.8725787e7
56 29 7 58 52 60 66 40 34 36 9 62 3:7.2027026e7
5 56 34 29 58 60 62 40:7.0229735e7
56 29 7 58 52 60 40 48 34 36 9 62:7.6676579e7
64 56 29 7 58 52 60 66 40 34 62:6.8887491e7
5 56 29 7 25 58 60 40 48 34 36 62:6.8328518e7
5 56 34 7 29 36 58 60 62 40:7.5385459e7
56 29 7 58 52 60 40 34 36 9 42 62:7.0442184e7
34 56 29 7 58 52 62 40:7.1819063e7
56 29 7 58 60 40 48 34 36 42 62:6.8755913e7
5 56 34 7 29 58 9 60 62 40:7.4696628e7
34 56 29 58 52 60 62 40:7.4361768e7
64 56 29 7 58 52 60 40 48 34 36 62:6.869967e7
