34 56 29 7 25 58 9 60 62 40:6.8642811e7
5 56 29 7 58 52 66 40 48 34 36 9 62:6.6548821e7
5 56 29 7 58 52 60 66 34 36 9 62:6.817979e7
5 56 29 7 58 60 40 34 31 9 62:6.7167723e7
56 29 7 25 36 58 60 62 40 48:6.5758837e7
64 56 29 7 58 52 60 66 40 48 34 36 9 62:6.5708464e7
5 56 29 25 58 52 60 40 34 9 62:6.5443449e7
5 56 29 7 58 52 60 40 34 36 9:6.8015733e7
34 56 29 36 58 31 60 66 62 40:6.5757822e7
5 56 29 7 25 58 60 66 40 34 36 9 62:6.5846206e7
34 29 7 58 52 9 62 40:6.4920443e7
5 56 29 7 58 52 60 66 40 34 31 42 62:6.615747e7
56 29 7 25 58 52 60 62 40:6.6719423e7
64 5 56 7 29 58 60 66 40 34 36 62:6.5797771e7
56 29 7 58 52 60 40 34 31 42 62:6.809423e7
5 56 29 58 52 60 66 40 34 9 62:7.1656465e7
34 56 29 7 9 60 62 3 40:6.5371723e7
5 56 29 7 58 52 60 66 34 36 62:6.8859461e7
34 56 29 7 36 58 60 62 74 40:6.5324965e7
5 56 29 7 58 52 60 66 40 34 31 42 62 3:6.4795097e7
56 29 7 58 60 66 40 34 36 42 62:6.9290035e7
5 56 29 7 58 52 60 40 34 36 31 62 3:6.7961975e7
34 56 29 36 52 9 60 62 40:6.7567322e7
56 29 58 52 60 66 40 34 36 31 42 62:6.4820973e7
29 7 25 58 52 60 40 48 34 36 9 62:6.5339141e7
34 56 29 36 52 60 58 66 62 48:6.5228289e7
64 56 29 7 58 52 60 40 48 34 36 42 62:6.7990564e7
34 56 29 58 60 62 3 40:6.7688711e7
56 29 7 58 52 60 40 48 34 36 31 62 3:6.7762761e7
5 56 29 58 52 60 66 40 34 31 9 62:6.4982808e7
34 56 29 36 58 60 62 3 40:6.8338971e7
5 56 29 58 52 60 66 40 48 34 36 9 62 3:6.5581319e7
5 56 29 7 58 60 40 48 34 36 62:7.3818894e7
34 56 29 7 58 52 66 62 40:6.9573527e7
5 56 34 7 29 58 9 60 66 62:6.6361711e7
56 29 7 58 52 60 66 40 31 9 62:6.505717e7
5 56 29 7 58 52 60 66 40 34 36:6.6994403e7
56 29 7 58 60 66 40 48 36 62 3:6.5435557e7
34 56 29 58 60 66 62 40:7.0879079e7
5 29 7 58 52 60 66 40 34 36 31 62:6.5363576e7
5 56 29 7 58 60 66 40 34 36 9 62 3:6.8538858e7
34 56 29 58 60 66 62 3 40:6.6855572e7
29 7 58 52 60 62 40:6.5798195e7
56 29 36 52 60 58 66 62 40:6.7561501e7
34 29 7 36 58 60 66 62 40:7.0425279e7
34 56 29 7 44 52 60 58 62 40:6.6478824e7
5 56 29 7 58 60 66 34 36 9 62:6.6301671e7
56 29 58 52 60 40 34 31 9 62 3:6.5892575e7
56 29 7 25 58 60 40 34 36 62 3:6.592347e7
34 56 29 7 58 52 60 66 40 48:6.5356598e7
5 56 34 29 36 58 60 62 40 48:6.9680415e7
5 56 29 25 58 52 60 40 48 34 36 9 62:6.5420011e7
5 29 7 58 52 60 40 48 34 36 62 3:6.5964823e7
34 56 29 7 58 52 60 66 40:6.7772651e7
5 56 29 7 58 52 60 46 66 40 34 62:6.5580506e7
56 29 7 58 52 60 66 40 34 62 74:6.5235391e7
34 56 29 7 36 52 31 60 58 62:6.5351328e7
64 5 56 7 29 58 52 60 40 34 62:6.8530165e7
56 29 7 58 60 40 34 36 9 62 74:6.4834154e7
5 56 29 7 58 60 40 48 34 36 42 62:6.7185065e7
56 29 7 58 52 60 66 40 36 31 62 3:6.5055213e7
34 29 36 52 60 58 66 62 40 48:6.7591164e7
34 56 29 36 58 60 66 62 40 48:7.0854757e7
56 29 7 58 52 60 40 48 34 36 9 42 62:6.8809319e7
5 56 29 7 58 60 40 48 34 36 9 42 62:6.5731465e7
56 29 7 58 60 66 40 34 31 42 62:6.6107588e7
56 29 36 52 9 60 58 62 40:6.8967839e7
5 56 34 7 29 58 60 62 40:7.5034111e7
5 56 29 7 58 60 66 40 34 36 42 62:6.7961112e7
64 5 56 7 29 58 60 66 40 34 62:6.5776745e7
34 56 29 7 36 52 58 66 62 40:7.0187264e7
56 29 7 58 52 60 40 34 36 42 62:7.1905435e7
5 56 34 7 29 58 52 60 62:6.9235711e7
34 56 29 36 52 60 62 40 48:6.6463439e7
56 29 36 58 60 62 40:6.6256091e7
64 56 29 7 58 60 40 34 36 9 42 62:6.5743115e7
56 29 7 58 52 60 40 36 9 42 62:6.5694388e7
64 56 29 7 58 52 60 40 34 36 31 42 62:6.6549177e7
5 29 7 58 52 60 40 34 36 42 62:6.5773566e7
64 56 29 58 52 60 40 34 9 42 62:6.5162626e7
56 29 7 25 36 52 60 58 62 40:6.8111461e7
34 56 29 7 58 52 60 62 3:6.6960345e7
34 56 29 7 36 52 58 62 3 40:6.8174611e7
56 29 7 25 58 52 60 66 62 40:6.5373625e7
5 56 29 7 58 52 60 66 40 34 36 9 42 62:6.8179552e7
34 56 29 7 25 36 58 60 62 40:7.1043646e7
34 56 7 36 52 9 60 58 62 40:6.7627464e7
56 29 7 58 60 40 48 34 9 62 3:6.8053234e7
5 56 29 7 58 60 40 34 36 31 9 62:6.6333515e7
5 34 29 7 58 52 60 66 62 40:7.0520801e7
34 56 29 7 58 60 46 62 40:6.6673726e7
56 29 7 58 60 66 40 48 34 62 3:6.8350968e7
56 29 7 25 58 52 60 66 40 34 9 62:6.88469e7
56 29 7 58 52 60 66 40 48 36 62:7.1619301e7
5 56 29 7 58 52 60 40 34 31 9 62 3:6.6844705e7
34 56 29 7 36 58 9 60 62 40:7.6533613e7
34 56 29 7 58 38 60 52 62 40:6.5424433e7
5 56 29 58 52 60 66 40 34 36 31 62:6.5947932e7
5 56 29 7 58 52 60 40 34 9 42 62 3:6.5184303e7
56 29 7 58 52 60 40 48 34 36 31 9 62 3:6.5139833e7
56 29 7 58 60 66 40 48 34 9 62 3:6.7100321e7
56 29 7 58 60 66 40 34 36 9 42 62:6.7765415e7
5 56 29 7 58 60 66 40 34 9 62 3:6.9127675e7
5 34 29 7 58 60 62 3 40:6.4890225e7
56 29 7 58 60 66 40 48 34 42 62:6.6371233e7
56 29 7 25 58 52 60 40 34 36 62:7.3105719e7
34 56 29 7 36 58 9 62 40 48:6.7864124e7
64 56 29 7 58 52 60 66 40 34 31 42 62:6.6548016e7
56 29 36 58 9 60 62 40 48:6.5563537e7
56 29 58 52 60 40 34 36 31 62 3:6.6951543e7
56 29 7 58 52 60 66 40 48 36 42 62:6.5274988e7
34 56 29 7 25 58 60 62 3 40:6.5123704e7
34 56 29 7 58 52 9 60 40:6.935268e7
5 56 29 58 52 60 40 34 36 9 62:7.2867003e7
5 56 29 7 58 52 60 66 40 48 34 36 31 62:6.7029439e7
64 56 29 58 52 60 66 40 48 34 36 42 62:6.5167782e7
29 7 36 58 60 62 40:6.4947772e7
29 7 58 60 40 48 34 36 9 62 3:6.4972338e7
56 29 7 58 52 60 66 40 34 36 42 62 3:6.672649e7
29 7 25 58 52 60 66 40 48 34 36 62:6.6561759e7
34 56 29 25 36 58 60 66 62 40:6.5903879e7
5 56 29 7 58 52 60 66 40 34 62:7.6186252e7
5 56 29 7 58 52 60 66 40 34 36 9 62 3:7.0220395e7
34 56 29 7 52 60 62 40 48:6.857134e7
5 56 29 7 58 52 60 66 40 48 34 9 62:7.1514244e7
29 7 58 60 66 40 48 34 36 9 62:6.8112676e7
34 56 29 36 52 58 62 40 48:6.6305835e7
34 56 29 7 58 52 60 66 62 3:6.6135411e7
64 56 29 7 58 52 60 40 48 34 9 62:6.5135382e7
5 29 7 58 52 60 66 40 48 34 9 62:6.6487038e7
5 56 29 7 25 58 52 60 40 34 36 62 3:6.5623739e7
5 56 29 7 58 60 62 40:6.7614837e7
64 56 29 7 58 52 60 66 40 48 34 42 62:6.5977233e7
5 56 29 7 58 60 40 34 38 9 62:6.487903e7
56 29 7 58 52 60 46 40 48 34 62:6.5250927e7
29 7 58 52 60 66 40 34 36 9 62:7.1120585e7
29 7 58 52 60 66 40 34 36 31 62:6.6717773e7
34 56 29 7 58 9 60 62 40:7.6495988e7
5 56 34 7 58 52 9 60 62 40:6.5855598e7
5 56 29 7 58 52 60 40 36 31 62:6.5093214e7
34 56 29 58 52 9 60 66 62:6.5409166e7
5 56 29 7 58 60 66 40 48 34 36 62:7.3014105e7
34 56 7 36 52 60 58 66 62 40:6.6723284e7
5 56 29 7 58 52 60 66 40 62 3:6.5374652e7
34 56 29 7 58 52 66 62 40 48:6.6926099e7
5 56 29 7 58 52 60 66 40 48 34 36 31 62 3:6.5176225e7
5 56 29 7 58 52 60 66 40 48 34 62:7.2875524e7
5 56 34 7 29 36 60 62 40 48:6.6938202e7
5 56 34 7 29 58 60 62 40 48:7.1556392e7
56 29 58 52 60 66 40 34 9 62 3:6.8746451e7
29 7 58 52 60 66 62 40:6.4959356e7
64 5 56 7 29 58 52 60 66 40 34 9 62:6.6498271e7
34 29 36 52 60 58 66 62 40:6.8119649e7
5 56 29 7 25 58 52 60 40 36 62:6.4835337e7
5 56 29 7 58 60 40 34 36 9 62 3:6.977199e7
5 56 29 7 58 52 60 40 36 62 3:6.6368324e7
56 29 7 58 52 60 66 40 48 34 9:6.5046531e7
56 29 58 9 60 62 40:6.5788477e7
64 5 56 7 29 58 52 60 40 48 34 36 62:6.7130287e7
5 56 29 7 58 52 60 40 48 34 36 31 62:6.7667591e7
5 56 29 7 58 60 66 40 48 34 9 62:6.9708171e7
5 29 7 58 52 60 66 40 48 34 36 9 62:6.8459497e7
56 29 58 52 60 66 40 34 36 9 62:7.3167211e7
5 56 29 7 58 52 60 48 34 36 62:6.844933e7
5 56 29 7 58 52 40 48 34 9 62:6.5988786e7
5 56 29 7 58 60 66 40 48 34 62 3:6.6582757e7
56 29 58 52 60 40 34 36 31 42 62:6.5184297e7
5 56 29 7 58 52 60 66 40 34 38 9 62:6.4911311e7
56 29 7 25 58 60 40 34 36 9 62:6.9227559e7
34 29 7 36 52 60 58 66 62 40:7.2580096e7
5 29 58 52 60 66 40 48 34 36 9 62:6.5410996e7
56 29 7 58 52 60 34 36 9 62 3:6.6880679e7
5 56 34 7 29 36 52 58 62 40:7.0825869e7
56 29 7 58 52 62 40:6.4891129e7
56 29 7 58 52 60 40 34 36 31 42 62 3:6.6126139e7
64 56 29 58 52 60 40 34 36 42 62:6.6360998e7
34 56 29 7 25 36 52 60 62 40:6.6307473e7
56 29 7 36 58 60 62 3 40:6.7506595e7
34 56 29 36 52 9 60 66 62 40:6.6266863e7
5 56 34 7 29 58 60 66 62 40:7.4026255e7
34 56 29 7 58 9 60 66 62 40:7.4890987e7
34 56 29 7 36 52 60 58 62 48:7.0523443e7
56 29 7 36 52 9 60 58 62 40:7.3314739e7
34 56 29 7 58 52 60 62 40:7.9354249e7
5 56 29 7 58 52 60 40 34 31 62 3:6.8588148e7
56 29 7 25 58 52 60 66 40 48 34 62:6.9021766e7
34 29 7 58 60 62 3 40:6.6265678e7
5 56 34 29 52 9 60 62 40:6.562348e7
56 29 58 60 66 40 48 34 36 62 3:6.6422478e7
34 56 29 7 58 31 60 42 62 40:6.6473795e7
64 56 29 58 52 60 40 34 36 9 62:6.5890135e7
64 56 29 7 58 60 66 40 34 36 62:6.7099613e7
34 56 29 36 58 60 42 62 40 48:6.5364331e7
5 29 7 58 60 66 40 48 34 36 9 62:6.6710897e7
34 56 29 7 36 9 60 62 40:6.9607057e7
34 56 29 36 52 9 60 62 40 48:6.6269955e7
5 56 34 7 29 36 60 62 40:6.8189725e7
34 29 7 25 36 58 60 62 40 48:6.5620468e7
5 56 29 58 52 60 66 40 34 36 9 62 3:6.6984586e7
34 56 29 7 58 60 42 62 3 40:6.5450582e7
5 56 29 7 58 60 66 40 34 36 62:7.4198588e7
5 56 29 7 58 52 60 66 34 36 62 3:6.4844253e7
5 56 29 7 58 60 40 34 36 62 3:7.069936e7
5 56 29 7 58 52 60 40 34 36 38 62:6.5411197e7
56 29 7 58 60 66 40 34 9 42 62:6.8193719e7
56 29 7 58 52 60 40 34 36 9 62 74:6.6398728e7
34 56 29 58 9 60 62 40:7.2220208e7
56 29 25 58 52 60 66 40 48 34 36 62:6.7814855e7
56 29 58 52 60 66 40 48 34 36 62:7.3045423e7
56 29 7 58 52 60 66 40 48 34 36 31 62 3:6.7035351e7
5 34 29 7 58 60 66 62 40:6.837069e7
56 29 7 58 52 60 66 40 34 9 62 74:6.4805569e7
34 56 29 7 36 58 60 40:6.7454483e7
64 5 56 7 29 58 52 60 40 48 34 36 9 62:6.5356238e7
34 56 29 58 9 60 62 40 48:6.8821494e7
5 56 34 7 29 58 60 62:6.6960521e7
5 56 29 7 58 52 60 66 40 34 36 62 3:7.1563685e7
56 29 7 58 60 66 40 48 34 31 62:6.5425846e7
34 29 7 36 52 60 58 62:6.5259083e7
64 56 29 7 58 52 60 40 34 31 42 62 3:6.573696e7
5 56 34 29 36 52 58 62 40:6.6110405e7
5 56 29 7 58 52 60 40 34 36 9 42 62:6.9034554e7
64 5 56 7 29 58 52 60 40 34 36 31 42 62:6.4839065e7
34 29 7 25 36 52 60 58 62 40:6.7835835e7
5 56 29 36 52 9 60 58 62 40:6.6248628e7
56 29 7 58 52 60 40 36 31 62 3:6.6171656e7
34 56 29 7 36 60 66 62 3 40:6.4912099e7
34 56 29 7 58 66 62 40 48:6.4788955e7
56 29 7 58 52 60 66 40 34 9 62:7.6929995e7
5 34 29 7 58 60 66 62 40 48:6.5798414e7
34 56 29 7 52 60 62 3 40:6.7453309e7
56 29 7 58 52 60 40 34 44 36 62:6.6573638e7
34 56 7 36 52 60 58 62 40 48:6.6742605e7
64 56 29 7 58 52 60 40 34 62 3:6.5806618e7
34 29 36 58 9 60 62 40:6.6648092e7
56 29 7 36 52 9 58 62 40:6.6288167e7
56 29 7 58 52 60 62 40 48:7.015826e7
5 56 29 7 58 52 60 40 34 36 42 62 3:6.5828744e7
29 7 58 52 60 66 40 48 34 36 9 62 3:6.5898599e7
56 29 7 58 52 60 66 34 9 62 3:6.5828446e7
34 56 29 7 36 58 9 60 66 62:6.7692321e7
5 56 34 29 36 58 60 62 3 40:6.6528767e7
5 56 29 7 58 40 48 34 36 9 62:6.6099625e7
56 29 7 58 52 60 40 34 36 62 74:6.7051915e7
56 29 7 58 52 60 40 34 36 62 3:7.4828215e7
56 29 7 58 52 60 40 48 34 36 31 9 62:6.7152567e7
64 56 29 7 58 52 60 40 34 36 62 3:6.5854893e7
5 56 29 7 52 60 66 40 34 36 62:6.9359729e7
56 29 58 52 60 66 40 34 36 31 62:6.7504518e7
5 34 29 7 58 52 31 60 62 40:6.6223902e7
56 29 36 58 60 66 62 40:6.5177631e7
5 56 34 7 29 36 58 60 66 40:6.4841077e7
5 56 29 58 52 60 40 48 34 9 62:6.9038278e7
56 29 7 58 52 60 40 48 36 42 62:6.5632458e7
56 29 7 58 52 60 40 34 44 9 62:6.600986e7
34 56 29 58 31 60 62 40:6.6684999e7
56 29 7 58 60 40 34 36 9 42 62:6.8725321e7
64 5 56 7 29 58 60 40 34 42 62:6.5906979e7
56 29 7 58 52 60 66 40 48 36 62 3:6.7436512e7
64 56 29 7 58 52 60 40 34 36 42 62:6.9313771e7
34 29 7 58 60 66 62 40 48:6.7129528e7
5 56 29 7 58 52 60 66 40 34 36 42 62 3:6.544178e7
64 56 29 7 58 52 60 66 40 34 36 31 42 62:6.6271386e7
34 56 29 36 52 9 60 58 40:6.534162e7
5 56 29 7 58 60 66 40 48 34 62:7.0857883e7
56 29 7 52 60 66 40 34 36 9 62 3:6.6003554e7
34 56 29 7 58 52 9 60 62 3:6.6892855e7
5 56 29 7 25 58 52 60 66 40 34 9 62:6.7314736e7
64 56 29 7 58 52 60 66 40 34 36 9 42 62:6.6671183e7
56 29 7 25 58 52 60 40 48 34 36 9 62:7.030143e7
56 29 36 52 60 58 62 40 48:6.7924187e7
34 56 29 7 58 60 40:6.6314233e7
34 56 29 7 58 62 40 48:6.6180964e7
56 29 58 52 60 66 40 34 36 42 62:6.7809996e7
34 29 58 52 60 66 62 40 48:6.4821815e7
56 29 7 25 58 52 60 40 48 34 62:7.0312772e7
56 29 58 52 60 40 48 34 36 31 62 3:6.5057419e7
34 56 29 7 58 52 9 60 62:7.0941851e7
5 56 34 7 29 36 52 60 62 40:7.0354275e7
5 34 29 7 58 9 60 62 3 40:6.4936234e7
56 29 7 58 52 60 40 34 36 42 62 3:6.7151533e7
56 29 7 58 60 66 40 34 31 42 62 3:6.4824432e7
5 56 29 7 52 60 40 34 9 62 3:6.5783266e7
5 56 29 7 58 52 60 66 48 34 36 9 62:6.6822291e7
5 56 29 7 58 52 60 40 34 36 9 62 3:7.1525574e7
5 34 29 58 52 60 66 62 40:6.5922708e7
34 56 29 7 36 58 9 60 40:6.7682749e7
34 56 29 7 58 52 60 66 62:6.9884619e7
56 29 25 58 60 40 48 34 36 9 62:6.5528397e7
34 56 29 36 52 60 58 62 40 48:7.4021717e7
34 56 29 7 58 31 60 62 40:7.0256714e7
5 56 29 58 52 60 66 40 34 31 62:6.622842e7
5 56 34 7 29 58 52 60 62 48:6.612352e7
64 56 29 7 58 52 60 40 34 9 62 3:6.4766798e7
5 56 29 7 58 52 60 66 40 34 9 42 62:6.8863084e7
56 29 7 58 52 60 66 40 34 36 9 42 62:6.9415145e7
5 29 7 58 52 60 40 34 36 31 62:6.6191572e7
64 56 34 7 29 58 9 60 62 40:6.6821799e7
34 56 29 58 52 60 66 62:6.4871944e7
34 56 29 36 58 60 66 62 3 40:6.7322343e7
56 29 25 58 52 60 66 40 34 9 62:6.5752669e7
29 7 58 52 60 66 40 34 36 9 62 3:6.7120473e7
56 29 58 52 60 66 40 48 34 36 31 62:6.6120353e7
56 29 58 52 60 66 40 34 31 42 62:6.4983508e7
5 56 29 7 58 52 60 66 48 34 36 62:6.7847226e7
34 29 7 36 58 31 60 66 62 40:6.5090141e7
64 56 29 7 58 52 60 40 48 34 42 62:6.6193324e7
56 29 7 58 60 46 66 40 34 36 62:6.5605905e7
5 34 29 36 58 9 60 62 40:6.5322548e7
56 29 7 36 58 9 60 62 40:7.1153656e7
56 29 7 25 58 60 40 48 34 36 62:7.0622608e7
56 29 7 58 52 60 66 40 34 36 31 9 62 3:6.6144049e7
34 56 29 7 36 52 62 40:6.5006651e7
64 56 29 7 58 52 60 66 40 34 36 9 62:6.7177226e7
56 29 7 58 60 40 34 31 42 62 3:6.5071796e7
56 29 7 36 52 60 62 40:6.605112e7
5 56 29 58 52 60 40 48 34 36 31 62:6.4964304e7
5 56 29 7 58 52 60 40 48 34 36:6.6742117e7
64 56 29 7 58 60 66 40 48 34 36 42 62:6.594857e7
56 29 7 58 60 66 62 3 40:6.5659861e7
34 56 29 58 52 9 60 62 40:7.4460773e7
5 56 34 7 29 58 52 60 40:6.7143231e7
5 56 29 7 58 52 66 40 34 36 62:6.8591791e7
34 56 29 58 52 9 60 62 40 48:7.0904567e7
5 34 29 7 58 52 60 62 40:7.1237519e7
56 29 7 58 52 60 40 36 9 62 3:6.8986063e7
34 56 29 7 36 52 9 62 40:6.4993776e7
64 5 56 34 29 58 52 60 62 40:6.5059582e7
56 29 58 52 60 40 48 34 36 31 62:6.6823668e7
56 29 7 58 52 60 46 66 40 34 62:6.7420747e7
64 56 29 7 58 60 66 40 34 36 9 62:6.5452694e7
34 56 29 7 58 60 62 40 48:7.3694607e7
56 29 7 25 58 52 60 66 40 48 34 9 62:6.6751688e7
5 56 29 7 52 60 66 40 34 9 62 3:6.4876882e7
34 56 29 7 58 9 62 3 40:6.5404468e7
56 29 7 58 52 60 66 40 48 34 31 62:6.7038212e7
34 56 29 36 52 60 62 40:6.73732e7
5 56 29 7 58 60 40 34 36 9 42 62:6.7392274e7
34 56 29 58 52 60 66 62 40:7.3241375e7
34 56 29 36 58 9 60 62 40:7.2637379e7
56 29 7 58 52 60 46 40 34 36 62:6.8444764e7
5 56 29 7 25 58 60 66 40 34 36 62:6.7749876e7
34 29 7 36 52 9 60 58 62:6.4936635e7
5 34 29 7 58 60 62 40:6.8997421e7
29 7 36 52 9 60 58 66 62 40:6.5371615e7
56 29 7 58 60 40 48 34 36 31 62 3:6.6190882e7
56 29 7 58 52 66 40 34 36 9 62 3:6.5326198e7
5 29 7 58 52 60 66 40 34 36 9 62 3:6.5681122e7
5 56 29 58 52 60 66 40 48 34 9 62:6.8242072e7
5 56 29 7 58 52 60 40 48 34 36 9 62:7.4415661e7
34 56 29 7 58 52 60 40:6.8790081e7
5 56 29 7 58 60 66 40 34 36 9:6.4847241e7
56 29 7 36 58 9 60 66 62 40:6.9460888e7
56 29 58 52 60 66 40 34 36 62 3:6.9371106e7
56 29 7 25 58 52 60 66 40 48 34 36 9 62:6.8607581e7
56 29 7 58 52 60 40 34 31 9 42 62:6.6020613e7
64 56 29 7 58 52 60 66 40 34 62 3:6.5100572e7
34 56 29 7 25 58 60 66 62 40:6.8695944e7
56 29 7 25 58 52 60 40 36 9 62:6.6669252e7
34 56 29 7 58 9 60 62 48:6.5424337e7
34 56 29 58 52 9 60 66 62 40:7.3042585e7
64 56 29 7 58 52 60 66 40 34 42 62:6.8770266e7
5 34 29 36 52 60 58 62 40:6.7511184e7
34 29 7 52 9 60 62 40:6.4815554e7
56 29 7 58 52 60 62 40:7.2947736e7
64 56 29 7 58 52 60 66 40 48 34 36 42 62:6.7705286e7
34 56 29 7 58 52 9 62 40:7.1712191e7
5 56 29 25 58 52 60 66 40 48 34 36 62:6.5996225e7
34 56 29 7 36 58 66 62 40:6.8004634e7
34 56 29 7 36 58 60 62 3 40:7.2774785e7
34 56 29 7 25 36 52 58 62 40:6.6368909e7
34 56 29 7 36 58 60 66 62:6.8298378e7
56 29 7 58 52 60 40 48 34 36 9 62 3:7.1620515e7
56 29 7 25 58 52 60 66 40 34 36 62:7.1551828e7
34 56 29 7 58 52 60 42 62 40:7.1784862e7
56 29 7 58 52 60 40 48 34 36 31 62:6.9712388e7
56 29 7 25 58 52 60 40 48 34 36 62:7.2630188e7
64 56 29 7 58 52 60 66 40 34 42 62 3:6.5193938e7
56 29 7 58 52 60 40 34 36 31 9 62 3:6.7635775e7
56 29 7 58 60 40 34 36 42 62 3:6.542514e7
56 29 58 52 60 66 40 34 31 9 62:6.6237885e7
5 56 29 58 52 60 66 40 48 34 62:6.8856021e7
34 56 29 7 58 60 42 62 40 48:6.6768462e7
5 56 29 7 52 60 40 34 36 9 62:6.9873897e7
29 7 58 52 60 66 40 48 34 36 62:7.1785835e7
56 29 58 52 60 66 40 34 36 9 42 62:6.6790702e7
56 29 58 60 66 40 48 34 36 9 62:6.9968559e7
5 56 34 7 29 58 60 40:6.4802166e7
56 29 7 25 36 58 60 62 40:6.592503e7
34 56 29 58 52 60 62 3 40 48:6.6840367e7
5 56 29 7 58 52 60 40 34 38 62:6.622541e7
56 29 25 58 60 66 40 48 34 36 62:6.5802856e7
5 56 29 7 25 58 52 60 66 40 34 62:6.8985679e7
29 7 58 52 60 40 34 36 9 62 3:6.8353291e7
56 29 58 60 66 40 34 36 9 62 3:6.6756706e7
5 56 29 58 52 60 40 34 36 31 62 3:6.5163787e7
5 56 29 7 58 52 66 40 48 34 36 62:6.7595384e7
5 56 29 25 58 60 40 48 34 36 62:6.4787758e7
56 29 7 36 58 60 62 40 48:7.0531441e7
5 56 29 58 60 66 40 48 34 36 9 62:6.8352911e7
5 56 34 7 29 36 58 60 62 48:6.6360906e7
34 56 29 36 52 60 66 62 40 48:6.5760145e7
34 29 7 58 52 60 42 62 40:6.6352226e7
5 56 29 7 58 60 66 40 48 34 36 62 3:6.844255e7
34 29 7 58 60 62 40 48:6.7769849e7
5 56 29 7 25 58 52 60 40 48 34 9 62:6.6307239e7
56 29 7 52 60 66 40 48 34 36 62:7.0116127e7
5 56 29 7 58 52 60 66 40 48 34 62 3:6.8412435e7
34 56 29 52 9 60 62 40:6.6951635e7
29 7 58 52 60 66 40 34 36 31 62 3:6.4991834e7
64 56 29 7 58 52 60 40 34 31 42 62:6.673823e7
64 56 34 29 36 52 60 58 62 40:6.678635e7
56 29 7 58 52 60 40 48 34 36 9 62:7.6676579e7
64 56 34 29 58 52 60 42 62 40:6.5914245e7
56 29 7 58 52 60 40 34 36 9 42 62:7.0442184e7
56 29 7 25 58 52 40 34 36 9 62:6.497503e7
5 29 7 58 52 60 66 40 48 34 36 62 3:6.5573413e7
5 56 29 7 58 52 60 66 40 34 42 62 3:6.5849326e7
5 56 34 7 29 36 58 60 66 62:6.6768914e7
5 56 29 7 58 60 66 62 40:6.6978924e7
56 29 7 58 9 60 66 62 3 40:6.5513688e7
34 56 29 7 58 9 60 42 62 40:6.9013275e7
5 56 29 7 58 52 60 66 40 34 36 31 62 3:6.6941784e7
56 29 7 58 52 60 40 48 34 36 42 62 3:6.5785888e7
56 29 25 58 52 60 40 48 34 36 9 62:6.7403791e7
56 29 7 58 52 60 40 31 9 62 3:6.481443e7
34 56 29 7 58 52 31 60 62 40:7.2078053e7
5 56 29 58 52 9 60 66 62 40:6.4964515e7
56 29 7 58 52 66 40 48 34 36 62:6.9312777e7
5 56 29 7 58 52 60 66 40 36 62:6.9733012e7
56 29 7 58 52 60 40 34 9 62 74:6.7105381e7
5 56 29 7 58 52 60 40 34 36 31 9 62:6.7806577e7
56 29 7 58 52 60 40 34 36 31 62:7.1803418e7
5 56 29 7 52 60 66 40 48 34 36 9 62:6.7262045e7
34 29 7 36 52 60 66 62 40:6.5007076e7
5 56 29 7 58 52 40 48 34 36 62:6.8961007e7
34 56 29 7 60 66 62 40:6.8110491e7
56 29 58 60 66 40 48 34 36 9 62 3:6.5529718e7
56 29 7 58 52 60 66 40 9 42 62:6.4952857e7
56 29 7 58 52 60 66 40 34 36 9 62:7.6676979e7
5 56 29 7 52 60 66 40 34 36 9 62:6.8601469e7
64 56 29 58 52 60 66 40 34 36 62:6.5936883e7
34 56 29 58 52 60 42 62 40 48:6.5144589e7
56 29 7 58 52 40 48 34 36 9 62 3:6.5379227e7
56 29 7 58 52 60 40 48 9 62 3:6.5375271e7
34 56 29 7 25 58 52 60 62 40:7.2115082e7
56 29 7 25 58 52 60 40 34 9 62 3:6.5483837e7
64 56 29 7 58 52 60 40 34 36 42 62 3:6.5296488e7
56 29 7 25 58 52 60 40 34 62 3:6.7027865e7
64 56 29 7 58 52 60 66 40 48 34 36 31 42 62:6.4944872e7
56 29 7 58 52 60 40 34 36 9 3:6.5339202e7
34 56 29 36 58 31 60 62 3 40:6.5218718e7
34 56 29 7 9 60 66 62 40:6.7981357e7
56 29 58 52 60 40 48 34 9 62 3:6.6290678e7
34 56 29 36 52 9 60 58 62 48:6.5763672e7
34 56 29 36 58 9 60 66 62 40:7.1128145e7
5 56 34 7 29 58 62 40:6.7905825e7
34 56 29 58 31 60 66 62 40:6.5774006e7
56 29 7 36 52 9 60 58 62:6.5611285e7
5 56 34 29 58 9 60 62 3 40:6.6349628e7
5 34 29 36 52 9 60 58 62 40:6.7356062e7
34 29 7 58 52 60 66 62 3 40:6.7602644e7
5 56 29 7 58 52 60 66 40 34 38 62:6.4890279e7
64 5 56 7 29 58 60 66 40 34 36 42 62:6.545445e7
29 7 36 52 9 60 58 62 40 48:6.5591899e7
56 29 7 58 52 60 66 40 36 9 62 3:6.7439371e7
56 29 7 36 52 9 60 62 40 48:6.4895149e7
34 29 58 52 9 60 66 62 40:6.7011526e7
56 29 7 58 52 60 40 48 34 36 31 42 62:6.6042582e7
34 56 29 7 58 52 60 62 48:6.7997061e7
34 56 29 7 58 9 60 40:6.7107664e7
5 56 29 7 58 60 66 40 34 36 9 42 62:6.6595117e7
34 56 29 58 52 62 40:6.6432004e7
5 56 29 7 58 60 40 34 31 9 62 3:6.5364056e7
56 29 7 58 52 60 40 34 44 36 9 62:6.5627739e7
56 29 7 58 52 60 66 48 34 36 62:6.9604602e7
29 7 58 52 60 66 40 34 31 9 62:6.4868685e7
5 56 29 7 25 58 52 60 66 40 48 34 36 9 62:6.682094e7
56 29 58 52 9 60 66 62 40:6.6881138e7
29 7 58 52 60 66 40 48 34 36 9 62:6.9954285e7
56 29 7 58 60 66 40 48 34 36 31 62 3:6.5514363e7
56 29 7 58 52 60 66 40 48 34 9 42 62:6.6479641e7
34 56 29 25 58 52 60 62 40:6.7900731e7
34 56 29 7 36 60 62 3 40:6.5886995e7
56 29 7 58 52 60 66 40 48 34 9 62 3:6.8824483e7
34 29 7 36 58 60 62 3 40:6.701425e7
56 29 7 52 60 66 40 34 36 62 3:6.689139e7
56 29 7 36 52 60 58 62 40 48:7.2844296e7
56 29 7 58 52 40 48 34 36 62 3:6.654344e7
34 56 29 58 52 9 60 62 3 40:6.9908263e7
34 56 29 7 58 60 66 62 40:7.5666039e7
56 29 7 58 52 60 66 40 34 42 62 3:6.6962666e7
56 29 7 58 52 60 66 62 3 40:6.7821272e7
5 56 29 7 25 58 52 60 66 40 34 36 62:6.9618032e7
5 34 29 7 36 58 60 62 40:6.9841965e7
5 56 29 7 58 52 60 40 34 36 31 62:6.9874421e7
5 56 34 29 25 58 52 60 62 40:6.6070239e7
64 56 29 58 52 60 40 34 36 9 42 62:6.5146078e7
5 56 29 7 52 60 66 40 34 62 3:6.5182858e7
64 5 56 7 29 58 52 60 40 34 9 62:6.7550186e7
34 56 29 7 52 60 62 40:7.1489119e7
5 56 29 7 58 60 66 40 34 36 9 62:7.3051296e7
5 56 29 7 58 52 60 66 40 36 9 62 3:6.4894549e7
64 5 56 7 29 58 52 60 40 34 36 62:6.8624103e7
34 56 29 58 52 31 60 62 3 40:6.7087734e7
56 29 7 58 60 66 40 48 34 36 62 3:7.0382773e7
5 56 29 58 52 60 66 40 48 34 36 9 62:7.0222166e7
5 56 29 58 52 60 66 40 34 36 9 62:7.1570347e7
5 56 29 7 58 60 40 48 34 36 9 62 3:6.7763982e7
5 56 29 7 58 52 66 40 48 34 62:6.5388572e7
64 56 29 7 58 52 60 40 48 34 36 31 62:6.476736e7
5 56 29 7 58 52 60 66 40 34 36 42 62:6.9733379e7
56 29 7 58 52 60 66 40 48 34 36 62 3:7.2280738e7
34 56 29 7 52 9 60 62 40 48:6.7932746e7
5 56 29 58 52 60 40 48 34 62 3:6.4978454e7
5 56 29 7 58 52 60 66 40 34 9 62:7.5362569e7
29 7 58 52 60 66 40 48 34 9 62:6.7824808e7
5 56 29 7 58 52 40 34 36 62 3:6.6387108e7
34 56 29 7 52 60 66 62 3 40:6.6573847e7
5 29 7 58 60 40 34 36 9 62 3:6.4927628e7
56 29 7 58 60 66 40 48 34 36 31 62:6.7259627e7
5 56 29 7 52 60 40 34 36 9 62 3:6.5546874e7
56 29 7 25 58 52 60 40 34 36 9 62 3:6.5795869e7
64 56 29 7 58 52 60 66 40 34 9 42 62:6.7133381e7
5 29 7 58 52 60 66 40 34 36 62:7.1083272e7
5 56 34 29 52 60 62 40:6.4807995e7
5 56 34 29 52 9 60 66 62 40:6.4778503e7
5 56 34 7 29 58 52 9 62 40:7.0209156e7
64 56 29 7 58 52 60 40 48 34 62:6.6746377e7
64 56 29 7 58 60 66 40 34 9 62:6.5737783e7
56 29 7 58 52 60 66 40 48 36 31 62:6.5319775e7
34 56 29 7 52 60 66 62 40 48:6.7726867e7
56 7 58 52 60 66 40 48 34 36 9 62:6.5097481e7
5 56 29 58 52 60 40 34 9 62 3:6.8272398e7
34 56 29 7 58 60 66 62 48:6.505402e7
5 56 29 25 58 52 60 40 34 36 9 62:6.6077768e7
5 56 34 7 29 36 52 60 58 62:6.9795135e7
5 56 29 7 58 52 60 40 34 42 62 3:6.6115504e7
34 29 7 36 52 60 58 62 3 40:6.9061255e7
34 29 58 52 60 62 40:6.7594117e7
56 29 7 58 52 60 40 34 9 42 62 3:6.6297089e7
56 29 7 58 52 60 66 40 48 34 9 62:7.324298e7
56 29 7 58 52 60 40 48 36 31 62:6.609659e7
5 56 34 29 36 52 9 60 58 62:6.5505205e7
5 29 7 58 52 60 40 48 34 36 9 62:6.9274747e7
5 56 29 7 58 52 60 62 40 48:6.6923979e7
5 29 7 58 52 60 66 40 34 9 62 3:6.5946747e7
34 56 29 58 52 9 62 40:6.7166777e7
5 56 29 7 58 52 60 46 40 34 62:6.6361427e7
5 56 29 25 58 52 60 66 40 34 62:6.5305305e7
56 29 36 52 9 60 58 62 3 40:6.4817472e7
5 56 29 7 58 52 60 40 34 31 62:7.033645e7
34 29 36 52 60 58 62 40 48:6.8169184e7
5 56 29 7 25 58 52 60 66 40 48 34 62:6.7153795e7
34 56 29 7 58 60 66 62:6.7591315e7
5 56 29 7 25 58 60 66 40 34 62:6.7053583e7
56 29 7 25 52 60 66 40 48 34 36 62:6.4879976e7
5 56 29 7 52 60 40 48 34 36 9 62:6.8156317e7
5 34 29 7 36 52 60 58 62 40:7.1979005e7
56 29 58 52 60 62 40 48:6.5034958e7
56 29 52 60 66 40 48 34 36 9 62:6.5296235e7
34 56 29 7 58 31 60 66 62 40:6.9150633e7
64 56 29 7 58 52 60 66 40 48 34 36 9 42 62:6.5321839e7
56 29 7 58 52 60 66 40 36 62 3:6.8333465e7
56 29 7 58 52 66 40 48 34 36 9 62:6.8110351e7
56 29 36 52 9 60 58 66 62 40:6.748954e7
56 29 7 25 58 60 40 48 34 36 62 3:6.5440165e7
56 29 7 58 60 66 40 34 36 9 62:7.4734841e7
5 56 29 7 58 52 60 40 34 36 62 74:6.5129586e7
5 56 29 7 58 52 60 40 48 34 36 31 9 62:6.5255719e7
56 29 7 58 52 60 66 40 48 34 36 42 62:7.0057791e7
5 56 29 7 58 52 60 40 34 36 62:7.7536359e7
34 29 7 58 9 60 66 62 40 48:6.5949403e7
56 29 7 58 52 60 66 40 34 31 9 62 3:6.7194751e7
56 29 7 58 52 60 40 48 34 9 42 62:6.7175985e7
34 56 29 7 58 31 60 62 40 48:6.6148754e7
64 56 29 7 58 52 60 40 34 36 9 62:6.8481888e7
56 29 7 58 60 40 48 34 36 9 62 3:6.9855076e7
56 29 7 58 52 60 40 34 9 62 3:7.3898606e7
5 56 29 7 25 58 60 66 40 48 34 62:6.5313e7
56 29 7 58 52 60 46 66 40 48 34 36 62:6.6173916e7
34 56 29 36 52 58 66 62 40:6.5594448e7
64 56 29 7 58 60 40 34 36 31 62:6.4880172e7
5 56 34 29 58 9 60 66 62 40:6.961558e7
56 29 7 58 52 60 66 40 48 34 36 9 62 3:7.0493865e7
5 56 29 7 58 52 60 40 34 44 9 62:6.477694e7
34 56 29 36 58 62 40:6.5251093e7
56 29 58 52 60 66 40 34 36 31 9 62:6.566262e7
5 56 29 7 58 60 66 40 34 62 3:6.9784582e7
56 29 7 58 52 60 66 40 34 36 31 62:7.0471823e7
5 56 29 7 58 52 60 40 36 9 62:7.0235338e7
56 29 58 52 9 60 62 40:6.8146626e7
56 29 7 58 52 60 66 40 36 9 62:7.1505474e7
34 56 29 36 9 60 62 40:6.5409977e7
34 56 29 7 36 58 60 62 48:6.8310728e7
34 56 29 36 58 60 66 62 40:7.1659314e7
56 29 7 58 60 66 40 34 36 31 62:6.8811047e7
5 56 29 7 58 60 66 40 34 31 62 3:6.6104652e7
56 29 58 52 60 40 34 36 9 62 3:6.9943237e7
29 7 36 52 9 60 58 62 40:6.6740032e7
64 56 29 7 58 52 60 66 40 48 34 36 62:6.7855487e7
56 29 7 58 52 60 66 34 36 9 62:6.9661707e7
5 29 58 52 60 66 40 34 36 9 62:6.6426195e7
34 56 7 58 52 9 60 62 40:6.7221229e7
34 29 7 58 52 9 60 62 40:7.2242792e7
5 56 29 7 52 60 40 48 34 36 62:6.9012856e7
5 56 34 7 29 58 52 62 40:7.0209351e7
34 56 29 7 36 58 62 40:7.0355336e7
34 56 29 36 52 31 60 58 62 40:6.8643273e7
64 56 34 7 29 36 58 60 62 40:6.8099262e7
5 56 29 7 25 58 52 60 40 34 36 9 62:6.8981396e7
56 29 7 58 52 60 66 40 48 36 9 62:7.0334567e7
56 29 58 52 60 40 48 34 36 31 9 62:6.4927473e7
5 56 29 7 58 9 60 66 62 40:6.7056389e7
56 29 7 36 58 60 66 62 3 40:6.6263196e7
5 56 29 7 58 52 60 40 34 31 42 62:6.648677e7
5 56 29 7 25 58 60 40 48 34 62:6.6170721e7
56 29 7 58 52 60 40 48 36 9 62 3:6.7373895e7
56 29 7 58 52 40 34 36 9 62 3:6.7408081e7
56 29 7 58 60 40 34 36 31 42 62:6.6189089e7
64 5 56 7 29 58 60 40 34 36 42 62:6.5917635e7
5 56 29 7 58 52 60 66 48 34 62:6.5627696e7
34 56 29 58 60 42 66 62 40:6.5438488e7
34 56 29 7 58 52 9 62 40 48:6.7685786e7
56 29 58 52 9 60 62 40 48:6.523715e7
56 29 58 52 60 40 48 34 36 9 62:7.3168665e7
5 56 29 7 25 58 52 60 40 34 9 62:6.8649693e7
5 56 34 7 29 58 9 66 62 40:6.607738e7
56 29 7 58 60 66 40 48 34 36 62:7.5005355e7
56 29 58 52 60 66 40 48 34 36 9 42 62:6.5640517e7
5 56 29 7 58 60 40 48 34 9 62:7.064905e7
56 29 25 58 52 60 66 40 48 34 62:6.5437466e7
34 29 7 58 52 60 62 40:7.2777666e7
56 29 7 58 52 60 66 40 34 36 31 62 3:6.8703155e7
64 56 29 7 58 52 60 66 40 34 36 42 62 3:6.5006892e7
5 56 34 29 25 36 58 60 62 40:6.5114188e7
56 29 7 58 52 60 66 40 34 62 3:7.3451809e7
56 29 7 58 52 60 66 40 34 9 62 3:7.2508937e7
34 29 7 36 52 60 62 40:6.5872914e7
56 29 7 58 52 60 40 48 34 62 3:7.1100737e7
5 56 34 7 29 36 58 9 60 62:6.7424796e7
56 29 7 58 60 66 40 48 34 36 9 62:7.3318089e7
34 56 29 7 58 52 42 62 40:6.4985073e7
34 29 7 58 52 60 62 40 48:6.9976103e7
34 56 29 52 60 62 40:6.6193062e7
56 29 36 52 60 58 62 40:6.875921e7
5 56 29 7 25 58 52 60 40 48 34 36 62:7.0220124e7
5 56 29 7 58 52 60 40 48 34 62 3:6.8975745e7
5 56 29 58 52 60 66 40 34 36 9 42 62:6.5657803e7
34 56 29 7 36 58 60 40 48:6.6508569e7
56 29 7 58 9 60 62 3 40:6.67709e7
5 56 34 7 29 36 58 60 62:6.7616815e7
56 29 58 52 60 66 40 48 34 36 9 62 3:6.7307346e7
29 7 36 52 60 58 66 62 40:6.6260615e7
56 29 7 58 52 60 40 34 36 31 42 62:6.7730714e7
5 56 29 7 58 52 60 40 34 44 62:6.5139096e7
64 56 34 7 29 58 60 62 40 48:6.4814486e7
5 56 29 7 60 40 48 34 36 9 62:6.6293747e7
5 56 34 29 36 52 60 58 62 40:7.3201169e7
64 56 29 7 58 60 40 34 9 42 62:6.6016714e7
5 56 34 29 58 52 9 62 40:6.5899774e7
56 29 7 58 52 60 40 34 36 31 62 3:6.9919985e7
56 29 7 25 58 52 40 48 34 36 62:6.5789166e7
5 56 29 7 58 52 60 40 34 31 42 62 3:6.5016376e7
29 7 58 52 60 40 48 34 36 62 3:6.7815851e7
64 5 56 7 29 58 52 60 66 40 34 62:6.76909e7
29 7 58 52 60 40 48 34 9 62 3:6.4787159e7
34 56 29 7 36 58 9 60 66 40:6.6246427e7
34 56 29 36 58 31 60 62 40:6.6820672e7
29 7 58 52 60 40 48 34 36 9 62:7.1093428e7
56 29 7 58 60 66 40 34 36 31 62 3:6.7115089e7
56 29 7 58 60 40 34 36 9 62 3:7.1742679e7
64 56 29 7 58 52 60 66 40 34 36 31 42 62 3:6.5213368e7
56 29 7 58 52 60 66 40 34 9 42 62:6.9934127e7
5 56 29 25 58 52 60 66 40 34 36 62:6.6240988e7
34 56 29 7 36 60 62 40:7.0000844e7
5 56 29 7 58 52 60 40 48 36 62:6.9332807e7
56 29 7 58 60 62 40:7.0448115e7
5 56 29 7 25 58 52 60 40 34 62 3:6.5081918e7
5 56 34 29 36 52 9 60 62 40:6.6010335e7
5 56 34 29 36 58 60 42 62 40:6.5053423e7
5 56 29 7 58 60 40 48 34 36 62 3:6.9042337e7
56 29 7 58 52 60 66 40 34 31 42 62 3:6.6339315e7
5 56 34 29 36 58 60 66 62 40:7.0025995e7
34 29 58 9 60 66 62 40:6.4868831e7
64 5 56 34 7 29 58 60 62 40:6.6549814e7
34 29 7 58 9 60 62 3 40:6.6293078e7
34 56 29 7 36 60 66 62 40:6.8807756e7
5 56 29 7 58 60 66 40 48 34 9 62 3:6.5423986e7
5 56 29 58 60 66 40 48 34 9 62:6.6343543e7
56 29 7 25 58 60 40 48 34 9 62:6.6527981e7
34 56 29 7 36 52 31 58 62 40:6.571337e7
5 56 34 7 29 36 58 66 62 40:6.651436e7
56 29 7 58 52 60 66 40 34 36 31 9 62:6.7969377e7
5 56 29 58 52 60 40 48 34 36 9 62 3:6.6267895e7
34 56 7 36 52 60 58 62 40:6.7825627e7
5 56 34 29 36 58 31 60 62 40:6.5167551e7
5 56 29 58 52 60 66 40 48 34 36 62 3:6.659211e7
34 29 7 36 58 60 62 3 40 48:6.5855081e7
64 56 29 58 52 60 40 48 34 36 62:6.5659512e7
5 56 29 7 58 52 60 62 3 40:6.5966842e7
56 29 7 58 52 60 40 34 31 42 62 3:6.6625014e7
5 56 29 7 58 52 60 40 34 36 62 3:7.2643069e7
56 29 7 58 52 9 60 42 62 40:6.5639842e7
56 29 7 25 58 60 66 40 48 34 9 62:6.5037675e7
56 7 58 52 60 66 40 48 34 36 62:6.5957566e7
56 29 7 58 52 60 66 40 48 34 36 9 42 62:6.8030174e7
5 56 29 58 52 60 40 34 36 9 62 3:6.8091712e7
5 56 34 7 29 58 9 60 40:6.5648027e7
56 29 7 36 58 60 66 62 40:7.0142828e7
34 56 29 36 52 9 60 58 66 62:6.5836834e7
5 56 29 36 52 60 58 62 40 48:6.485741e7
34 29 7 58 60 66 62 3 40:6.5546289e7
34 56 29 58 9 60 42 62 40:6.5711844e7
34 29 7 25 58 52 60 66 62 40:6.5481306e7
5 56 29 7 36 52 60 58 62 40:7.0635713e7
5 56 29 58 52 60 40 48 34 36 62 3:6.70787e7
56 29 7 58 52 60 66 40 34 31 42 62:6.7681702e7
56 29 7 25 58 60 66 40 48 34 36 9 62:6.6913992e7
34 56 29 58 9 60 42 66 62 40:6.5116763e7
56 29 7 25 58 52 9 60 62 40:6.5767749e7
64 56 29 7 58 52 60 40 34 36 31 62:6.6528477e7
34 56 29 25 36 58 60 62 40 48:6.6824318e7
34 56 29 7 36 52 60 62 40:7.2288997e7
56 29 7 58 52 60 66 40 34 36 62:7.8236244e7
34 56 29 7 36 58 9 66 62 40:6.7382585e7
64 5 56 7 29 58 52 60 40 34 31 42 62:6.5182624e7
56 29 7 58 52 60 66 40 48 34 36:6.7870143e7
56 29 7 58 52 60 66 40 34 31 62:7.0896411e7
34 56 29 36 58 60 42 66 62 40:6.5868282e7
5 56 34 29 58 31 60 62 40:6.5222842e7
5 56 29 7 58 60 66 40 48 34 36 42 62:6.6847835e7
56 29 7 58 60 66 40 36 9 62 3:6.5581931e7
5 56 34 29 36 52 60 66 62 40:6.4995844e7
5 56 29 7 58 52 60 40 48 34 36 9 62 3:6.9433116e7
56 29 7 52 60 66 40 34 9 62 3:6.6203729e7
5 56 29 7 25 58 60 40 34 36 9 62:6.7245373e7
34 56 29 7 58 52 60 62 74 40:6.7303852e7
34 29 7 58 9 60 66 62 40:6.8916131e7
5 34 29 7 58 9 60 66 62 40:6.783268e7
56 29 25 58 52 60 66 40 34 36 62:6.7963663e7
64 56 29 7 58 52 60 66 40 34 36 62 3:6.501166e7
34 56 29 7 36 58 9 60 62 3:6.5004154e7
34 56 29 36 52 60 58 62 3 40:7.0474229e7
56 29 7 36 52 60 66 62 40:6.4874402e7
5 56 7 58 52 60 66 40 34 9 62:6.4906509e7
5 56 29 7 58 52 40 34 36 9 62 3:6.5698482e7
56 29 7 58 60 66 40 48 36 9 62:6.8364741e7
5 56 29 7 58 52 60 66 62 40:6.9214709e7
29 7 58 52 60 40 34 36 31 62 3:6.5918847e7
34 56 29 7 60 62 40:6.9104096e7
34 56 29 58 52 31 60 62 40:6.8592602e7
64 56 34 7 29 58 60 62 40:6.7749819e7
34 56 29 58 60 66 62 40 48:6.8319284e7
5 56 29 7 58 52 31 60 62 40:6.5153668e7
34 56 29 7 58 52 31 60 62:6.5361987e7
5 56 34 7 29 58 60 62 3 40:7.062624e7
5 56 29 7 58 52 60 40 48 34 9 62:7.2527244e7
64 56 29 58 52 60 66 40 34 36 9 62:6.480159e7
5 56 29 7 58 52 60 66 40 34 42 62:6.993627e7
34 56 29 7 60 62 40 48:6.6343809e7
34 29 7 36 52 60 58 62 40 48:7.2646159e7
56 29 36 58 9 60 66 62 40:6.5345102e7
34 56 29 7 58 66 62 40:6.7294027e7
29 7 36 52 60 58 62 40 48:6.6590847e7
56 29 58 52 60 62 40:6.735284e7
56 29 7 58 52 60 42 66 62 40:6.5645511e7
56 29 7 58 52 60 66 40 48 34 36 42 62 3:6.5609286e7
64 5 56 7 29 58 60 40 34 9 42 62:6.4831686e7
56 29 7 58 52 60 66 40 34 44 62:6.499164e7
34 56 29 52 60 66 62 40:6.5396993e7
56 29 7 25 58 52 60 66 40 48 34 36 62:7.1219036e7
34 56 29 7 36 58 60 66 62 48:6.7482928e7
56 29 7 60 66 40 48 34 36 9 62:6.6967563e7
64 5 56 7 29 58 52 60 66 40 34 42 62:6.7372621e7
5 29 7 25 58 52 60 40 34 36 62:6.6023611e7
5 56 34 29 58 52 60 62 40:7.2570477e7
64 56 29 7 58 60 66 40 34 36 42 62:6.6955321e7
5 56 29 7 25 58 60 66 40 34 9 62:6.5592372e7
5 56 29 7 58 60 66 40 34 36 31 62:6.7166713e7
34 56 29 58 60 62 40 48:6.9075541e7
34 56 29 7 58 52 62 3 40:6.7612329e7
34 56 29 36 58 31 9 60 62 40:6.5465273e7
64 56 29 7 58 60 40 34 36 31 42 62:6.4968929e7
56 29 7 58 52 60 66 40 48 34 36 9:6.7194321e7
56 29 7 58 52 60 66 40 36 9 42 62:6.4864197e7
64 5 56 29 58 52 60 40 34 36 62:6.5489122e7
34 56 29 58 60 62 3 40 48:6.4761713e7
5 56 29 7 58 60 40 34 36 9 62:7.4509467e7
34 56 29 7 36 52 60 42 62 40:6.5445709e7
34 29 7 36 58 60 62 40:7.1505958e7
5 56 34 29 36 58 60 62 40:7.0957297e7
34 56 29 36 58 60 62 40:7.2874573e7
56 29 7 58 52 60 40 34 36 9 42 62 3:6.5720659e7
56 7 58 52 60 40 48 34 36 9 62:6.6156731e7
34 56 29 7 36 58 9 60 62:6.9111977e7
34 56 29 36 58 9 60 62:6.4895742e7
5 29 7 58 52 60 66 40 34 31 62:6.5534197e7
34 56 29 7 36 58 31 60 62 40:7.0067081e7
34 56 29 25 58 60 62 40:6.568066e7
34 56 29 7 36 52 31 60 62 40:6.582308e7
64 5 56 7 29 58 52 60 66 40 34 36 9 42 62:6.5309075e7
5 56 29 7 58 52 60 66 40 48 34 36 9 42 62:6.6703681e7
56 29 7 58 60 66 48 34 36 9 62:6.6521317e7
5 56 34 7 29 36 58 9 62 40:6.8287639e7
34 56 29 7 9 60 62 40 48:6.5933295e7
56 29 36 52 9 60 58 62 40 48:6.773492e7
64 56 29 58 52 60 66 40 34 42 62:6.5684379e7
5 56 29 7 58 60 40 48 34 36 9 62:7.2566741e7
64 5 56 7 29 58 52 60 66 40 48 34 36 62:6.638369e7
5 56 29 7 58 52 60 34 9 62 3:6.5336862e7
5 56 29 58 52 60 66 40 34 36 42 62:6.6552282e7
5 56 29 7 58 52 60 40 34 31 9 62:6.8725787e7
34 29 36 58 60 66 62 40 48:6.5387684e7
64 56 34 7 29 58 60 66 62 40:6.6902276e7
56 29 7 58 52 60 66 40 34 36 9 62 3:7.2027026e7
56 29 58 52 60 66 40 48 36 9 62:6.6576534e7
34 56 29 7 36 52 60 58 42 62:6.4856344e7
64 56 29 7 58 52 60 66 40 34 62:6.8887491e7
64 56 34 7 29 58 31 60 62 40:6.4960446e7
34 56 29 58 9 60 66 62 40 48:6.7798127e7
56 29 7 58 31 60 62 40:6.5710796e7
56 29 7 36 52 60 58 62:6.5459351e7
64 56 34 7 29 58 60 42 62 40:6.7257171e7
56 29 7 58 52 60 66 40 34 36 9 42 62 3:6.5085607e7
34 56 29 58 52 60 62 40:7.4361768e7
5 29 7 25 58 52 60 40 48 34 36 62:6.5683328e7
64 56 29 7 58 60 40 48 34 36 9 62:6.5040874e7
56 29 7 58 52 31 60 66 62 40:6.6611558e7
5 56 29 7 58 66 40 34 36 9 62:6.6023264e7
56 29 7 58 60 40 48 34 36 31 9 62:6.569069e7
34 56 29 7 36 52 58 42 62 40:6.541707e7
34 29 7 58 52 60 66 62 40 48:6.9242527e7
34 56 29 7 58 52 60 62:7.0919697e7
5 56 29 7 58 52 40 48 34 36 9 62:6.7977297e7
5 29 7 58 52 60 40 34 9 62 3:6.6789821e7
34 56 29 7 9 60 66 62 40 48:6.4913356e7
34 56 7 58 52 9 60 66 62 40:6.6005869e7
34 56 29 25 58 52 60 62 40 48:6.6428421e7
56 29 7 58 60 62 40 48:6.7816131e7
5 56 29 7 58 60 40 48 34 36 31 62:6.6101409e7
5 56 29 7 36 58 60 62 40 48:6.7196015e7
5 56 29 7 58 52 60 40 34 36 42 62:7.0358563e7
5 56 29 7 58 52 60 66 40 34 36 9 62:7.4902855e7
5 56 29 7 58 60 66 40 48 34 36 9 62 3:6.6970146e7
64 5 56 7 29 58 52 60 66 40 34 36 62:6.7639872e7
5 56 29 7 58 52 60 62 40:6.9938395e7
56 29 7 58 52 40 48 34 36 9 62:6.9849403e7
5 56 29 7 58 52 60 40 48 34 31 62:6.5917702e7
34 29 36 52 9 60 58 62 40:6.8796115e7
34 56 29 7 25 58 60 62 40:6.9989069e7
5 34 29 36 58 60 62 40:6.5252329e7
29 58 52 60 66 40 48 34 36 9 62:6.6698948e7
34 56 29 58 31 60 62 3 40:6.5273571e7
29 7 58 52 60 40 48 34 36 31 62:6.6017443e7
5 56 34 7 29 52 9 60 62 40:6.9862542e7
34 56 29 7 25 58 60 62 40 48:6.8284768e7
64 56 29 7 58 60 40 34 36 42 62:6.7446159e7
64 56 34 29 58 52 9 60 62 40:6.575957e7
34 29 7 58 52 31 60 66 62 40:6.6712662e7
56 29 7 58 52 60 66 40 36 42 62:6.607224e7
5 56 29 7 25 58 60 66 40 48 34 36 9 62:6.5210301e7
5 29 7 58 52 60 66 40 34 62 3:6.6324408e7
5 56 29 58 52 60 66 40 34 62 3:6.7522747e7
5 34 29 7 36 58 60 66 62 40:6.9036219e7
29 7 58 52 60 66 40 34 36 62 3:6.8072777e7
64 5 56 7 29 58 60 40 48 34 36 62:6.5295242e7
34 56 29 7 58 52 9 66 62 40:6.9283315e7
34 56 29 36 52 58 66 62 40 48:6.4977967e7
56 29 7 25 52 60 66 40 34 36 62:6.5045692e7
5 29 7 58 52 60 66 40 34 9 62:6.9759637e7
34 56 29 7 58 52 9 60 62 40:7.8639281e7
5 56 29 7 58 52 60 66 40 48 34 36:6.6131531e7
5 56 29 7 58 52 60 40 48 34 36 62:7.5879898e7
64 56 29 7 58 52 60 66 40 34 36 42 62:6.8769465e7
5 56 29 58 52 9 60 62 40:6.5719793e7
5 56 34 7 29 58 52 9 60 62:6.9371399e7
34 29 7 36 58 31 60 62 40:6.6023489e7
56 29 7 58 52 9 60 62 40 48:6.9494746e7
34 56 29 7 36 58 62 3 40:6.6079081e7
34 56 29 36 52 9 58 66 62 40:6.5553311e7
34 29 58 52 9 60 62 40:6.8011654e7
56 29 7 58 52 60 48 34 36 9 62 3:6.5209454e7
5 56 34 29 58 52 62 40:6.5117673e7
34 56 29 7 60 66 62 40 48:6.5590377e7
56 29 58 52 60 66 40 34 31 62 3:6.6183012e7
5 56 29 58 60 66 40 34 36 62 3:6.5726796e7
34 56 29 7 58 9 60 62 40 48:7.2627255e7
34 56 29 7 58 52 60 40 48:6.61476e7
64 5 56 7 29 58 52 60 40 34 9 42 62:6.6523531e7
64 56 29 7 58 52 60 66 40 34 9 62:6.7534369e7
5 56 29 7 58 60 66 40 34 42 62:6.8073325e7
5 56 29 7 58 52 60 66 40 48 34 36 9 62 3:6.8582369e7
5 56 29 7 58 52 60 40 34 62 74:6.5571166e7
34 56 29 36 52 60 58 66 62 40:7.392474e7
5 56 29 7 58 52 60 48 34 36 9 62:6.7666841e7
56 29 7 58 9 60 62 40:7.0617023e7
34 56 29 36 52 60 66 62 40:6.6375744e7
34 56 29 7 52 9 60 66 62 40:7.0034015e7
34 56 29 7 58 9 60 66 62:6.7545425e7
56 29 7 58 60 46 40 48 34 36 62:6.5431059e7
34 29 7 36 58 60 62 40 48:7.0475367e7
56 29 7 36 58 60 62 40:7.1569191e7
64 5 56 7 29 58 52 60 66 40 34 36 9 62:6.5982191e7
34 56 29 58 52 9 60 42 62 40:6.7612529e7
56 29 7 58 52 66 40 48 34 9 62:6.6088e7
64 5 56 7 29 58 60 40 34 36 62:6.6715806e7
56 29 7 25 58 52 60 66 40 36 62:6.6581252e7
34 56 29 7 58 52 9 60 3 40:6.5142163e7
5 56 34 7 29 36 58 62 40:6.8619213e7
5 56 29 7 58 60 40 34 9 42 62:6.7853822e7
56 29 7 58 52 60 40 48 34 31 62:6.7821545e7
34 29 7 58 9 60 66 62 3 40:6.5321622e7
34 56 29 7 58 62 3 40:6.5425657e7
5 56 29 7 58 52 60 40 48 9 62:6.6495117e7
5 56 34 29 36 52 9 58 62 40:6.6341621e7
64 5 56 7 29 58 52 60 40 34 36 9 42 62:6.6019156e7
56 29 58 52 60 66 40 48 34 62 3:6.6221907e7
5 56 29 7 58 52 60 66 40 34 31 62:6.9352882e7
5 56 29 7 58 52 60 66 40 48 34 9 62 3:6.7064055e7
64 5 56 7 29 58 60 40 34 36 9 62:6.5445752e7
56 29 7 58 60 40 48 36 9 62 3:6.5504434e7
64 56 29 7 58 52 60 40 34 36 31 62 3:6.5218392e7
5 29 7 58 52 60 40 34 36 62 3:6.7338507e7
64 5 56 7 29 58 52 60 66 40 34 9 42 62:6.5928185e7
56 29 7 58 52 66 40 48 34 36 62 3:6.5212178e7
5 56 34 29 36 58 9 60 62 40:7.0835387e7
56 29 7 58 52 60 66 48 34 36 62 3:6.5498889e7
56 29 7 25 58 52 60 40 48 34 62 3:6.5225549e7
5 56 29 7 58 52 60 66 40 48 34 31 62:6.5346828e7
5 56 29 58 52 60 66 40 34 9 42 62:6.5986012e7
56 29 58 52 60 40 48 34 36 42 62:6.7298934e7
56 29 58 52 60 40 34 36 31 9 62:6.7098666e7
56 29 7 58 52 60 40 48 34 36 62 3:7.3215022e7
5 56 29 7 58 52 60 66 34 9 62:6.83367e7
56 29 7 58 52 60 40 34 36 31 9 62:6.9594345e7
56 29 7 58 60 40 34 36 31 9 62:6.8047044e7
56 29 7 58 60 66 40 34 36 31 42 62:6.571683e7
56 29 7 58 60 66 40 34 31 9 62:6.7310588e7
56 29 7 58 52 60 40 48 34 36 62:7.834205e7
34 56 29 58 31 9 60 62 40:6.5803679e7
56 29 7 36 52 58 62 40 48:6.5024568e7
34 29 58 52 60 66 62 40:6.692262e7
5 56 29 7 60 66 40 34 36 9 62:6.673626e7
5 56 34 29 58 60 62 40 48:6.722067e7
56 29 7 58 60 66 40 34 36 62 3:7.1520337e7
56 29 7 58 60 66 40 48 34 36 9 42 62:6.6445744e7
34 56 29 7 36 52 60 58 66 40:6.860679e7
5 56 34 29 58 52 9 60 62 40:7.2775534e7
56 29 7 58 52 66 40 34 36 62 3:6.6169332e7
56 29 7 25 58 52 60 40 34 9 62:7.0542752e7
5 29 7 58 52 60 40 34 36 9 62 3:6.6686027e7
34 56 29 36 52 9 60 58 62:6.7066685e7
64 56 29 7 58 60 66 40 34 36 9 42 62:6.5037412e7
29 7 36 52 60 58 62 40:6.7318929e7
34 29 7 36 52 9 58 62 40:6.564908e7
34 56 29 7 52 60 42 62 40:6.5061418e7
34 56 29 58 52 60 42 62 40:6.7870607e7
29 7 58 52 60 66 40 34 9 42 62:6.4861907e7
56 29 7 25 58 52 60 40 48 34 36 62 3:6.7237067e7
5 56 29 7 58 60 40 34 36 31 62 3:6.6390083e7
5 56 34 7 29 58 52 60 62 3:6.5350987e7
64 5 56 7 29 58 52 60 40 48 34 62:6.5320215e7
34 56 29 7 58 9 60 62 3 40:7.1957575e7
5 56 34 7 29 58 52 9 60 40:6.7775632e7
56 29 7 25 58 52 60 40 48 36 9 62:6.6151677e7
34 29 7 36 52 60 62 40 48:6.5064949e7
5 56 34 7 29 58 52 60 62 40:7.7281881e7
5 56 34 7 29 36 58 9 60 40:6.5984998e7
64 56 34 29 58 52 60 62 40:6.6169313e7
5 56 29 7 58 52 60 66 40 9 62 3:6.5161906e7
34 29 7 58 31 60 62 40:6.5777235e7
34 56 29 7 36 58 9 62 3 40:6.55228e7
5 56 29 7 36 58 60 62 40:6.8409025e7
5 56 29 7 58 60 66 40 48 34 36 9 42 62:6.5184546e7
34 56 29 58 9 60 66 62 40:7.0906649e7
56 29 7 36 52 58 62 40:6.6277375e7
5 56 29 58 52 60 40 48 34 36 9 62:7.1123224e7
29 7 25 58 52 60 40 48 34 36 62:6.7601482e7
56 29 7 58 52 60 40 48 34 42 62:6.8638163e7
34 56 29 36 52 60 58 62 48:6.5875399e7
5 56 29 7 58 60 40 34 31 42 62:6.493937e7
34 29 7 36 58 9 60 66 62 40:6.9202011e7
5 56 29 7 58 52 60 66 40 48 34 36 9:6.5580747e7
64 56 29 7 58 52 60 40 34 9 62:6.8690257e7
34 56 29 25 58 9 60 62 40:6.5142721e7
5 56 34 7 25 29 58 60 62 40:6.8015242e7
5 56 29 7 25 58 60 40 48 34 36 9 62:6.6442411e7
34 56 29 58 60 62 40:7.1892951e7
34 56 29 36 58 60 62 40 48:7.1739666e7
5 56 29 58 52 60 40 34 36 31 9 62:6.546091e7
5 56 29 7 58 60 40 34 31 62 3:6.6934918e7
56 29 7 58 52 60 66 40 48 34 62:7.4792107e7
34 56 29 58 52 60 62:6.5599505e7
34 56 29 7 36 60 62 40 48:6.8889091e7
34 56 29 7 36 58 60 66 40 48:6.5676918e7
5 56 29 7 58 60 66 40 34 31 62:6.7682031e7
5 29 58 52 60 66 40 48 34 36 62:6.6233535e7
5 56 29 7 58 52 60 66 40 34 62 3:7.174687e7
5 56 29 7 60 66 40 48 34 36 9 62:6.5471596e7
56 29 7 25 58 60 66 40 34 36 9 62:6.7466437e7
5 56 29 58 52 60 40 48 36 9 62:6.4854624e7
5 56 29 58 52 60 66 40 34 42 62:6.6399136e7
34 56 29 7 58 52 66 62 3 40:6.5833141e7
34 56 29 7 58 52 9 60 62 48:6.7437386e7
5 56 34 7 29 58 52 66 62 40:6.82076e7
56 29 7 58 60 66 40 34 36 31 9 62:6.6497637e7
5 56 29 7 58 60 40 34 36 31 62:6.8222815e7
56 29 58 52 60 66 40 34 36 9 62 3:6.8603648e7
64 5 56 7 29 58 60 40 34 9 62:6.5748144e7
5 56 29 7 36 58 9 60 62 40:6.8229162e7
56 29 7 58 52 60 48 34 36 9 62:6.9591587e7
5 56 29 7 52 60 66 40 34 36 62 3:6.5281409e7
5 56 7 58 52 60 66 40 34 36 9 62:6.4912275e7
5 56 29 7 58 52 60 66 40 34 31 9 62 3:6.5711946e7
34 29 7 36 58 60 66 62 40 48:6.9708298e7
5 34 29 7 58 52 60 62 3 40:6.6922203e7
5 56 29 7 52 60 66 40 34 9 62:6.8765797e7
64 56 29 58 52 60 66 40 48 34 36 62:6.5017199e7
34 29 7 58 52 31 60 62 3 40:6.5957495e7
5 29 7 58 52 60 66 40 34 36 9 62:6.9737427e7
5 56 29 25 58 52 60 40 34 36 62:6.7149873e7
5 56 34 29 58 60 66 62 3 40:6.5482587e7
34 56 29 7 25 58 52 62 40:6.5120742e7
5 56 29 7 58 60 40 34 9 62 3:7.0198976e7
5 56 34 29 58 60 66 62 40 48:6.6745752e7
5 56 29 7 58 52 60 40 48 34 36 31 62 3:6.5693346e7
64 56 34 7 29 58 52 60 62 40:6.9807422e7
56 29 7 52 60 40 48 34 36 62 3:6.6641182e7
64 56 29 7 58 52 60 40 34 36 62:7.0084811e7
56 29 58 52 60 66 62 40:6.637651e7
64 5 56 7 29 58 52 60 40 34 36 42 62:6.7709371e7
5 56 29 7 60 66 40 48 34 36 62:6.6362187e7
5 29 7 58 60 66 40 48 34 36 62:6.8197318e7
56 29 7 58 9 60 66 62 40:6.9135162e7
34 56 29 36 52 9 58 62 40 48:6.6019706e7
5 56 29 58 52 60 66 40 48 34 36 42 62:6.5607126e7
5 56 34 29 58 9 60 62 40:7.0647048e7
56 7 58 52 60 66 40 34 36 9 62:6.6218333e7
5 56 34 29 58 52 60 62 40 48:6.940392e7
5 56 29 7 58 52 60 40 34 36 31 42 62:6.5956112e7
64 56 29 7 58 60 40 34 36 9 62:6.6685484e7
56 29 7 25 58 52 60 40 34 36 62 3:6.7769419e7
34 56 29 36 52 60 58 66 62:6.5860493e7
5 56 29 7 58 66 40 48 34 36 62:6.5592713e7
34 56 29 52 9 60 66 62 40:6.5846851e7
5 56 29 7 58 52 40 34 9 62 3:6.5883382e7
5 56 29 7 58 52 60 66 40 34 36 9:6.6787623e7
56 29 7 58 52 60 66 40 34 31 9 42 62:6.5377328e7
34 29 58 52 9 60 62 40 48:6.5089566e7
34 56 29 25 36 58 9 60 62 40:6.6034131e7
34 29 7 58 52 31 60 62 40:6.7573832e7
5 56 29 7 58 60 40 48 34 9 62 3:6.612725e7
5 56 29 7 58 52 60 66 40 48 34 36 62 3:7.0244382e7
34 29 36 58 60 62 40:6.6603038e7
5 56 34 7 29 9 60 66 62 40:6.6803718e7
64 56 29 7 36 52 60 58 62 40:6.482266e7
5 56 34 7 29 58 52 62 40 48:6.6616023e7
5 56 29 7 58 52 60 40 34 36 31 9 62 3:6.5770276e7
34 56 29 7 36 58 66 62 40 48:6.7204907e7
5 56 29 7 58 52 60 66 40 48 34 36 42 62:6.8554802e7
64 56 29 7 58 60 66 40 34 42 62:6.6886304e7
56 29 7 58 52 60 40 34 42 62 3:6.7261925e7
34 56 29 36 58 60 42 62 40:6.6342244e7
34 56 29 36 58 9 62 40:6.5644713e7
56 29 7 58 52 60 40 34 36 9 62:7.8580036e7
56 29 7 58 52 9 62 40:6.5498026e7
56 29 58 52 60 40 34 36 9 42 62:6.7593266e7
56 29 7 25 58 52 60 40 34 36 9 62:7.106356e7
29 7 58 60 66 40 48 34 36 62 3:6.5294664e7
34 56 29 7 58 60 62 3 40 48:6.9103911e7
34 56 7 58 9 60 62 40:6.5046904e7
5 56 34 7 29 36 58 60 40:6.5678122e7
5 56 29 58 52 60 40 34 31 62 3:6.5486601e7
64 5 56 7 29 58 52 60 66 40 34 31 42 62:6.4943097e7
5 56 29 7 58 52 60 66 40 34 36 31 62:6.8752562e7
56 29 7 58 52 60 66 40 48 34 62 3:7.0276779e7
5 56 34 29 58 9 60 62 40 48:6.7067284e7
34 56 29 7 58 52 60 62 40 48:7.5908488e7
64 56 34 29 58 52 60 66 62 40:6.5473856e7
34 29 7 36 52 58 62 40:6.605225e7
5 56 29 7 58 52 60 66 40 34 36 31 42 62:6.5526472e7
56 29 7 58 52 60 66 40 31 62 3:6.5212359e7
5 56 29 7 58 60 66 48 34 36 9 62:6.5018932e7
56 29 7 25 58 52 60 66 40 34 36 9 62:6.9207811e7
34 56 7 36 58 9 60 62 40:6.5550009e7
56 29 7 58 60 40 34 31 9 62 3:6.6989985e7
29 7 58 52 60 66 40 34 9 62 3:6.718805e7
64 29 7 58 52 60 40 34 36 42 62:6.4881885e7
5 56 29 7 58 52 60 34 36 9 62:6.9390172e7
56 29 7 58 52 9 60 62 3 40:6.8815953e7
56 29 7 58 52 60 40 34 31 9 62 3:6.8542859e7
56 29 7 58 52 60 40 48 34 36 9:6.8408004e7
56 29 7 58 52 60 40 48 34 9 62 3:6.9846519e7
5 56 29 7 58 52 60 40 48 34 9 42 62:6.5795984e7
64 56 29 58 52 60 66 40 34 9 62:6.4821703e7
56 29 7 36 52 60 58 66 62 40:7.2426674e7
34 29 7 58 52 60 62 3 40:6.8409537e7
34 56 29 25 36 52 60 58 62 40:6.9198744e7
34 56 29 58 9 60 62 3 40:6.7885576e7
34 56 29 7 58 60 62 40:7.6982876e7
34 56 29 7 52 9 60 62 40:7.1430989e7
64 5 56 7 29 58 52 60 40 34 42 62:6.7768533e7
5 56 29 7 58 52 60 40 34 9 62 3:7.2043702e7
34 56 29 7 58 60 62 74 40:6.5486396e7
34 29 7 36 52 31 60 58 62 40:6.7728896e7
56 29 7 58 52 60 66 40 48 34 36 31 42 62:6.5799174e7
5 56 29 7 58 52 60 66 40 48 36 62:6.8775579e7
29 7 58 52 60 40 48 34 36 9 62 3:6.6743147e7
56 29 7 58 52 60 66 48 34 9 62:6.6382778e7
56 29 58 52 60 66 40 48 34 36 62 3:6.8401927e7
5 56 34 7 29 58 9 60 62:6.7309153e7
5 56 29 58 52 60 40 34 36 9 42 62:6.630915e7
5 56 34 7 29 58 60 42 62 40:6.8507996e7
5 56 34 7 29 36 58 62 40 48:6.6864543e7
5 29 7 58 60 66 40 34 36 9 62:6.7911862e7
5 56 29 7 58 60 40 48 34 42 62:6.5344977e7
64 56 29 7 58 60 40 48 34 36 62:6.6787373e7
56 29 36 58 60 62 40 48:6.5510964e7
34 29 36 52 9 60 58 62 40 48:6.756731e7
5 56 29 7 58 60 66 40 34 36 31 9 62:6.5018723e7
56 29 7 58 52 60 46 66 40 34 9 62:6.5004914e7
5 29 7 58 52 60 40 48 34 9 62:6.719934e7
34 56 29 58 52 60 66 62 40 48:7.0539224e7
56 29 58 52 60 66 40 48 34 9 62:6.9791707e7
56 29 7 25 58 52 60 40 48 34 36 9 62 3:6.5004824e7
5 29 7 58 52 60 40 48 34 36 62:7.0716228e7
34 56 29 7 36 52 60 58 62 40:7.9858741e7
56 29 7 36 52 9 60 62 40:6.6104809e7
56 29 7 58 60 40 48 34 36 62 3:7.1246042e7
34 56 29 7 36 52 58 62 40 48:7.0975623e7
34 56 29 36 58 31 60 62 40 48:6.5086491e7
5 56 34 29 36 52 60 62 40:6.5734073e7
5 56 29 25 58 52 60 40 48 34 36 62:6.676895e7
56 29 7 52 60 66 40 34 36 42 62:6.4876359e7
34 29 7 36 52 58 62 40 48:6.4809948e7
56 29 7 25 58 52 60 66 40 48 34 36 62 3:6.6150636e7
5 56 29 7 58 60 66 40 34 9 62:7.341414e7
5 56 29 58 60 40 48 34 36 9 62:6.9181504e7
34 56 29 7 25 36 52 60 58 62:6.5869751e7
5 56 29 7 58 52 60 40 34 38 9 62:6.6504034e7
5 29 7 58 52 60 66 40 48 34 62:6.7803649e7
56 29 58 60 66 40 34 36 9 42 62:6.5047828e7
5 56 29 7 58 52 60 40 34 36 9 62:7.6448283e7
5 56 29 7 58 52 60 46 66 40 34 36 62:6.5212199e7
5 56 29 58 52 60 40 48 34 36 42 62:6.5808622e7
5 56 29 7 58 60 48 34 36 9 62:6.5791361e7
56 29 7 25 58 52 60 66 40 34 62:7.072561e7
56 29 7 52 9 60 62 40:6.536966e7
34 56 29 7 36 9 60 62 40 48:6.8108538e7
56 29 7 58 52 60 66 40 34 36 62 3:7.3487616e7
34 56 29 7 58 52 60 62 3 40:7.4610823e7
5 56 29 7 58 60 40 34 36 42 62:6.8528279e7
34 29 36 58 9 60 66 62 40:6.5559009e7
5 56 29 52 60 66 40 34 36 9 62:6.4987771e7
34 56 29 7 36 52 60 58 62:7.1729373e7
34 56 29 7 58 60 42 62 40:6.9778481e7
5 56 29 7 58 52 60 40 34 62 3:7.2661091e7
5 56 29 7 58 52 60 40 34 44 36 62:6.5054565e7
56 29 7 25 52 60 40 34 36 9 62:6.4918876e7
5 56 29 7 25 58 60 66 40 48 34 36 62:6.7371119e7
5 56 34 7 29 60 62 40:6.7542991e7
5 56 34 7 29 60 66 62 40:6.6815233e7
34 56 29 58 52 31 60 62 40 48:6.4773308e7
34 56 29 25 36 58 60 62 40:6.7042613e7
34 56 29 7 58 52 9 60 40 48:6.612942e7
56 29 58 52 60 66 40 48 34 9 62 3:6.5462617e7
34 56 29 7 58 52 60 66 62 48:6.7204968e7
5 56 29 58 52 60 66 40 34 9 62 3:6.7329007e7
56 29 7 58 52 60 66 40 34 9 42 62 3:6.5786631e7
64 56 29 7 58 52 60 66 40 34 31 42 62 3:6.5623594e7
5 56 29 7 52 60 40 34 36 62 3:6.6116731e7
5 56 34 7 29 36 52 60 58 40:6.7922317e7
5 56 29 7 58 52 60 66 40 48 9 62:6.5788388e7
56 29 7 58 52 60 66 62 40 48:6.9080005e7
34 56 29 36 52 9 60 58 62 40:7.4781074e7
56 29 58 60 40 48 34 36 9 62 3:6.639483e7
34 29 36 58 60 66 62 40:6.5838889e7
56 29 7 58 52 60 66 40 34 31 9 62:6.886733e7
34 56 29 7 58 60 46 66 62 40:6.5698443e7
34 56 29 36 52 60 46 58 62 40:6.5746168e7
5 56 29 7 58 52 60 40 48 34 42 62:6.7129259e7
34 56 7 58 52 60 66 62 40:6.5950653e7
5 56 29 7 25 58 60 40 34 9 62:6.684973e7
34 56 29 7 36 52 60 66 62 40:7.0989732e7
5 56 29 7 58 52 60 40 48 34 36 62 3:7.0901596e7
34 56 29 7 36 52 9 60 62 40:7.166713e7
5 34 29 7 58 9 60 62 40:6.8761757e7
34 56 29 7 58 9 60 62 3:6.4925188e7
5 56 34 29 58 52 60 42 62 40:6.6686909e7
5 56 29 7 52 60 66 40 48 34 9 62:6.539413e7
56 29 7 58 52 60 48 34 36 62 3:6.6162741e7
5 56 29 7 58 52 60 40 34 9 62:7.6732314e7
56 29 7 58 52 60 66 40 48 36 9 62 3:6.6207945e7
56 29 58 52 60 40 48 34 36 9 62 3:6.8241925e7
64 5 56 7 29 58 60 66 40 34 9 62:6.4761909e7
56 29 7 58 52 60 40 34 9 42 62:7.0820816e7
56 29 7 25 58 52 60 40 48 36 62:6.7890775e7
56 29 36 52 60 58 66 62 40 48:6.7012869e7
5 34 29 58 52 9 60 62 40:6.6800433e7
5 56 29 7 58 52 66 40 34 9 62:6.8040113e7
34 56 29 58 52 31 60 66 62 40:6.7605704e7
56 29 7 58 52 60 66 34 36 62 3:6.6467222e7
64 56 29 7 58 52 60 40 34 31 62 3:6.5510741e7
56 29 7 25 58 52 60 66 40 34 62 3:6.5925188e7
34 56 29 36 52 9 58 62 40:6.7837456e7
34 56 29 7 36 58 9 60 62 48:6.7607812e7
56 29 7 58 52 60 66 40 34 36 31 42 62:6.7212134e7
34 29 58 52 60 62 40 48:6.5271183e7
34 56 29 7 36 58 60 62 3:6.5392815e7
5 29 7 58 60 40 48 34 36 9 62:6.7451935e7
5 56 34 7 58 52 60 62 40:6.5418869e7
5 56 29 7 58 52 60 66 40 34 31 62 3:6.7700627e7
5 56 34 29 58 60 62 40:7.0229735e7
56 29 7 58 60 66 40 34 31 62 3:6.7620489e7
5 56 29 7 25 58 60 40 48 34 36 62:6.8328518e7
34 56 29 58 52 60 42 66 62 40:6.747088e7
34 56 29 7 36 58 60 66 40:6.6338805e7
56 29 25 58 52 60 66 40 34 36 9 62:6.6420242e7
34 56 29 7 58 52 62 40:7.1819063e7
56 29 7 36 58 31 60 62 40:6.5977478e7
56 29 7 58 60 40 48 34 36 42 62:6.8755913e7
5 29 7 25 58 52 60 66 40 48 34 36 62:6.4971607e7
5 56 29 7 25 58 52 60 66 40 34 36 9 62:6.750463e7
64 56 29 7 58 52 60 40 48 34 36 62:6.869967e7
5 56 29 7 58 52 60 40 48 34 62:7.364667e7
56 29 7 36 52 60 62 40 48:6.5238516e7
34 56 29 7 58 62 40:6.9391934e7
56 29 7 36 52 60 58 62 40:7.3971942e7
56 29 7 58 60 66 40 48 34 9 62:7.1346328e7
34 56 29 7 58 60 66 62 40 48:7.2669267e7
5 56 34 7 29 58 60 66 62:6.6291635e7
56 29 7 58 52 60 66 40 36 31 62:6.6634003e7
34 56 29 36 52 60 58 62:6.6789441e7
5 56 29 7 58 52 60 40 36 9 62 3:6.5889902e7
34 56 29 7 36 52 60 58 62 3:6.7473741e7
5 56 29 7 58 60 40 48 36 9 62:6.6635476e7
34 56 29 7 58 60 66 40:6.5407796e7
34 56 29 7 60 62 3 40:6.5296725e7
56 29 7 36 52 31 60 58 62 40:6.7825035e7
5 29 7 58 52 60 40 48 34 36 9 62 3:6.4955478e7
5 56 29 58 52 60 62 40:6.4794462e7
56 29 7 36 58 60 66 62 40 48:6.9410215e7
5 56 34 29 58 52 60 66 62 40:7.1731977e7
5 56 29 7 52 60 66 40 48 34 62:6.615481e7
5 56 29 7 58 52 40 34 36 9 62:7.0275503e7
29 7 58 52 60 66 40 48 34 36 42 62:6.5657007e7
5 56 29 7 58 60 66 40 48 36 62:6.6711424e7
5 56 29 7 58 52 60 66 40 36 62 3:6.5610971e7
34 56 29 7 58 9 66 62 40:6.7230003e7
56 29 7 52 60 66 40 34 36 9 62:7.0076385e7
5 29 7 58 52 60 66 40 34 42 62:6.518039e7
5 56 29 7 58 52 60 66 40 48 34 36 62:7.5002472e7
56 29 7 58 60 66 62 40 48:6.6841645e7
56 29 7 25 52 60 40 48 34 36 62:6.6022496e7
56 29 7 58 52 60 66 40 34 31 62 3:6.9289893e7
56 29 7 58 60 40 34 36 31 9 62 3:6.6164239e7
5 56 29 7 58 9 60 62 40:6.7980861e7
34 56 29 7 44 36 60 58 62 40:6.4774017e7
56 29 7 58 60 66 62 40:6.9241227e7
56 29 7 58 52 60 66 40 34 42 62:7.11594e7
34 56 29 58 9 60 66 62 3 40:6.6808367e7
5 56 29 58 52 60 66 40 34 36 62 3:6.7675814e7
5 56 34 7 58 52 60 66 62 40:6.4762366e7
56 29 25 58 52 60 40 48 34 36 62:6.8925956e7
64 5 56 7 29 58 52 60 40 34 36 9 62:6.717574e7
34 56 29 7 58 60 42 66 62 40:6.9220324e7
29 7 58 60 66 40 34 36 9 62 3:6.5349233e7
56 29 7 58 52 60 40 34 36 9 62 3:7.3592568e7
34 56 29 7 9 60 62 40:6.9274046e7
34 29 7 25 58 52 9 60 62 40:6.5037426e7
34 29 7 58 52 9 60 62 3 40:6.8244995e7
5 56 29 58 60 40 48 34 36 62 3:6.5141225e7
64 56 29 7 58 52 60 66 40 34 36 62:6.9012774e7
29 7 58 52 60 66 40 48 34 36 62 3:6.7183066e7
56 29 7 58 60 66 40 34 9 62 3:7.0652165e7
34 56 29 36 58 9 60 62 40 48:7.1114866e7
56 29 7 58 52 60 66 40 34 44 36 62:6.4908992e7
5 34 29 36 52 60 58 62 40 48:6.654586e7
56 29 7 58 52 60 40 36 31 9 62:6.6054174e7
34 29 7 58 31 60 66 62 40:6.499384e7
34 56 29 7 36 52 60 58 66 62:7.0494812e7
34 56 29 7 58 60 62 48:6.5755072e7
5 56 29 7 58 60 66 40 48 34 42 62:6.5082694e7
34 29 7 58 52 9 60 66 62 40:7.0936097e7
5 56 7 58 52 60 40 34 36 9 62:6.6037047e7
56 29 7 58 52 60 66 40 9 62 3:6.746227e7
34 56 29 7 36 52 9 60 58 62:7.1185648e7
34 29 7 36 52 9 60 62 40:6.5489199e7
5 56 29 36 52 60 58 66 62 40:6.5228197e7
5 56 34 7 29 58 9 62 40:6.8124422e7
5 56 29 7 25 58 52 60 66 40 48 34 36 62:6.919149e7
56 29 7 52 60 66 40 48 34 36 62 3:6.5935126e7
5 56 29 7 58 60 40 48 34 62 3:6.708864e7
34 56 29 7 52 31 60 66 62 40:6.4889865e7
5 56 34 7 29 52 60 62 3 40:6.5853017e7
34 56 29 7 58 52 9 60 66 40:6.8010786e7
5 56 34 7 29 36 9 60 62 40:6.7921431e7
29 7 58 52 60 40 48 34 36 42 62:6.5923041e7
56 29 7 58 60 66 40 48 34 36 9 62 3:6.8797549e7
34 56 29 7 36 58 60 62 40:7.7584238e7
34 29 7 36 58 9 60 62 3 40:6.6496562e7
34 56 29 7 36 52 60 62 40 48:7.1087348e7
29 7 58 52 60 66 40 48 34 62 3:6.4977123e7
56 29 7 36 58 9 60 62 40 48:6.971885e7
5 56 29 7 58 52 60 66 40 36 9 62:6.9047926e7
5 56 29 7 58 60 66 48 34 36 62:6.5831439e7
5 56 29 7 58 52 60 66 40 34 9 62 3:7.0900354e7
56 29 7 52 60 66 40 48 34 36 9 62:6.8848591e7
34 56 29 36 52 60 58 62 40:7.524652e7
5 56 29 7 58 60 66 40 34 36 31 62 3:6.5427147e7
34 29 7 58 9 60 62 40:7.011645e7
5 29 7 58 52 60 66 40 34 36 62 3:6.6575549e7
56 29 7 58 52 60 40 48 36 62 3:6.843157e7
34 56 29 36 58 9 60 62 3 40:6.8011692e7
56 29 7 58 9 60 62 40 48:6.7394285e7
56 29 7 25 58 52 60 66 40 34 36 62 3:6.6520221e7
5 56 29 7 58 52 60 66 40 34 31 9 62:6.7483529e7
56 29 7 58 52 9 60 62:6.4865148e7
34 56 29 36 52 60 58 42 62 40:6.8351263e7
34 29 7 58 52 31 9 60 62 40:6.6036512e7
34 29 7 58 60 66 62 40:6.9530204e7
5 56 29 58 60 66 40 48 34 36 62:6.9097313e7
5 34 29 7 36 58 9 60 62 40:6.9016622e7
56 29 7 58 60 66 40 48 34 9 42 62:6.4866797e7
64 56 29 7 58 52 60 40 34 9 42 62:6.7773599e7
64 5 56 7 29 58 52 60 40 34 31 62:6.5192038e7
56 29 7 58 52 60 66 40 48 62 3:6.5207687e7
34 29 58 60 62 40:6.5101564e7
56 29 7 58 31 60 66 62 40:6.4760924e7
34 56 29 36 52 58 62 40:6.7678796e7
5 56 29 7 58 52 60 66 40 48 34 9 42 62:6.5274093e7
5 56 29 7 58 52 66 40 34 36 9 62:6.7889127e7
34 56 7 36 58 60 62 40:6.5518716e7
5 56 29 58 52 60 40 48 34 36 9 42 62:6.4826786e7
5 56 29 58 52 60 40 48 34 36 62:7.1834391e7
34 56 29 7 36 58 9 60 40 48:6.6349754e7
64 56 29 7 58 52 60 40 48 34 36 9 62:6.6764026e7
56 29 58 52 60 66 40 48 34 36 42 62:6.696498e7
5 56 29 7 58 52 60 66 40 34 36 62:7.6261715e7
56 29 7 58 52 60 66 40 34 36 42 62:7.1138433e7
56 29 7 58 52 66 40 34 9 62 3:6.5507725e7
56 29 25 58 52 60 66 40 48 34 36 9 62:6.6003156e7
5 56 29 7 58 52 60 48 34 9 62:6.5687984e7
56 29 7 58 52 60 66 40 48 34 36 31 9 62:6.6028133e7
34 56 29 7 52 9 60 62 3 40:6.7324766e7
56 29 7 52 60 66 40 48 34 9 62:6.6823658e7
56 29 7 58 60 66 40 34 31 9 62 3:6.5707904e7
29 7 25 58 52 60 40 34 36 9 62:6.5877943e7
34 56 29 58 52 60 46 62 40:6.543411e7
56 29 7 25 58 52 60 40 48 34 9 62:6.8329913e7
56 29 7 58 52 60 66 40 48 34 42 62:6.8182745e7
29 7 58 52 60 66 40 34 31 62 3:6.51741e7
56 29 58 52 60 66 40 34 9 42 62:6.6950315e7
34 56 29 7 36 52 60 58 40:6.9833461e7
34 29 7 36 58 9 60 62 40:7.0596101e7
5 56 29 7 58 52 60 40 48 34 36 9 42 62:6.7299329e7
34 56 29 7 58 9 62 40:6.951985e7
64 5 56 7 29 58 52 60 40 34 36 31 62:6.4891953e7
5 34 29 7 25 58 52 60 62 40:6.4878094e7
34 29 7 25 36 58 60 62 40:6.5797808e7
34 56 29 7 52 31 60 62 40:6.5840549e7
5 56 29 7 58 52 60 40 9 62 3:6.5995428e7
5 34 29 7 58 52 9 60 62 40:7.0778062e7
5 56 34 7 29 58 31 60 62 40:6.8599842e7
5 29 58 52 60 40 48 34 36 9 62:6.5995887e7
64 34 29 7 36 52 60 58 62 40:6.5149291e7
5 56 29 7 58 60 66 40 34 31 9 62:6.5991222e7
5 56 34 7 29 58 52 60 66 62:6.8479052e7
34 56 29 7 36 9 60 66 62 40:6.8120597e7
5 56 29 7 58 52 60 40 48 34 36 42 62:6.8940933e7
56 29 7 25 58 60 40 48 34 36 9 62:6.8519922e7
34 56 29 36 60 62 40:6.4987603e7
56 29 7 52 60 40 48 34 36 9 62 3:6.5630349e7
56 29 7 58 60 66 40 34 36 9 62 3:7.0261396e7
34 56 29 7 36 58 62 40 48:6.8755556e7
5 56 29 7 58 52 60 46 40 34 36 62:6.6130387e7
64 5 56 29 58 52 60 40 34 36 42 62:6.4900946e7
64 56 29 7 58 60 40 34 31 42 62:6.5100032e7
34 56 29 25 58 52 60 66 62 40:6.6830069e7
64 56 29 7 58 60 66 40 34 9 42 62:6.5429792e7
56 29 58 52 60 40 48 34 36 62 3:6.9132617e7
56 29 7 58 52 60 66 40 34 36 9:6.8285472e7
34 56 29 7 58 9 60 66 40:6.5874871e7
64 56 29 7 58 52 60 66 40 34 31 62:6.6045806e7
29 7 58 52 60 40 34 36 9 42 62:6.5488535e7
56 29 7 58 52 31 60 62 3 40:6.6175902e7
5 56 29 25 58 52 60 66 40 34 36 9 62:6.4873903e7
5 56 29 7 52 60 66 40 48 34 36 62:6.8364204e7
5 56 29 7 58 52 60 66 40 48 62:6.6473031e7
56 29 7 58 52 60 46 40 48 34 36 62:6.7071914e7
34 56 29 7 36 52 60 58 40 48:6.8797651e7
56 29 7 36 58 31 60 66 62 40:6.4868371e7
34 56 29 58 9 62 40:6.4877164e7
34 56 29 7 36 58 60 62:6.9426762e7
64 56 29 7 58 52 60 40 34 31 62:6.6668937e7
64 56 29 58 52 60 66 40 34 36 42 62:6.6011161e7
56 29 7 36 52 60 58 62 3 40:6.9675743e7
34 56 29 7 58 52 9 62 3 40:6.7380891e7
56 29 58 52 60 66 40 48 34 42 62:6.4894626e7
34 56 29 7 36 58 60 46 62 40:6.6733449e7
56 29 7 58 60 40 48 34 36 9 62:7.4720052e7
5 56 29 7 58 52 60 40 34 9 62 74:6.5518501e7
64 56 29 7 58 52 60 40 34 42 62:6.9194601e7
5 56 29 7 58 52 60 40 48 36 9 62:6.8551756e7
34 56 29 7 58 52 60 66 62 40:7.7931235e7
56 29 7 25 58 52 60 48 34 36 62:6.5570953e7
56 29 7 58 52 60 46 66 40 34 36 62:6.7243379e7
56 29 7 58 52 60 40 48 34 36 42 62:7.05972e7
5 34 29 36 52 60 58 66 62 40:6.6886145e7
34 56 29 58 52 9 66 62 40:6.5119957e7
56 29 7 58 52 60 62 3 40 48:6.6072427e7
64 56 29 7 58 60 66 40 48 34 36 62:6.6006462e7
34 29 7 58 52 9 60 62 40 48:6.8842915e7
34 29 7 58 52 9 60 42 62 40:6.5474727e7
56 29 7 58 60 66 40 48 34 36 42 62:6.8274693e7
5 56 29 7 58 52 60 66 40 34 36 31 9 62:6.6426028e7
34 56 29 58 52 31 60 42 62 40:6.524078e7
56 29 7 58 52 60 40 48 34 31 9 62:6.5551948e7
64 56 29 7 58 52 60 66 40 34 36 31 62:6.5794202e7
34 56 29 7 25 52 60 62 40:6.5118092e7
56 29 7 58 52 60 40 34 36 31 9 42 62:6.5219466e7
34 56 29 7 58 60 66 62 3 40:7.1393388e7
56 29 7 58 52 9 60 66 62 40:7.1276618e7
5 56 34 7 29 36 60 66 62 40:6.7282952e7
34 56 29 58 52 31 9 60 62 40:6.7522074e7
5 56 29 58 60 66 40 34 36 9 62 3:6.5225349e7
56 29 7 58 52 66 40 34 36 9 62:6.9339027e7
34 29 7 36 52 60 58 42 62 40:6.6909269e7
56 29 7 25 58 52 60 40 34 36 42 62:6.5181799e7
5 56 7 58 52 60 40 48 34 36 62:6.4918177e7
56 29 7 58 52 60 40 48 34 9 62:7.4613056e7
5 56 34 7 29 58 52 60 66 40:6.6401948e7
56 29 7 36 52 60 58 42 62 40:6.6620488e7
5 56 29 58 52 60 40 34 36 62 3:6.8550692e7
34 29 36 52 60 58 62 40:6.8992533e7
34 56 29 7 36 52 60 58 3 40:6.5468848e7
5 34 29 58 52 60 62 40:6.6366828e7
56 29 7 58 52 31 60 62 40:6.7643355e7
56 29 7 52 60 40 34 36 9 62 3:6.7300464e7
56 29 7 25 58 52 60 62 40 48:6.5349463e7
34 29 7 58 52 60 66 62 40:7.1788079e7
34 56 29 7 58 60 62:6.8520216e7
64 56 29 7 58 52 60 66 40 34 31 62 3:6.4967816e7
5 56 29 58 52 60 40 34 31 9 62:6.6059098e7
5 56 29 36 52 60 58 62 40:6.5869898e7
56 29 7 58 60 40 48 34 9 42 62:6.5505124e7
5 56 29 7 58 52 60 66 40 48 34 42 62:6.6818075e7
34 29 7 58 60 62 40:7.04114e7
56 29 7 58 52 60 40 48 36 9 62:7.1790037e7
56 29 25 58 52 60 40 34 36 9 62:6.7964018e7
34 56 29 7 58 9 60 62 74 40:6.5450301e7
5 56 29 7 25 58 52 60 40 34 36 62:7.0801585e7
56 29 7 25 58 60 66 40 34 9 62:6.7041586e7
56 29 7 58 52 60 40 34 38 9 62:6.5507832e7
34 56 29 58 52 60 62 40 48:7.1386866e7
56 29 7 58 52 60 46 40 34 9 62:6.6292931e7
5 56 29 7 52 60 40 48 34 9 62:6.6185454e7
34 56 29 36 58 9 60 42 62 40:6.5783259e7
34 56 29 7 36 58 60 62 40 48:7.6157443e7
34 56 29 7 36 60 66 62 40 48:6.8008911e7
56 29 7 58 52 60 66 40 48 34 31 62 3:6.5372725e7
56 29 7 58 52 60 40 34 31 9 62:7.0342345e7
5 29 7 25 58 52 60 66 40 34 36 62:6.5180335e7
56 29 7 58 52 60 40 48 34 36 62 74:6.5123372e7
5 56 29 7 58 52 60 40 48 34 9 62 3:6.782423e7
64 56 29 7 58 52 60 40 34 42 62 3:6.537634e7
29 7 58 52 60 66 40 34 36 42 62:6.6440304e7
5 34 29 7 36 58 60 62 40 48:6.8671604e7
5 29 7 58 52 60 66 40 34 36 42 62:6.5413969e7
34 29 7 36 58 60 42 62 40:6.4897416e7
34 56 29 7 58 60 62 3 40:7.2466251e7
64 56 29 58 52 60 40 48 34 36 42 62:6.5278871e7
5 56 29 58 60 66 40 34 9 62 3:6.5478628e7
5 56 34 29 36 52 60 58 62:6.5148548e7
34 56 29 25 58 52 9 60 62 40:6.7136548e7
56 29 7 58 52 60 66 40 48 9 62:6.8177448e7
5 56 29 7 58 52 60 40 48 34 36 9:6.6459267e7
34 56 29 7 36 9 60 62 3 40:6.5438563e7
5 34 29 7 58 52 60 42 62 40:6.5407491e7
56 29 7 58 52 60 66 40 34 36 31 42 62 3:6.5738581e7
34 56 29 58 52 60 62 3 40:6.9915111e7
34 56 29 7 58 9 60 62:6.877131e7
34 29 7 36 52 9 60 58 62 40:7.2621051e7
34 29 7 58 52 60 62 3 40 48:6.5499582e7
34 56 29 7 36 58 9 62 40:6.9907853e7
5 56 29 7 58 52 9 60 62 40:7.0083907e7
34 29 7 36 58 9 60 62 40 48:6.9160579e7
5 56 34 29 58 52 31 60 62 40:6.7042102e7
56 29 7 58 60 40 48 34 36 9 42 62:6.7166872e7
34 29 7 25 58 52 60 62 40:6.6475985e7
56 29 7 58 60 62 3 40:6.6701683e7
56 29 7 58 52 60 46 40 34 36 9 62:6.5778989e7
56 29 58 60 66 40 48 34 36 42 62:6.5088566e7
56 29 7 25 58 60 66 40 34 36 62:6.9586102e7
64 56 29 7 58 60 66 40 34 31 42 62:6.4944538e7
29 7 36 52 60 58 66 62 40 48:6.5802184e7
34 29 7 58 52 60 42 66 62 40:6.6024801e7
5 34 29 7 58 52 60 62 40 48:6.8246506e7
34 29 58 9 60 62 40:6.5762239e7
5 56 34 29 58 52 60 62 3 40:6.8230558e7
64 56 29 7 58 60 40 48 34 36 42 62:6.6189496e7
5 56 29 7 25 58 52 60 66 40 48 34 9 62:6.5101774e7
64 5 56 7 29 58 52 60 66 40 48 34 36 42 62:6.6040805e7
5 56 29 7 25 58 52 60 40 34 62:7.0025281e7
5 56 34 7 29 58 52 62 3 40:6.606024e7
5 29 7 58 52 60 40 34 36 9 62:7.0931535e7
5 56 29 7 25 58 60 40 34 36 62:6.8855486e7
5 34 29 7 58 9 60 62 40 48:6.5342732e7
5 56 29 7 58 52 60 66 40 34 9:6.6730821e7
34 29 7 36 52 60 58 62 40:7.3769166e7
5 56 34 7 29 58 66 62 40:6.6033299e7
5 56 29 58 52 60 66 40 34 36 62:7.218175e7
34 56 29 7 58 31 60 62 3 40:6.8627674e7
5 56 29 58 52 60 40 34 36 31 62:6.6901809e7
56 29 25 58 52 60 40 48 34 9 62:6.5252869e7
56 29 7 58 52 9 60 62 40:7.2874976e7
5 56 29 58 52 60 40 34 9 42 62:6.6506053e7
56 29 7 58 60 66 40 34 42 62 3:6.520015e7
56 29 58 52 60 66 40 34 36 31 62 3:6.5901299e7
29 7 58 52 60 66 40 48 34 36 31 62:6.542502e7
56 29 7 58 52 31 9 60 62 40:6.6363709e7
5 56 29 58 60 66 40 34 36 9 62:6.9626332e7
5 34 29 7 58 60 62 40 48:6.616642e7
56 29 7 36 58 9 60 62 3 40:6.7032152e7
34 56 29 7 36 52 58 62 40:7.2685595e7
5 56 29 58 52 60 66 40 36 9 62:6.5315763e7
56 29 7 58 52 60 66 62 40:7.1621943e7
64 56 29 7 58 52 60 66 40 48 34 62:6.600081e7
56 29 7 58 52 60 66 34 36 9 62 3:6.5640397e7
34 56 7 58 52 60 62 40:6.6853513e7
5 56 29 7 58 52 60 40 34 36 38 9 62:6.5281498e7
56 29 7 58 52 60 42 62 40:6.6049363e7
5 56 29 7 58 52 60 66 48 34 9 62:6.4946382e7
5 56 29 7 58 52 60 40 34 42 62:7.0428958e7
34 56 29 58 60 42 62 40:6.577091e7
34 56 29 7 58 52 9 60 66 62:6.9611681e7
34 56 29 7 58 52 60 46 62 40:6.8469871e7
34 56 29 7 36 52 60 62 3 40:6.7952437e7
56 29 7 58 52 60 66 40 34 36 62 74:6.4790613e7
34 56 29 7 58 9 62 40 48:6.5671233e7
34 56 29 58 52 60 66 62 3 40:6.8995477e7
34 29 7 58 9 60 62 40 48:6.687627e7
56 29 58 52 60 66 40 48 34 36 9 62:7.1932865e7
5 56 29 58 52 60 66 40 48 34 36 62:7.1178308e7
5 56 29 7 25 58 52 60 40 48 34 36 9 62:6.8123941e7
56 29 7 25 58 60 66 40 48 34 62:6.7083401e7
56 29 7 36 58 60 62 3 40 48:6.6346872e7
5 56 29 7 58 52 60 66 40 9 62:6.9072178e7
56 29 58 52 60 66 48 34 36 9 62:6.4848236e7
5 56 34 7 29 52 60 66 62 40:6.898888e7
56 29 7 58 52 60 40 48 34 31 62 3:6.6026669e7
34 29 36 58 9 60 62 40 48:6.5511388e7
5 56 29 7 58 60 66 40 34 9 42 62:6.7187971e7
64 56 29 7 58 52 60 40 48 34 36 9 42 62:6.5801509e7
56 29 7 58 60 40 48 34 36 31 62:6.8061475e7
5 29 7 58 52 60 66 40 48 34 36 62:7.0167091e7
5 56 29 7 58 60 66 40 48 36 9 62:6.589792e7
34 56 29 7 36 52 9 58 62 40:7.2003324e7
56 29 58 52 60 40 48 34 36 9 42 62:6.6215467e7
5 56 29 7 58 52 60 34 36 9 62 3:6.5112358e7
34 56 29 7 36 58 60 66 62 40:7.6067918e7
5 56 29 7 58 60 66 40 36 9 62:6.7129007e7
56 29 7 58 52 60 66 48 34 36 9 62:6.8415943e7
34 56 29 7 58 52 62 40 48:6.8430305e7
56 29 7 58 52 60 66 40 48 34 36 31 62:6.8850115e7
64 5 56 7 29 58 52 60 40 48 34 36 42 62:6.6284464e7
5 56 29 7 25 58 52 60 40 48 34 62:6.8082751e7
34 56 29 36 58 60 62 3 40 48:6.7081809e7
34 56 29 7 58 52 31 62 40:6.5683959e7
34 56 29 7 36 52 9 60 58 40:6.9830895e7
34 29 7 36 58 60 66 62 3 40:6.6113276e7
56 29 36 58 9 60 62 40:6.670656e7
29 7 58 52 60 40 34 36 31 9 62:6.5685129e7
5 56 29 7 36 58 60 66 62 40:6.7594097e7
5 56 29 58 60 40 34 36 9 62 3:6.6260084e7
5 56 29 7 58 52 60 34 36 62 3:6.5628731e7
56 29 7 58 52 60 66 40 48 34 36 62:7.7098921e7
5 56 29 7 25 58 52 60 40 48 34 36 62 3:6.4996947e7
5 56 34 29 58 60 62 3 40:6.6117491e7
29 7 25 58 52 60 66 40 34 36 62:6.6676737e7
5 34 29 58 52 9 60 66 62 40:6.6048153e7
5 56 29 7 58 52 60 40 34 9 42 62:6.958678e7
5 56 29 58 52 60 40 34 36 42 62:6.6972551e7
34 29 36 58 60 62 40 48:6.5872105e7
34 56 29 58 52 9 60 62:6.6443342e7
56 29 7 25 58 52 60 66 40 48 36 62:6.647958e7
34 56 29 7 52 60 66 62 40:7.0389337e7
5 56 34 29 58 52 9 60 62:6.5110932e7
56 29 7 58 60 40 34 36 31 62 3:6.8265892e7
56 29 58 52 60 40 34 36 31 9 62 3:6.5291706e7
5 56 34 7 36 52 60 58 62 40:6.6140969e7
5 56 29 7 58 60 66 40 48 34 36 9 62:7.1522914e7
56 29 7 58 52 60 62 3 40:6.8961973e7
5 56 29 7 58 52 60 66 40 48 36 9 62:6.7742079e7
34 56 29 7 58 31 9 60 62 40:6.8710042e7
56 29 7 25 58 52 60 66 40 36 9 62:6.4861353e7
56 29 7 58 52 60 66 40 48 34 36 9 62:7.5185467e7
56 29 7 58 9 60 66 62 40 48:6.6178348e7
5 56 34 29 58 60 66 62 40:6.9479352e7
34 29 7 25 58 52 60 62 40 48:6.5082944e7
5 56 29 7 58 60 66 40 48 34 36 31 62:6.5513878e7
64 56 29 7 58 52 60 40 48 34 36 31 42 62:6.4917946e7
5 56 34 7 29 52 60 62 40 48:6.6697182e7
5 56 34 7 29 9 60 62 40:6.7813206e7
64 56 29 7 58 52 60 40 34 36 31 42 62 3:6.5410717e7
56 29 7 52 60 40 48 34 36 9 62:7.0078715e7
5 56 29 7 58 52 60 40 48 36 62 3:6.4960381e7
29 7 58 52 9 60 62 40:6.5860623e7
5 56 7 58 52 60 66 40 34 36 62:6.5305451e7
56 29 7 58 52 60 40 34 31 62 3:7.0363105e7
5 56 29 7 58 52 60 66 40 48 34 36 9 62:7.3299713e7
5 56 29 7 58 60 66 40 34 36 62 3:6.9692539e7
56 29 7 58 60 66 40 48 34 36 9:6.5230036e7
56 29 7 25 58 60 66 40 48 34 36 62:6.9301095e7
34 29 36 52 9 60 58 66 62 40:6.7600312e7
64 5 56 7 29 58 52 60 66 40 34 36 42 62:6.7197534e7
5 56 34 7 29 52 60 62 40:6.9804411e7
34 56 29 7 36 58 60 42 62 40:6.9989732e7
56 29 7 58 66 40 48 34 36 9 62:6.6228669e7
64 5 56 7 29 58 60 66 40 34 42 62:6.5559719e7
5 34 29 7 36 58 60 62 3 40:6.5403383e7
5 56 34 7 29 36 58 60 62 40:7.5385459e7
34 56 29 7 58 60 62 3:6.4788277e7
5 56 34 7 29 58 9 60 62 40:7.4696628e7
64 56 29 7 58 52 60 40 34 36 9 42 62:6.7430182e7
56 29 7 58 60 66 40 34 36 42 62 3:6.5048924e7
