5 56 29 7 58 52 60 66 40 48 34 9
64 56 29 58 60 66 40 34 36 9 62
5 56 34 7 29 36 31 60 62 40
64 56 29 7 52 60 66 40 34 36 62
34 29 58 52 60 66 62 40 48
5 56 29 58 52 60 40 34 36 42 62
64 56 34 7 29 58 60 66 62 40
56 29 7 58 60 66 40 34 31 9 62 3
5 56 34 7 29 36 58 9 60 62
29 7 58 52 60 66 40 34 36 31 62
5 56 29 7 60 66 40 48 34 36 62
56 29 7 58 60 40 48 34 44 36 62
5 56 29 7 58 60 40 48 34 36 9 62 3
29 7 58 60 66 40 48 34 36 42 62
34 56 29 7 58 52 60 62 40
64 5 56 7 29 58 52 60 40 48 34 36 9 62
5 29 58 52 60 40 48 34 36 9 62
34 56 29 7 36 52 58 62 40
5 56 34 7 29 58 60 62 40
34 56 29 7 36 60 66 62 40
29 7 58 52 60 62 40 48
64 56 29 7 25 58 52 60 40 34 36 42 62
56 29 7 58 52 60 40 36 31 42 62
56 29 58 60 66 40 34 36 31 42 62
56 29 7 58 52 60 46 40 48 36 62
56 29 36 52 9 60 58 62 3 40
56 29 7 58 52 60 40 34 36 9 62 74
5 56 34 29 36 58 60 62 40 48
34 29 7 58 52 60 66 62 40 48
34 56 7 58 52 60 66 62 40
5 56 29 7 52 60 40 34 36 9 62
56 29 58 52 60 66 40 48 34 36 9 62
5 56 29 25 58 60 66 40 34 36 9 62
34 56 29 58 52 60 40
29 7 58 52 60 66 40 48 34 36 9 62
34 56 29 7 58 60 46 66 62 40
64 56 29 7 58 60 40 48 34 36 42 62 3
5 34 29 7 58 52 60 66 62 40
64 56 29 58 52 60 66 40 34 31 42 62 3
34 56 29 7 36 9 60 66 62 40
5 56 34 7 29 36 58 9 60 40
29 7 25 58 60 66 40 48 34 36 62
29 36 52 9 60 58 62 40
5 56 29 7 58 52 60 66 40 34 36 31 42 62
34 56 29 7 36 52 66 62 40 48
34 56 29 7 58 60 62 3 40 48
5 34 29 7 36 52 60 62 40
56 29 7 25 58 52 60 40 34 9 62
34 56 29 7 36 58 60 66 40
5 56 34 29 36 52 60 58 66 40
56 29 7 58 52 60 46 40 34 36 62 3
34 56 29 36 58 9 60 42 62 40
5 56 29 58 60 66 40 34 31 9 62
56 29 7 58 52 60 66 40 36 9 42 62
34 56 29 7 52 9 60 66 62
56 29 7 58 52 60 66 40 48 34 36 31 62
34 29 7 36 52 60 58 40 48
29 7 58 52 60 40 34 36 31 42 62 3
64 56 29 7 58 52 60 66 40 31 42 62
5 56 29 7 58 60 40 34 36 31 62
56 29 7 58 52 60 66 34 36 9 62 3
5 56 29 58 52 60 46 66 40 34 36 62
56 29 7 52 60 66 40 34 36 42 62
56 29 7 25 58 52 60 40 34 42 62
5 56 29 7 58 52 60 34 31 62 3
56 29 7 58 52 60 66 40 48 34 36 9 42 62 3
56 29 7 58 52 60 66 40 36 31 62 3
64 29 7 58 52 60 40 34 36 9 62
5 56 29 7 58 52 60 66 40 36 62
64 5 56 7 29 58 60 40 34 31 62
56 29 7 58 52 60 40 34 44 36 62
34 56 29 7 25 58 60 62 40 48
34 56 36 52 9 60 58 62 40 48
64 5 56 7 29 58 60 40 48 34 62
34 56 29 7 58 60 66 62 3 40
