1543 1400 728 1171 1427 218:27767.0
773 481 620 1096 1077 664 594 1342 617:25445.0
1473:29309.0
1523:28372.0
1367 728 1427 1044 218:28339.0
1274:30160.0
684 1140 441 1527 917 1439 584:29134.0
888 445 349 1531 439 17:25554.0
29:30083.0
288:71687.0
338:30184.0
281:47619.0
94 1186 1446 1236 287 1340 271 1024 237 414 244 1512 1436:24858.0
869:44133.0
1396 1373 607 797 720 408:25512.0
1366:25803.0
590:29412.0
1373 773 481 1096 1077 594 327 1342 617:25316.0
1534:43750.0
1357:55800.0
1373 773 1096 321 594 327 1342 617:25505.0
480:41100.0
1465:43132.0
1373 773 1096 620 1077 664 321 594 327 617:24839.0
477:28020.0
937 1364 355 1120 1048 958:25482.0
1147:28140.0
355:64202.0
608 724 625 751 479:24855.0
1025:28478.0
684 1456 441 917 1439 584:25144.0
610:40255.0
684 1456 1140 441 917 584:28048.0
841 1251 86 99 602 76:28542.0
1543 1400 728 1171 1427 1044 218:33907.0
50:51128.0
1186 1446 1026 1229 87 383 1342 1163:27500.0
776:63294.0
488:29884.0
365:37620.0
1550:64699.0
551 1510 707 1556:27905.0
819:66898.0
1472:77600.0
13:35074.0
100:32731.0
1550 308:26127.0
1485:29403.0
571:37140.0
1373 481 620 1077 321 594 773 1096 664 327 1342 617:28321.0
1173 171 558 487 470:28128.0
778:40440.0
1543 1367 1171 1427 1044 218:27579.0
333 1159 910 1076 970 100:25442.0
966 1320 510 1353 1282 267 743:27407.0
277 1315 1153 932 1432 106 111:26519.0
808:31176.0
49:59893.0
773 1096 620 664 594 1342 617:24894.0
69:43706.0
1543 1400 728 1427 218:26027.0
966 1320 510 1353 267 743:26199.0
815 521 937 1087 798 944 471:29144.0
1281:77894.0
1433 1510 707 1556 1489:31724.0
1324 608:27933.0
1419:55290.0
168:32385.0
1186 1229 87 383 1342 1163:26546.0
616:36960.0
1289:34169.0
341:29960.0
1123 1412 1516 863 1323 447 281:26042.0
1396:51480.0
578:28249.0
773 481 620 1096 664 594 1342 617:25226.0
1373 773 1096 664 321 594 327 1342 617:26297.0
1341:36252.0
773 912 446 1482 706:25163.0
1531:31296.0
30:40425.0
1046 1123 1412 1516 863 1323 447 281:28802.0
813:31500.0
763:26565.0
438 937 355 1120 1048 958:27019.0
62:38600.0
773 912 446 1482 490 706:29153.0
1441:55632.0
1543 1367 728 1044 218:27125.0
835:35773.0
779 783 962 1378 130:24956.0
1320 510 1353 1282 267 743:25382.0
705:44730.0
277:58926.0
684 1456 1140 441 1439 584:24886.0
1197 1324:27705.0
1511:64636.0
486 1315 510 1332 1282 1432 1459:26737.0
486 1315 510 1332 1432 1459:26133.0
852:46216.0
1426 1542 727 217 1043 1399 1365:25271.0
528 1320 344 288 365 964:25158.0
1375:25833.0
881 438 937 355 958:24817.0
863:27892.0
1260 511 341 24 1243 1360 1210:25318.0
551 907 1433 707 1556:25637.0
773 1096 620 1077 664 594 327 1342 617:27001.0
10:44766.0
1173 1506 171 1030 558 487 470:28732.0
826 710 676 726 1049 439:24984.0
1101:25326.0
1128:42441.0
1543 728 1427 218:25307.0
94 1446 404 1236 287 1340 271 1024 237 414 1512 1436:25366.0
1317:40320.0
773 481 620 1096 664 321 594 327 1342 617:27854.0
982 988 772 1431 339 1281:25276.0
1239 1382 153 57 596:27768.0
123:44010.0
1229 87:25862.0
1373 773 481 620 664 594 327 1342 617:25076.0
797:51389.0
1076:40480.0
1373 773 620 1077 664 594 327 1342 617:24963.0
1470:49500.0
551 907 1510 707 1556:28319.0
1456 1140 441 1527 1439 584:27496.0
1053:33800.0
1173 1506 1030 558 487 470:27164.0
448:55862.0
1092:44712.0
715:58597.0
140:44400.0
803:32760.0
1547:28260.0
1457:45360.0
815 521 937 1087 944 471:25820.0
742:28050.0
620:36825.0
1373 773 481 620 1096 321 594 1342 617:25422.0
881 937 355 1048 958:25330.0
1518:53192.0
883:33372.0
924 1223 1373 1344 281 1128 1084:25435.0
1048:35182.0
684 1456 441 1527 917 1439:30174.0
300 888 349 1531 439 17:24915.0
1456 441 1527 917 1439 584:27754.0
1462:29862.0
382:71656.0
55:34848.0
1543 1400 1367 1171 728 1427 218:30095.0
773 912 446 1482 490 236:24906.0
1057:35492.0
773 1096 620 1077 664 321 594 327 1342 617:27741.0
351:51008.0
1456 1140 441 917 1439:26834.0
1289 873 191 1549 384 1472 347 280:27127.0
1373 773 1096 620 321 594 1342 617:25090.0
937 1364 355 1048 958:24856.0
816:25500.0
407:54912.0
746:32108.0
329:29346.0
585:57017.0
1359:49256.0
1380:79378.0
542:38868.0
631:49404.0
1456 1140 441 1527 917 1439 584:32644.0
714:25056.0
208 25 753 1429 71 640:29071.0
1543 1400 728 1171 1044 218:27257.0
618:60324.0
174:33614.0
773 1096 620 321 594 1342 617:24842.0
976 117 1419 466 1292 470 637:25727.0
608:53262.0
564:37206.0
1433 618 1317:26563.0
604:33592.0
773 1096 620 1077 664 594 1342 617:25113.0
1251 86 99 602 292 76:25192.0
910:40324.0
624:48034.0
1347:34980.0
267:90640.0
551 907 1510 707 1556 1489:28837.0
928:45240.0
783 962 1378 1161 130:26548.0
773 481 620 1077 664 594 327 1342 617:25047.0
94 1186 1446 404 1236 287 1340 271 1024 237 414 1512 1436:25446.0
973 1260 511 341 24 1243 1360 1210:25806.0
1373 773 1096 1077 321 594 327 1342 617:25724.0
807:38958.0
438 1364 937 355 1048 958:27215.0
241 780 1390 8 1450 751:25529.0
962 950 1511 1156 556 480:24976.0
773 1096 620 664 321 594 327 1342 617:27522.0
1380 1324 442 798 598:25138.0
851:67414.0
187:27195.0
815 521 937 944 471:25324.0
1543:58588.0
17 445 349 1531 439 595:24942.0
1433 108 618 1317:27831.0
1239 1382 1266 153 57 596:30693.0
83:33276.0
1342:34020.0
474:31488.0
798:39888.0
407 1093:25978.0
494:66528.0
1056:42210.0
1241:45672.0
1438:55722.0
1367 1171 728 1427 1044 1543:30230.0
579:25623.0
924:54312.0
773 481 620 1077 321 594 327 1342 617:24995.0
756:52221.0
551 1433 1510 707 1556 1489:33533.0
684 1456 1140 441 1527:27930.0
47 1045 197 719 76:25151.0
94 1186 404 1236 287 1340 271 1024 237 414 244 1512:25110.0
1543 1400 1367 728 1427 1044 218:34495.0
407 528 950 1093 390 478 382:27117.0
1289 873 191 384 1472 347 280:26620.0
1495:38000.0
1103:36883.0
200 133 1063 753 337:25622.0
1446 1026 1229 87 383 1342 1163:27410.0
728 1427 1044 1543:26162.0
1173 558 487 470:26560.0
1373 481 620 1077 321 594 773 664 327 1342 617:26035.0
94 1446 404 1236 287 1340 271 1024 237 414 244 1512:25510.0
206:25860.0
1160:77856.0
895:67080.0
94 1186 404 1236 287 1340 1024 237 414 244 1512 1436:25398.0
773 481 620 1077 664 321 594 327 1342 617:25787.0
881 937 1364 355 1048 958:26152.0
128:45936.0
976:40725.0
1340:34126.0
1260:29645.0
284:56898.0
486 1315 510 1332 1459:25237.0
1049:69120.0
914 1291 941 958:26657.0
293:24924.0
1144:74536.0
1427:26600.0
551 907 1433 1510 707 1556 1489:33947.0
550:27440.0
66:26180.0
1086:42585.0
637:41832.0
1398:39886.0
1373 773 1096 620 1077 321 594 1342 617:25309.0
1301:45472.0
881 438 1364 937 355 1120 958:26265.0
1073:28012.0
962 1133 950 1156 556 480:26594.0
155:39702.0
684 1456 1140 441 917:27658.0
918:55640.0
576:45425.0
1295:43194.0
1197 1324 608:38196.0
434:43792.0
689:65688.0
1373 773 481 620 1096 664 321 594 327 617:24952.0
1289 873 191 1549 1472 347 280:26420.0
513:48312.0
94 1446 404 1236 287 1340 1024 237 414 244 1512 1436:25798.0
611:31590.0
5:26793.0
1373 773 481 1096 664 321 594 327 1342 617:26629.0
1446 404 1236 287 1340 271 1024 237 414 244 1512:24854.0
773 481 620 1096 1077 321 594 1342 617:25393.0
722:39330.0
773 912 446 1482 490 236 706:29973.0
1291:39120.0
966 1320 510 1353 1282 267:25027.0
648:45961.0
181:56712.0
684 1456 1140 441 1527 1439 584:30306.0
208 753 1429 71 640:25211.0
163:49472.0
1365:38205.0
1373 773 1096 620 1077 664 594 327 1342 617:27249.0
773 1096 321 594 327 1342 617:25257.0
383:47628.0
1315:95100.0
1126:25872.0
907 1433 1510 707 1556 1489:32138.0
94 1186 1446 404 1236 287 1340 1024 237 414 1512 1436:25146.0
684 1456 1140 441 1527 917 1439 584:35454.0
608 625 724 575 275 751 479:25376.0
1400 728 1171 1427 1044 1543:28622.0
1543 1400 1367 1171 1427 1044 218:28299.0
1524:53694.0
371:32193.0
1349 1460 767 850 956 218:25393.0
1026 1229 87 1342 1163:25146.0
190:60368.0
1157:73458.0
458:54112.0
1294:41680.0
1426 407 950 1093 478 382:26021.0
1287:26196.0
1173 1506 558 487 470:27016.0
560:50320.0
1056 1499 840:26937.0
947 1324 608:29493.0
491:27370.0
874:26792.0
924 1223 1344 281 1128 1084:24939.0
1170:28350.0
1403:34662.0
94 1186 404 1236 287 1340 271 1024 237 414 1512 1436:24966.0
773 1096 1077 321 594 327 1342 617:25476.0
1373 481 620 1077 321 594 773 1096 664 327 617:25171.0
76:48888.0
404 1236 287 1340 271 1024 237 414 244 1512 1436:24962.0
1373 773 481 1096 1077 664 594 327 1342 617:26108.0
551 1433 1510 1556 1489:25019.0
1373 481 620 321 594 773 1096 664 327 1342 617:28102.0
773 481 1096 321 594 327 1342 617:25589.0
1005:55062.0
815 937 1087 798 944 471:25934.0
1373 773 481 1096 321 594 327 1342 617:25837.0
358:31464.0
33:26400.0
709:36414.0
1273:32550.0
1314:48683.0
882:68796.0
277 1315 1153 1432 106:25485.0
1460:34827.0
407 950 1093 390 478 382:26661.0
1543 1367 728 1427 1044 218:33775.0
1373 773 1096 620 1077 321 594 327 1342 617:27197.0
1312 182 1295 87 37 625:25094.0
617:78231.0
1292:61754.0
354:45110.0
178:28140.0
684 1456 441 1527 1439 584:25416.0
1446 1026 1229 87 1342 1163:25466.0
71:41454.0
456:24882.0
1140 441 1527 917 1439:25934.0
241 1390 1450 751:28632.0
773 1096 1077 664 594 327 1342 617:25528.0
826 710 676 726 1049 1521 439:26880.0
773 481 620 1096 321 594 1342 617:25174.0
1017:59582.0
1497:38900.0
101:48760.0
1380 1447 442 1324 798 598:25380.0
860:36936.0
1373 773 481 620 1096 664 594 327 1342 617:27362.0
1046 1123 1412 1516 863 447 281:25472.0
312:34200.0
521:28890.0
947 1197 1324 608:39756.0
1521:50244.0
841 86 99 602 76:25572.0
684 1456 1140 441 1527 917 1439:35064.0
2:43605.0
1186 1446 1026 1229 87 1342 1163:25556.0
1543 1367 1171 728 1427 1044 218:35515.0
1400 1367 1171 728 1427 1543:24810.0
1140 441 1527 917 1439 584:26324.0
1400 1367 728 1427 1044 1543:29210.0
864:30208.0
1367 728 1427 1044 1543:28490.0
510:41548.0
424:31992.0
1072:57200.0
1373 773 1096 620 664 321 594 327 1342 617:27770.0
684 1456 1140 1527 917 1439 584:26964.0
47 1045 719 763 76:25226.0
788:69116.0
1324:70737.0
469:43197.0
712:24795.0
1373 773 481 620 1096 594 327 1342 617:26570.0
414:45360.0
773 1096 620 1077 321 594 327 1342 617:26949.0
324:65238.0
848:34858.0
841 1251 99 602 76:25419.0
621:53625.0
915:32136.0
970:35037.0
1360:45182.0
1064:28875.0
884:36400.0
1426 407 528 950 1093 390 478 382:27641.0
561:69525.0
780 1390 8 1450 751:25452.0
1278:39695.0
1456 1140 441 917:24848.0
1203:46345.0
952:41684.0
580:65120.0
103:29664.0
1046 1123 1412 1516 863 1323 447:25139.0
966 11 510 1353 1282 267 743:26760.0
1386 560 1136 1197 327:26158.0
815 937 798 944 471:25438.0
291:26235.0
1396 607 797 720 408:25450.0
1332:56536.0
1312 1268 182 87 37 625:25352.0
154:87570.0
94 1186 1446 404 1236 287 1340 271 1024 237 414 244 1512 1436:26178.0
133:56780.0
1120:31926.0
304:50274.0
607:39744.0
267 1409 417 1272:28103.0
1146:48320.0
1279 430 1389 796 1472 819:25454.0
468:54240.0
873:44051.0
386:36354.0
94 404 1236 287 1340 271 1024 237 414 244 1512:25030.0
1536:30296.0
1269:51186.0
1138:34104.0
443:37152.0
1416:59850.0
1469:42288.0
498:24856.0
300 445 349 1531 439 17:25572.0
407 1056 1499 796 840:34837.0
94 1186 1446 404 1236 287 1340 271 1024 237 414 1512:24858.0
563 1179 613:27608.0
136:35571.0
1272:71856.0
1046 1412 1516 863 1323 447 281:28634.0
1509:31980.0
1373 773 1096 620 594 327 1342 617:26238.0
17 300 888 445 349 1531 439 595:27354.0
1446 404 1236 287 1340 1024 237 414 244 1512 1436:25142.0
779 783 962 1378 1161 130:28164.0
173:54852.0
11 510 1353 1320 267 743:24979.0
1390 8 1450 751:31860.0
1093:48590.0
683:30404.0
1520:37136.0
1373 773 481 1096 664 594 327 1342 617:25889.0
1367:36472.0
958:64605.0
577:49454.0
1543 1367 1171 728 1044 218:28865.0
708:47530.0
447:87318.0
1373 773 620 664 321 594 327 1342 617:25484.0
8:35840.0
706:29276.0
1426 407 528 950 1093 478 382:26477.0
153:27056.0
889:58710.0
653:28635.0
982 772 339 1281:24834.0
966 11 510 1353 1320 267 743:27004.0
1446 1229 87 1342 1163:24832.0
1307:25748.0
530:61236.0
301:29370.0
1153:44464.0
1453:32560.0
1173:37248.0
308:56560.0
114:39715.0
898:28880.0
1390:92500.0
773 1096 620 664 594 327 1342 617:26782.0
75:26235.0
1543 1367 728 1427 218:27635.0
881 438 937 355 1120 1048 958:28315.0
1227:52779.0
393:33900.0
515:50094.0
1071:29250.0
1543 728 1427 1044 218:31447.0
1046 1123 1412 1516 1323 447 281:25499.0
276:29014.0
1463:31744.0
718:35280.0
94 1186 1446 404 1236 287 1340 1024 237 414 244 1512:25290.0
1250:55608.0
1423:62656.0
1543 1367 1171 728 1427 218:29375.0
980:50666.0
1373 773 1096 1077 664 594 327 1342 617:25776.0
1284:27216.0
773 1096 1077 664 321 594 327 1342 617:26268.0
224:53622.0
773 481 620 1096 594 327 1342 617:26322.0
558:99910.0
486 1315 510 1332 1282 1459:25841.0
982 772 1431 339 1281:25135.0
1412:38010.0
955:32600.0
1373 773 481 620 1096 664 321 594 1342 617:26214.0
907 1510 707 1556 1489:27028.0
1456:81370.0
1400 1367 1171 728 1427 1044 1543:30950.0
1538:42315.0
1040:67551.0
976 1419 466 233 1292 470 637:25627.0
551 1433 707 1556:25223.0
773 481 1096 1077 594 327 1342 617:25068.0
773 912 446 490 706:25805.0
773 912 1482 490 706:28885.0
841 86 99 602 292 76:26172.0
773 1096 620 1077 664 321 594 1342 617:25853.0
773 1096 620 1077 594 327 1342 617:26209.0
1186 1446 1229 87 1342 1163:24922.0
222:50440.0
1244:30130.0
106:25116.0
773 912 446 490 236 706:26625.0
218:62665.0
1293:63519.0
1289 873 191 1472 347:25463.0
881 438 1364 937 355 1120 1048 958:29137.0
773 912 1482 236 706:25715.0
1373 773 481 1096 594 327 1342 617:25097.0
1456 1140 441 1527 917 584:30658.0
1456 441 1527 917:25378.0
63:56848.0
125:51216.0
1229:55056.0
841 1251 99 602 292 76:26019.0
1119:35945.0
1456 1140 441 917 1439 584:27224.0
1154:27648.0
551 907 1433 1510 1556:24915.0
1043:66825.0
1280:28875.0
501:29040.0
1373 773 1096 620 1077 594 327 1342 617:26457.0
834:56604.0
767:39146.0
1026 1229 87 383 1342 1163:27090.0
387:74235.0
241 1390 8 1450:24896.0
551 907 1433 1510 707 1556:33429.0
773 481 1096 664 321 594 327 1342 617:26381.0
277 1315 1153 1432 106 111:26213.0
14:26937.0
402:58101.0
57:31772.0
997:54240.0
1159:39216.0
1386:48276.0
881 438 1364 937 355 958:25639.0
729 486 1315 510 1332 1282 1459:26822.0
68:26372.0
1136:48645.0
967:38180.0
1107:27722.0
1268 182 1295 87 37 625:25171.0
453:31548.0
601:28160.0
241 1390 8 1450 751:31992.0
285:42192.0
1543 728 1171 1427 1044 218:33187.0
1237:58824.0
1080:42363.0
897:48825.0
531:30976.0
966 11 1353 1320 1282 267 743:25560.0
1198 728 805 1308 616 66 1381:24927.0
1543 1400 1367 728 1044 218:27845.0
1478:42408.0
986:34151.0
1373 773 481 1096 1077 664 321 594 1342 617:24960.0
374:65065.0
729 486 1315 510 1332 1282 1432 1459:27718.0
336:36087.0
92:25974.0
47 1045 197 719 763 76:29981.0
551 1433 1510 707 1556:33015.0
773 912 446 1482 236 706:25983.0
144:46512.0
1110:45399.0
907 231 287 308 470:25220.0
80:47380.0
1118:57150.0
1514:47023.0
773 481 620 1096 1077 664 321 594 327 617:24923.0
1308:70299.0
82:37600.0
180:28128.0
1090:25380.0
25 574 753 1429 71 640:27549.0
684 1456 441 1527 917 584:28578.0
1007:54392.0
1173 171 1030 558 487 470:28276.0
1421:25776.0
1261:70692.0
551 907 1433 1510 1556 1489:25433.0
277 1315 1153 106 111:25189.0
702:33234.0
1499:77865.0
422:29584.0
20:54488.0
934:63423.0
300 888 445 349 1531 439 17:26769.0
1426 407 1093:26633.0
17 300 888 349 1531 439 595:25500.0
982 988 772 339 1281:24975.0
408:63911.0
943:71380.0
366:48174.0
1029 563 1179 613:30086.0
1456 1140 441 1527 1439:27106.0
146:32496.0
1433 1510 707 1556:31206.0
1396 1190 607 797 720 408:25582.0
1504:28046.0
976 1419 466 1292 470 637:25423.0
1163:68544.0
1502:35956.0
1516:32398.0
901:27777.0
1289 873 191 1472 347 280:25913.0
204:37464.0
251:28974.0
1186 1446 404 1236 287 1340 271 1024 237 414 1512 1436:24790.0
1312 1268 182 1295 87 37 625:26291.0
99:38881.0
815 521 798 944 471:25224.0
141:46354.0
773 481 1096 1077 321 594 327 1342 617:25808.0
1527:32520.0
1056 1499 796 840:29013.0
881 937 1364 355 1120 1048 958:26778.0
1456 441 1527 917 1439:27364.0
1505:26532.0
773 481 620 1096 1077 664 594 327 1342 617:27333.0
1092 237 1179 1229 87:27750.0
1044:52804.0
1046 1123 1412 863 1323 447 281:26130.0
94 404 1236 287 1340 271 1024 237 414 244 1512 1436:25618.0
739:30020.0
619:49824.0
47:32900.0
747:42560.0
907 1510 707 1556:26510.0
1442:86320.0
1339:25612.0
340:41602.0
961:26900.0
1229 87 383 1342 1163:26456.0
907 1433 1510 707 1556:31620.0
309:25584.0
881 438 937 355 1048 958:27689.0
1373 773 481 620 1096 1077 594 1342 617:24901.0
521 937 1087 798 944 471:24844.0
1186 1026 1229 87 1342 1163:25236.0
1373 481 620 1077 321 594 773 1096 664 1342 617:26433.0
287:47874.0
231:48672.0
249:27548.0
1345:31096.0
350:27360.0
307:31137.0
94 1446 404 1236 287 1340 1024 237 414 244 1512:25210.0
1382:58800.0
1349 1532 1460 767 850 218:25421.0
107:42048.0
707:36894.0
407 1499 840:26061.0
749:29160.0
1046 1412 1516 863 1323 447:24971.0
773 481 1096 594 327 1342 617:24849.0
684 1456 1140 441 1527 1439:29916.0
760:33234.0
407 1056 1499 840:32761.0
1475:43792.0
1451:34823.0
1161:32882.0
856:26100.0
267 1409 1272:26772.0
684 1456 1140 441 1527 917:33078.0
1378:38874.0
1373 481 1077 321 594 773 1096 664 327 1342 617:26848.0
1054:27945.0
1446 1229 87 383 1342 1163:26776.0
947 1197 1324:29265.0
773 481 620 1096 664 594 327 1342 617:27114.0
1186 1446 404 1236 287 1340 271 1024 237 414 244 1512:24934.0
470:95832.0
684 1456 1140 441 1527 917 584:33468.0
773 481 620 1096 1077 321 594 327 1342 617:27281.0
94 404 1236 287 1340 271 1024 237 414 1512 1436:24886.0
795:40920.0
1543 728 1044 218:24797.0
647:54993.0
1426 407 950 1093 390 478 382:27185.0
1367 1171 728 1427 1044:24794.0
1056 1499:27500.0
638:25380.0
1456 1140 441 917 584:25238.0
1267:58578.0
613:42460.0
1526:54448.0
1368:32634.0
966 510 1353 1282 267 743:25955.0
37:76884.0
555:25915.0
725:27776.0
780:49070.0
726:61074.0
684 1456 441 1527 1439:25026.0
333 1159 910 1076 970 100 271:26192.0
923:36207.0
773 481 620 664 321 594 327 1342 617:25568.0
1437:53360.0
17:72124.0
684 1456 1140 441 917 1439 584:30034.0
792:56320.0
907 231 1263 287 308 470:25436.0
442:56863.0
1367 678 1504 1017 761 1267 1394 645:26441.0
1209:40200.0
274:40198.0
605:31250.0
1543 728 1171 1044 218:26537.0
1380 1447 442 1324 798:24924.0
1239 1382 1266 57 596:26437.0
1373 773 620 1077 664 321 594 327 1342 617:25703.0
494 351 205 222:25737.0
761:49764.0
625:93720.0
1186 1446 404 1236 287 1340 1024 237 414 244 1512 1436:25222.0
826:39545.0
921:79200.0
1386 560 1136 1197 1303 327:26622.0
337:45522.0
1172 779 783 962 1378 1161 130:28256.0
1204:33616.0
729 486 1315 510 1332 1432 1459:27114.0
769:34816.0
506:46330.0
1289 873 1549 384 1472 347 280:25397.0
500:42135.0
27 903:26726.0
234:24948.0
815 521 1087 798 944 471:25720.0
623:26606.0
608 625 575 275 751 479:24795.0
295:65688.0
586:30872.0
401:56232.0
407 950 1093 478 382:25497.0
1543 1400 1367 1171 728 1044 218:29585.0
1320:26862.0
1224:28224.0
1543 1367 1427 1044 218:25839.0
1236:35775.0
840:47630.0
6:37583.0
773 912 490 236 706:26357.0
977:38319.0
322:25392.0
219:36045.0
1172 779 783 962 1161 130:24846.0
359 486 10 309 459:29806.0
1373 773 1096 620 664 594 327 1342 617:27030.0
481 620 1077 321 594 773 1096 664 327 1342 617:28073.0
486 10 309 459:29176.0
946:47770.0
772:44308.0
1289 873 1549 384 1472 347:24947.0
1221:31920.0
17 300 445 349 1531 439 595:26157.0
773 481 620 1096 1077 664 321 594 1342 617:26185.0
1286:55614.0
728 1427 1044 218:26011.0
922:25428.0
88:79856.0
1124:26055.0
215:38824.0
823:43848.0
533:40131.0
1349 1532 1460 767 850 956 218:27481.0
773 912 1482 490 236 706:29705.0
1220:34104.0
1525:40260.0
352 336 36 725 9 895 625 958:25340.0
1289 873 384 1472 347 280:24890.0
1100:38040.0
1373 773 1096 664 594 327 1342 617:25557.0
342:78965.0
773 481 620 1096 664 321 594 1342 617:25966.0
1206:27956.0
511:65786.0
966 11 510 1353 267 743:25552.0
438 937 355 1048 958:26393.0
1349:57884.0
94 1186 1446 404 1236 287 1340 271 1024 237 414 244 1512:25590.0
438 1364 937 355 1120 958:24969.0
1373 773 481 620 1096 1077 664 594 1342 617:25693.0
1070:39480.0
551 1510 707 1556 1489:28423.0
640:60368.0
1373 481 620 1077 594 773 1096 664 327 1342 617:27581.0
1013:39704.0
415:40284.0
782:40865.0
1186 1446 1229 87 383 1342 1163:26866.0
783:65238.0
1319:35032.0
1373 773 481 620 1077 664 594 327 1342 617:25295.0
1289 873 191 1549 384 1472 347:26677.0
1373 773 1096 1077 594 327 1342 617:24984.0
841:26860.0
612:38155.0
608 625 724 275 751 479:25299.0
364:44464.0
94 1446 404 1236 287 1340 271 1024 237 414 244 1512 1436:26098.0
1028:44957.0
333:40536.0
753:70500.0
1435:29316.0
684 1456 1140 1527 917 584:24978.0
160:36146.0
452:35742.0
862:69700.0
1186 1026 1229 87 383 1342 1163:27180.0
1222:37928.0
1074:25440.0
156:60316.0
785:27898.0
1344:55042.0
729 486 1315 510 1332 1282 1432:24960.0
903:86504.0
773 620 664 321 594 327 1342 617:25236.0
438 1364 937 355 1120 1048 958:27841.0
1223:28336.0
759:34314.0
1384:45360.0
1373 773 481 620 664 321 594 327 1342 617:25816.0
728:104160.0
326:28658.0
825:71427.0
1325:41184.0
1356:52234.0
1173 1506 171 558 487 470:28584.0
1367 678 1504 1017 761 1267 645:25773.0
773 481 1096 1077 664 594 327 1342 617:25860.0
848 1304 349 156 100:24846.0
94 1446 404 1236 287 1340 1024 237 414 1512 1436:25066.0
975:25102.0
392:28665.0
1543 1400 1367 1427 1044 218:26559.0
487:34920.0
914:34500.0
1289 873 191 1549 1472 347:25970.0
1492:41138.0
435:55811.0
1031:32132.0
1036:39831.0
815:40420.0
273:25620.0
684 1140 441 1527 917 584:27148.0
94 1186 1446 404 1236 287 1340 1024 237 414 244 1512 1436:25878.0
17 888 445 349 1531 439 595:26139.0
44:62624.0
1446 404 1236 287 1340 271 1024 237 414 244 1512 1436:25442.0
1386 560 1136 1197 1303:25678.0
773 1096 664 594 327 1342 617:25309.0
773 1096 620 664 321 594 1342 617:25634.0
773 912 1482 706:24895.0
467:37376.0
11 510 1353 1320 1282 267 743:26187.0
773 1096 620 321 594 327 1342 617:26730.0
1083:46988.0
36:52629.0
385:31270.0
24:29128.0
966 11 510 1353 1320 1282 267 743:28212.0
1373 773 1096 620 664 321 594 1342 617:25882.0
208 25 753 71 640:24801.0
912:54280.0
773 912 490 706:25537.0
484:61992.0
1032:41308.0
1456 1140 441 1527:25120.0
950:32630.0
229:37026.0
1081 848 266 1304 349 156 100:25826.0
773 481 620 664 594 327 1342 617:24828.0
270:39360.0
1305:64260.0
695:26714.0
766:34160.0
1289 873 191 384 1472 347:26170.0
407 1499 796 840:28137.0
677:39370.0
248:43140.0
439:33660.0
87:43868.0
1400 1367 728 1427 1044 218:29059.0
407 1056 796 840:24992.0
744:27965.0
554:53845.0
773 481 620 1096 321 594 327 1342 617:27062.0
490:41496.0
751:87813.0
1429:25620.0
773 1096 620 1077 321 594 1342 617:25061.0
94 1186 404 1236 287 1340 271 1024 237 414 244 1512 1436:25698.0
1373 773 1096 620 664 594 1342 617:25142.0
343:34720.0
684 1456 1140 441 917 1439:29644.0
981:44304.0
848 266 1304 349 156 100:25216.0
581:33012.0
1401:33020.0
1486:33348.0
1543 728 1171 1427 218:27047.0
208 25 574 753 71 640:25375.0
551 907 1433 707 1556 1489:26155.0
1396 1190 1373 607 797 720 408:25644.0
546:35904.0
954:33908.0
397 1092 237 1179 1229 87:30250.0
1456 1140 441 1527 917 1439:32254.0
407 528 950 1093 478 382:25953.0
1512:41850.0
1373 773 481 620 1096 321 594 327 1342 617:27310.0
175:40774.0
1173 1030 558 487 470:26708.0
1400 1367 1171 728 1427 1044 218:30799.0
1046 1412 1516 1323 447 281:25331.0
729 486 1315 510 1332 1459:26218.0
200:27768.0
937:69336.0
1400 728 1427 1044 218:26731.0
615:31968.0
881 438 1364 937 355 1048 958:28511.0
917:27456.0
996:29748.0
877:61404.0
464:59544.0
1450:45724.0
1400 1367 1171 728 1427 1044:25514.0
346:56185.0
1373 773 1096 620 321 594 327 1342 617:26978.0
1543 1400 1367 1171 728 1427 1044 218:36235.0
845:26235.0
1510:61362.0
1362:36792.0
1468:56855.0
684 1140 441 1527 917:26758.0
489:37968.0
1456 1140 441 1527 917:30268.0
197:61815.0
130:59964.0
1412 1516 863 1323 447 281:25874.0
966 11 510 1353 1320 1282 267:25832.0
1390 1450 751:28500.0
1373 773 620 1077 321 594 327 1342 617:24911.0
951:45045.0
231 558:24896.0
991:62916.0
26:74970.0
1373 773 1096 620 1077 664 321 594 1342 617:26101.0
1373 773 481 620 1096 1077 321 594 1342 617:25641.0
1046 1412 1516 863 447 281:25304.0
397 1092 237 1229 87:25318.0
1456 1140 441 1527 584:25510.0
208 574 753 1429 71 640:25785.0
441:51789.0
53:75348.0
1543 1400 728 1427 1044 218:32167.0
773:64064.0
457:39809.0
459:57028.0
773 481 620 1096 1077 594 327 1342 617:26541.0
594:29842.0
1092 1229 1179 87:26586.0
1145:28786.0
277 1315 1153 932 1432 106:25791.0
789:25839.0
1373 773 481 620 1096 1077 594 327 1342 617:26789.0
1373 773 481 1096 1077 321 594 327 1342 617:26056.0
1373 773 1096 1077 664 321 594 327 1342 617:26516.0
1098:52292.0
47 197 719 763 76:29295.0
773 1096 664 321 594 327 1342 617:26049.0
362:29079.0
282:33231.0
719:48262.0
1156:66913.0
824:43710.0
1046 1412 863 1323 447 281:25962.0
881 937 355 1120 1048 958:25956.0
1081 848 1304 349 156 100:25456.0
1556:77341.0
391:37152.0
234 324 1273 811 640 1543:25919.0
170:24926.0
535:38125.0
887:28755.0
1543 1400 1171 1427 1044 218:25971.0
684 1456 441 1527 917:28188.0
547:40920.0
1382 153 57 596:25203.0
1409:90021.0
831:75712.0
1543 1400 728 1044 218:25517.0
1172 783 962 1378 1161 130:26640.0
684 1140 441 1527 917 1439:28744.0
19:27408.0
684 1456 441 1527 917 1439 584:30564.0
1456 441 1527 917 584:25768.0
1543 1171 1427 1044 218:25251.0
368:27224.0
976 117 1419 233 1292 470 637:24811.0
1327:29600.0
1186 404 1236 287 1340 271 1024 237 414 244 1512 1436:25042.0
94 1186 404 1236 287 1340 1024 237 414 244 1512:24810.0
1304:31250.0
349:42540.0
1543 1400 1367 728 1427 218:28355.0
264:25000.0
1510 707 1556:26096.0
773 481 1096 664 594 327 1342 617:25641.0
182:45648.0
1328:48918.0
185:50310.0
628:50386.0
1353:53340.0
258:38280.0
1410:27671.0
94 404 1236 287 1340 1024 237 414 244 1512 1436:25318.0
773 1096 620 594 327 1342 617:25990.0
495:28860.0
602:92158.0
608 724 575 625 751 479:24932.0
1386 560 1136 1197:25214.0
1459:35460.0
728 1171 1427 1044 1543:27902.0
985:30861.0
563:54780.0
1252:39870.0
1082:55664.0
208 25 574 753 1429 71 640:29645.0
684 1456 1140 441 1527 584:28320.0
858:45640.0
660:36134.0
471:77982.0
1232:25415.0
962 1133 950 1511 1156 556 480:27166.0
1186 1446 404 1236 287 1340 271 1024 237 414 244 1512 1436:25522.0
25 753 1429 71 640:26975.0
1290:54579.0
1172 779 783 962 1378 130:25048.0
773 481 1096 1077 664 321 594 327 1342 617:26600.0
559:28143.0
1373 481 620 1077 321 594 773 1096 327 1342 617:27529.0
1373 620 1077 321 594 773 1096 664 327 1342 617:27989.0
976 117 1419 466 233 1292 470 637:25931.0
1179:37812.0
551 1433 707 1556 1489:25741.0
1373 773 481 620 1077 321 594 327 1342 617:25243.0
1539:29877.0
1367 1171 728 1427 1044 218:30079.0
1239 1382 1266 153 57:26832.0
891:32844.0
1197:57846.0
1214:52794.0
815 521 937 798 944 471:28648.0
277 1315 1153 932 106 111:25495.0
325:31682.0
936:31424.0
1257:38316.0
881 438 937 355 1120 958:25443.0
728 1171 1427 1044 218:27751.0
1456 91 414 1545 580 996:25431.0
826 1521 676 726 1049 439:24970.0
79:39072.0
684 1456 1140 1527 917 1439:26574.0
1400 728 1427 1044 1543:26882.0
1330:40920.0
1400 728 1171 1427 1044 218:28471.0
1322:25576.0
962:68935.0
1373 773 481 620 1096 664 594 1342 617:25474.0
944:40504.0
731:32004.0
405:38480.0
890:49840.0
1068:40967.0
1373 773 1096 620 1077 664 594 1342 617:25361.0
907:35190.0
773 620 1077 664 321 594 327 1342 617:25455.0
1382 1266 153 57 596:28128.0
418:36750.0
419:39312.0
413:28768.0
278:39424.0
841 1251 86 99 602 292 76:29142.0
479:43601.0
397 1092 1229 1179 87:29086.0
1510 707 1556 1489:26614.0
1373 773 481 620 321 594 327 1342 617:25024.0
486:76524.0
