761
94 1186 1024 404 1236 237 287 414
237
218
1186 404 1236 237 287 414 1340 1436
1512
1446 404 1236 237 414 1340 1512 271
94 1186 1236 237 287 414 244 1512 271
773 481 620 1096 321 594 1342
1081 848 1304 349 156
1220
773 481 620 1096 664 321 594 327
94 404 1236 237 414 1340 1512 271
1024 1446 1236 404 287 414 1340 1436
956
1373 773 594 327 1342 617
773 481 1096 1077 594 1342 617
271 404 1236 237 287 414 244 1512 1436
271 1024 1236 237 287 414 1340 1512 1436
94 1186 1024 1446 1236 237 404 414 1512
1024 1236 237 414 1340 1512 271
1007 304 441 391 320 857
773 481 664 594 1342 617
773 1077 664 594 327 617
773 620 664 321 594 327 1342
1373 773 1096 620 327 1342 617
1186 1446 404 1236 287 1340 1024 237 414 244 1512 1436
94 1186 1024 1446 1236 404 287 244 1340 1512
620
414
1046 1412 447 281
1373 773 321 594 327 617
287
1390 8 1450 751
94 1186 1024 1236 237 414 244 1340 1512 271
1244
271 1024 404 1236 287 414 1340 1512 1436
1373 773 1096 620 594 617
1380 1470
94 1186 1446 1236 237 287 414 244 1512 1436
1236
966 11 510 1353 1320 267
1273
1024 1446 1236 287 414 244 1340 1512
1373 773 620 1077 594 1342 617
1024 404 1236 237 287 244 1512 1436
1373 773 664 321 594 1342 617
1373 773 1096 1077 594 617
937 1087 798 944 471
94 404 1236 287 414 1340 1512
865
1340
1324
1024 1236 237 287 244 1340 1512
1024 404 1236 237 287 414 244
826 726 1049 439
1236 287 414 244 1340 1512 1436
1186 1024 404 1236 287 414 244 1512
94 1186 1024 1446 1236 287 414 244 1512 271
1024 1236 237 414 1340 1512 1436
773 1077 664 594 1342 617
1373 773 620 1077 594 327 1342
1186 1446 404 1236 287 1340 271 1024 414 244 1436
94 1024 1236 237 287 414 1512 271
773 1096 620 1077 594 617
1186 1024 1446 1236 237 414 1340 1512
773 1096 620 594 617
94 1186 1024 1446 1236 404 287 414 1340
271 1024 1236 237 414 1340 1512 1436
94 1024 1446 1236 237 404 287 244 1340 1436
1186 404 1236 287 414 1340 1512
94 1446 404 1236 1340 271 1024 237 414 244 1512
94 1024 1446 1236 237 287 1340 1512 271
94 1024 404 1236 237 287 1340 1512 1436
94 1186 1446 404 1236 287 271 414 244 1512 1436
1024 1236 237 287 414 1512 1436
1186 1236 237 287 414 244 1512
1024 1446 1236 237 404 414 244 1340 1512 1436
773 1096 1077 594 617
907 1433 1510 707
94 1024 1446 1236 404 414 1340 1512 271
500 533 550 677
1024 404 1236 287 414 244 1512 1436
94 1186 1024 1446 1236 404 287 414 1340 1436
94 1024 1446 1236 404 414 244 1340 1512 271
943
101
271 1186 404 1236 237 287 414 1512 1436
1024 1236 237 287 414 1340 271
1373 773 620 1077 321 594 327 1342
1186 1024 1236 237 287 414 1340
1312 1268 1295 37 625
94 1024 1236 237 414 1340 1512 1436
1186 1024 1446 1236 287 414 244 1340 1512
1024 1446 1236 237 404 414 244 1512 271
728 1171 1044 1543
271 1186 1024 1236 237 287 414 244 1340 1436
271 1024 404 1236 237 287 414 1512 1436
1186 1026 1229 87 383 1342
94 1024 1446 1236 237 404 287 1512
87
94 1186 1024 404 1236 287 414 1512
1373 773 1096 664 594 327 1342
32 359 1068 912 292 76
94 1024 1446 1236 237 404 414 1512 1436
94 1186 404 1236 287 1340 271 1024 414 1512 1436
94 1186 1024 404 1236 237 414 244 1512 1436
94 1186 404 1236 237 414 1340 1512 1436
1186 1024 404 1236 287 414 1512 271
94 1446 1236 237 287 414 1340 1512
773 594 327 617
1186 1024 1446 1236 287 414 1340 1512 1436
271 1024 404 1236 237 287 414 1436
773 1077 594 1342 617
873 1472
1024 404 1236 237 414 1340 1512
1435
271 94 1024 404 1236 287 244 1340 1512 1436
1287
1456 441 1527 584
1373 773 1096 620 594 1342
94 1236 287 414 244 1340 1512 271
1323
1446 1236 237 287 414 1340 1512 271
1186 404 1236 237 287 414 244 1512
185
1437 351
1380 1324 798 598
94 1446 404 1236 287 414 1340 1512 1436
1446 1236 237 287 414 1340 1512 1436
778
1373 773 481 1096 664 321 594 327 617
684 1456 441 1439
1373 773 481 321 594 1342 617
445 349 1531 439 17
271 1446 404 1236 287 414 1340 1512 1436
94 404 1236 287 414 1340 1512 1436
271 404 1236 237 287 414 1340 1436
631
917
271 1024 1446 1236 237 287 414 1340 1512 1436
271 94 1024 1236 237 287 244 1340 1512 1436
1186 1236 237 287 414 1340 1512 271
271 1024 404 1236 237 287 414 1340 1512 1436
773 1096 594 617
1024 404 1236 287 414 1512 1436
94 1186 1446 1236 237 287 414 244 1512
1427
1186 1446 404 1236 287 1340 271 237 414 1512 1436
94 1186 1024 404 1236 237 414 1512
94 1024 1236 237 287 414 1512
1236 237 287 414 1340 1512
1268 26 1157 1340
94 1186 404 1236 237 287 414 1512 1436
1048
1412
1367 1427 1044 1543
404 1236 237 414 244 1340 1512
94 1024 404 1236 237 287 1340 1512 271
1186 1024 1446 1236 237 404 287 414
551 1510 1556 1489
773 1096 620 1077 321 594 327
937
1389 1472 819
271 1186 404 1236 287 414 244 1340 1512 1436
47
1446 404 1236 287 414 1340 1512 1436
271 1024 404 1236 287 414 1512 1436
1186 1024 404 1236 237 287 414 244 1512
271 94 1024 404 1236 237 414 244 1512 1436
494 44 464 1463
1024 1236 237 414 244 1340 1512 1436
1373 773 481 620 594 617
773 1096 620 664 327 1342 617
271 1024 404 1236 237 414 1340 1512 1436
1410
773 481 620 594 327 617
1409
1186 1024 404 1236 287 414 1512
1373 773 481 594 327 1342 617
1024 404 1236 287 414 244 1512
94 1024 1236 287 414 244 1512
271 94 1236 237 287 414 244 1340 1436
1186 1024 1236 237 414 1340 1512 271
1373 773 1096 594 327 1342 617
349
94 1186 1024 1236 287 414 1512 1436
1186 1024 1446 1236 237 404 287 1340 1512 271
94 1024 1446 1236 404 287 414 1512
94 1024 404 1236 237 287 414 244 1512
594
1024 1236 237 414 244 1340 1512
1419
1157
271 1186 1024 404 1236 287 244 1340 1512 1436
1186 1024 1446 1236 237 404 287 244 414 1340
271 1024 1446 1236 287 414 1512 1436
475 924 481 1357 631
1446 1236 237 287 414 1340 1512
94 1024 404 1236 237 414 244 1512 1436
773 1096 1077 321 594 327 1342
1344
1123 1412 1323 447 281
