414
785 1367 962 845 358 951
1315
1373 773 481 1096 1077 594 617
1024 1236 237 414 1340 1512 271
773 1096 664 594 327 617
1373 773 1096 620 594 327 617
94 1024 404 1236 287 244 1340 1512 1436
1512
1437
773 664 321 594 327 1342 617
620
917
94 1024 1446 1236 237 404 414 244 1512
1024 1446 1236 237 414 1340 1512 271
287
1236 237 287 414 244 1340 1512 271
94 1024 1446 1236 287 414 1512 1436
1340
773 481 620 1096 664 321 327 1342 617
271 94 1024 1236 287 414 244 1512 1436
831 1214 138 1287
94 1446 1236 237 287 414 1512 271
94 1186 404 1236 237 287 414 1340 1512 1436
271 1186 1446 1236 287 414 244 1340 1512 1436
773 1096 594 327 1342
1024 1446 1236 237 287 1340 1512 1436
1024 1236 237 287 414 1340 1436
608
1236 237 287 414 1340 1512 1436
271 94 1024 404 1236 237 414 1512 1436
967
404 1236 237 287 414 244 1340 1512
1550
94 1186 1024 1236 237 414 244 1340 1512 1436
1186 1024 1236 237 287 414 244 1340 271
1186 1024 1446 1236 237 287 244 1340 1512
1024 404 1236 237 287 1340 1512
271 1024 404 1236 237 414 1512 1436
1186 404 1236 287 414 1340 1512 1436
271 94 1186 1236 237 287 414 1512 1436
1373 773 1096 664 594 327 617
1024 1446 1236 237 287 414 244 1512 271
1446 404 1236 237 414 244 1340 1512
1024 1446 1236 237 287 1340 1512
1024 404 1236 237 287 414 244 1340 1512
865
1186 404 1236 237 414 1340 1512 1436
94 1024 404 1236 237 287 1512 1436
773 481 620 1077 594 617
1024 1446 1236 237 287 414 1512 271
94 1186 404 1236 237 287 414 244 1340 271
773 1096 620 664 321 1342 617
1332
1373 773 1077 321 594 1342 617
1024 1446 1236 237 287 414 244 1340
94 1446 1236 287 414 1340 1512 271
407 1093
94 1236 287 1340 271 1024 237 414 244 1512 1436
551 1433 707 1556
404 1236 287 414 244 1340 1512
1024 404 1236 237 287 414 1340 1512
94 404 1236 287 414 244 1340 1512
773 1096 594 617
815
1186 1024 1236 237 414 1340 1512
976
271 1186 1024 1446 1236 287 414 1512 1436
1024 1446 1236 237 404 287 414 1340
94 1186 404 1236 237 287 414 1340
1183 1033 911 567 1040 617
94 1186 1024 404 1236 237 287 414 244 1512
94 1024 1446 1236 237 287 414 1436
1186 1446 404 1236 287 271 1024 237 414 244 1512 1436
271 1024 1446 1236 287 414 1512 1436
271 94 1236 237 287 414 1340 1512 1436
773 1096 664 321 594 1342 617
349 17 439
404 1236 237 287 414 1512
594
1289
1446 404 1236 237 287 414 1340
271 1446 1236 287 414 1340 1512 1436
94 1186 1446 404 1236 287 1024 237 244 1512 1436
94 1024 404 1236 414 244 1340 1512 271
773 620 664 594 1342 617
271 404 1236 237 287 414 244 1340 1436
1456 441 917 584
94 1024 1236 287 414 244 1512
404 1236 287 414 244 1340 1512 271
617
94 1024 404 1236 287 414 1512 1436
1367 728 1044 1543
1189 806 1199 157 465 810 151 434 67 323 408 1084
773 481 620 1096 1077 664 594 1342
94 1186 1446 1236 287 414 1340 1512 271
1024 404 1236 237 287 244 1512 1436
1186 404 1236 237 287 414 244 1512 1436
773 594 327 617
950
271 1024 1236 237 287 414 244 1340 1512 1436
94 1186 404 1236 237 287 414 1340 1436
486
1186 1024 1446 1236 237 404 287 1512 1436
773 1096 620 1077 664 594 617
773
1373 481 1096 321 594 327 1342 617
1024 404 1236 237 287 414 1512 271
1320 1353 267
94 1186 1236 237 414 244 1340 1512 1436
94 1446 404 1236 287 414 1340 1512
494 1136 44 464 1463
773 1096 620 594 617
1324 267 282 546 1032 1028
1353 267 743
773 1096 620 664 321 594 617
1024 404 1236 237 287 414 244 1436
1236 237 287 414 1340 1512
271 404 1236 237 287 414 1512 1436
1542 1043 1399 1365
1026 1229 87 383 1342 1163
94 404 1236 237 287 414 1512 271
200 500 1548 533 677
850
404 1236 287 414 1340 1512 1436
1024 404 1236 237 287 414 244 271
1400 1367 1427 1044 1543
271 94 1186 1236 237 287 414 1340 1512 1436
94 1446 1236 287 414 244 1340 1512 1436
94 404 1236 237 287 414 1512
1373 773 664 321 594 327 617
1236 237 287 414 1340 1512 271
1186 1024 1236 237 287 414 244 1340
1186 1024 1446 1236 404 287 414 1340 1512 271
94 1186 404 1236 237 287 414 1512
773 1096 664 321 594 617
1173 487 470
1293
1186 1446 1236 287 414 244 1340 1512 1436
1367 728 1427 218
839 47 290 1421 951 1028
333 1159 921 1154 416 1048
404 1236 237 287 414 1340 1512
94 1186 1236 237 287 414 244 1340 271
94 1024 1236 237 287 414 1340
1451 596 447 343 992
1024 1446 1236 404 287 414 1512 1436
1024 404 1236 237 414 1340 1512 1436
94 1024 1446 1236 287 414 244 1512 1436
94 1186 1024 404 1236 237 414 1340 1512 271
267
1024 1446 1236 287 414 1340 1512
815 937 798 471
982 988 772 339 1281
1373 773 481 594 327 617
1373 773 1096 594 327 1342 617
94 343 980 470
404 1236 237 287 414 1340 1436
907
1186 1024 1446 1236 237 287 244 1340 1512 1436
937 355 958
773 481 1096 321 594 617
271 1446 1236 237 414 244 1340 1512 1436
271 1446 404 1236 237 287 414 1340 1436
1024 1446 1236 404 414 244 1340 1512
1510
1186 1024 1446 1236 404 414 1340 1512 1436
94 1186 404 1236 237 414 1340 1512
271 94 1446 404 1236 287 414 1512 1436
94 404 1236 287 414 244 1512 1436
1173 171 1030 487 470
271 94 1024 404 1236 287 414 1340 1436
773 620 664 321 594 1342 617
94 1024 1236 287 414 244 1512 1436
773 481 594 327 617
237
892
773 1096 321 594 327 1342
94 1024 404 1236 237 287 414 1512 1436
773 481 1096 594 617
1373 773 1096 620 321 594 327 617
94 404 1236 287 1340 271 1024 237 414 1512 1436
1549
94 1236 287 414 244 1340 1512
271 1236 237 287 414 1512 1436
94 1024 1446 1236 237 414 1340 1512 271
1373 773 481 620 1096 594 1342 617
1373 773 1096 620 594 327 1342
94 1024 404 1236 287 414 244 1340 271
773 1096 620 1077 664 594 327 1342
1373 773 1096 321 594 327 1342
94 1024 1446 1236 404 287 414 1340
94 1236 237 287 414 244 1512 271
1446 1236 237 287 414 1512 1436
1103
11 1353 1320 267
1024 1446 1236 237 404 287 414 271
1046 1412 447 281
94 1446 1236 237 287 414 244 1340 1436
1186 1236 237 287 414 244 1512 271
364
991
1024 1236 237 287 414 1512 271
773 481 1096 594 327 1342
1024 1236 287 414 244 1340 1512
1024 404 1236 287 414 1512
1186 1446 404 1236 237 287 414 1512 1436
404 1236 237 414 244 1340 1512 271
1186 1024 1236 237 414 244 1340 1512
94 1236 237 287 414 244 1512
1024 1446 1236 237 404 287 1512 1436
94 404 1236 237 287 414 1512 1436
1024 1446 1236 237 404 287 414
773 1096 620 327 1342 617
1186 1236 237 287 414 1340 1512 1436
49 486 168
271 94 1186 1236 237 287 414 244 1512 1436
1360
438
773 1096 620 664 594 327 1342
773 1096 620 664 594 327
1475
1373 773 1077 664 594 327 1342
1024 1446 1236 237 287 414 244 1512
1186 1024 1446 1236 237 404 287 244 414 1512
1024 1236 237 414 244 1340 1512
773 1096 321 594 327 617
1373 620 1077 664 321 594 327 1342 617
87
387
1024 1236 237 287 244 1340 1512 1436
94 1024 1236 287 414 244 1340 1512
94 1024 1236 237 287 414 1340 1512 271
1186 1446 404 1236 237 287 414 1340
1186 1024 1236 287 414 244 1512 1436
1373 773 1096 1077 594 617
1373 773 1096 594 327 617
94 1024 1446 1236 237 404 287 244 1340 1436
218 1400 1171 1427 1044 1543
773 481 1096 1077 594 617
271 1024 404 1236 237 414 244 1340 1436
355
1373 773 481 620 664 321 594 327 1342 617
1024 1446 1236 237 414 244 1340 1512
1516
94 1024 1446 1236 287 414 1340 1512 1436
271 1186 1024 1236 237 414 1340 1512 1436
1186 1024 404 1236 237 287 414 271
407 528 1093 478 382
1024 1446 1236 237 287 414 244 1340 1512 1436
1426 407 528 950 1093 382
94 1024 1446 1236 237 287 414 1340 1436
1446 404 1236 237 287 414 244 1512
1244 1475 387 608
1186 1236 237 287 414 1340 1512
1024 404 1236 237 287 414 244
1122 952 602 719 956
1373 773 620 1077 664 321 594 617
94 1446 404 1236 237 414 1340 1512
773 1096 1077 664 594 1342
1353
1024 1236 237 287 244 1340 1512 271
914
94 1024 1446 1236 237 404 287 244 414 1512
481 620 1096 664 321 594 1342 617
271 1446 404 1236 287 414 1340 1512 1436
1024 1446 1236 237 287 414 1340 1512 1436
773 481 620 1096 1077 321 327 1342 617
1426 727 1043 1399 1365
1373 773 481 1096 664 594 1342 617
1236
