61 364 1452 643 144 1512
271 94 1024 404 1236 237 414 244 1340 1436
1229 87 1342
200 290 882 394 893 716 776
1272
1118 814 1324 1130 648 724 1301
773 481 620 1096 321 594 327 1342 617
1289 873 191 1549 384 1472 347
94 1024 404 1236 237 287 1340 1512 1436
813
160
576 17 726 1292
354 1396 1386 44 1003 1409
1104 833 561 267 218
94 1024 1236 237 414 244 1512 1436
404 1236 237 287 414 244 1512
1396 851 508 514 1284 668 714
94 1024 1236 237 287 414 244 1436
1446 1236 237 287 414 244 1340 1436
484 1443 1264 1277 189 1527 468 1287
1373 773 620 1077 594 327 617
407 528 950 1093 390 478
267
1373 773 1096 1077 594 327 1342
684 1456 1140 917 584
1367 1171 728 1427 218
94 1186 1024 404 1236 414 1340 1512 1436
94 1186 1446 1236 287 1340 271 1024 237 414 244 1512 1436
1446 1229 87 383 1163
560
94 1186 1024 1236 237 414 244 1340 1512 271
1203 267 121 1246 903
1046 1123 863 1323 447 281
1072 1478 114 469 91 270 996
