94 1186 1024 1446 1236 237 414 244 1512
773 481 620 664 594 327 617
1340
1512
684 1456 441 1527 917 1439
1024 404 1236 237 414 244 1512
1373 773 481 1096 1077 321 327 1342 617
1120
1186 1024 1446 1236 237 404 287 414
271 1024 404 1236 237 287 414 244 1436
1024 1446 1236 404 287 414 1512 1436
773 481 1096 321 594 1342
1024 404 1236 287 414 244 1340 1512 1436
560 88 1559 1003 710 342
1024 1446 1236 404 414 244 1340 1512
94 1024 404 1236 287 414 244 1340 1512 271
773 321 594 1342 617
1236
94 1186 1024 1446 1236 287 414 244 1340 1436
94 1024 1446 1236 237 414 244 1512 271
773 1096 321 594 617
594
271 1186 1446 404 1236 237 287 1340 1512 1436
1373 773 481 594 1342 617
1373 773 481 1096 1077 594 617
1289 873 1549 1472
237
773
1093
1342
926 494 614 44 464
773 481 321 594 327 617
1017
1024 1236 237 287 414 1512 1436
773 481 1077 594 327 617
300 888 445 349 1531 595 17
1186 1024 404 1236 237 414 244 1512
1186 404 1236 237 287 414 1512
1373 773 481 1096 664 594 1342
44
1186 1024 404 1236 237 287 1340 1512
94 1236 237 287 414 244 1340 1436
94 1024 1446 1236 287 414 1340 1512
773 481 1096 321 327 1342 617
773 620 664 321 594 327 1342
94 1186 1236 237 287 414 244 1512 1436
271 94 1446 1236 237 287 244 1340 1512 1436
94 1186 1024 1446 1236 287 414 244 1512 1436
1186 1024 1446 1236 404 287 414 1512
94 1186 1024 404 1236 237 287 414
333 1159 1076 970
773 1096 620 1077 664 594 1342
1320
94 1024 1446 1236 404 414 244 1340 1512
1349
94 1186 1236 237 414 244 1340 1512 1436
1373 773 321 594 327 1342 617
94 1186 1236 237 287 414 244 1340 1436
1446 404 1236 237 287 414 1340
1024 1446 1236 237 414 244 1340 1512
1444
773 1096 1077 664 327 1342 617
94 1024 404 1236 237 287 414 244 1512 271
1186 1446 1236 237 287 414 1340 1512
94 1024 1236 237 287 414 1340 271
1024 1446 1236 404 287 414 1512
287
1186 1446 404 1236 237 287 414 1512 1436
1373 773 620 664 321 594 327 1342
1456
94 1186 1024 1236 237 287 1340 1512
1024 1446 1236 237 287 1340 1512 1436
1446 404 1236 237 414 1340 1512 271
1186 1024 404 1236 237 287 414 1512
1446 404 1236 237 287 1340 1512 1436
1024 1236 237 287 414 244 1512
94 1446 404 1236 287 414 1340 1512 1436
1186 404 1236 287 414 1340 1512 1436
414
1186 1446 404 1236 237 287 244 1340 1512 271
773 1077 594 327 1342 617
1024 1236 287 414 1340 1512 271
1186 1236 237 287 414 244 1512
973 1260 511 341 1243 1360
1439
1186 1236 237 287 414 244 1340 1512 1436
1373 773 1077 664 594 327 1342 617
912
94 1024 404 1236 237 287 414 1512
94 404 1236 237 287 414 1512
1446 404 1236 287 414 244 1340 1512 1436
1367 1504 1017 761 1394
94 1024 404 1236 237 287 244 1512
773 481 620 594 327 1342
773 1096 664 594 327 617
94 1024 404 1236 237 287 414 1340
773 620 1077 664 321 594 327 617
1463
404 1236 237 287 414 1340 1436
798
94 1024 1446 1236 237 287 414 244 1340
773 1096 664 321 594 1342
1373 773 620 1077 321 594 1342 617
94 1024 1446 1236 404 287 414 1340 271
773 1096 620 327 1342 617
533
271 404 1236 287 414 244 1340 1512 1436
404 1236 287 414 244 1340 1512
1024 1446 1236 237 404 414 1512 271
773 664 321 594 1342 617
773 1077 594 327 617
1241
1024 404 1236 237 414 244 1512 271
1186 1024 1236 237 287 414 1512
1186 1024 404 1236 237 287 414 1340 271
773 481 1096 664 321 594 327 1342
94 1446 1236 237 287 414 1512
271 1186 1446 1236 237 287 414 244 1340 1436
404 1236 287 414 1340 1512 1436
773 664 321 594 327 617
419
382
94 1024 404 1236 237 287 244 1340 1512
94 1236 237 287 414 1340 1512
75
94 1186 1024 1446 1236 404 414 244 1340 1512
1024 1446 1236 287 414 244 1512 271
773 1096 594 327 617
94 1186 1024 1446 1236 237 287 414 244
1024 1236 237 287 244 1340 1512 271
1024 1236 237 287 414 1340
1024 1236 287 414 1340 1512
773 1096 1077 664 594 327 1342
404 1236 237 287 414 1512
94 1024 1446 1236 404 287 1340 1512 1436
773 620 594 1342 617
