271 1024 1446 1236 237 287 1340 1512 1436
545 167 1244 387 608
773 1096 1077 664 594 327 617
1456 91 414 1545 580
438
1373 773 1096 321 594 617
442
976 277 753 1363 520 1292
1239 1382 57
773 481 1077 321 594 1342 617
1373 773 481 1096 664 594 327 1342 617
271 94 1024 404 1236 287 414 1340 1436
1400 1367 1171 1427 1044 218
1524 378 1175 505 1114 62 1291
773 481 1096 664 321 594 327 617
1024 1446 1236 237 287 244 1340 1512 1436
1373 773 481 1096 1077 664 321 594 327 1342
484 1264 1277 1527 468 1287
1446 404 1236 237 414 1340 1512 1436
94 1024 404 1236 237 414 244 1512
271 94 1024 404 1236 237 287 414 244 1436
94 1446 1236 237 414 244 1340 1512 271
973 1260 511 341 24 1360
500 1548 650 533 550 677
1186 1446 404 1236 237 414 244 1340 1512 271
1186 1024 1446 1236 404 287 414 244 1512 1436
218 329 19 412 1294 1317
154 1186 44 753 1120 1556
667 1029 407 197 873 733 450
208 25 1429 71 640
1024 1446 1236 237 404 287 414 1340 271
25 753 71 640
826 1521 676 726 1049
1092 1229 1179 87
638 1104 1536 920 1380 1174 1470 1180
382
1103 510 1113 997 614 937 421
528 288 365 964
773 481 1077 594 327 617
94 1186 1446 404 1236 237 414 244 1512 1436
391 780 281 387 1207 1463
1209 772 782 389 1465 393 283
1359 267 577 1409 417
32 359 1068 912 236 292 76
626 154 181 497
1523 924 1500 535 735 1317
1373 773 620 321 594 327 617
94 1446 1236 237 287 414 244 1512 1436
1142 1159 1109 653 337 1286
1542 727 217 1043 1365
1437 415 575 758 715
1513 427 1442 903 1425
1410 328 201 938 151 185
1186 1024 1236 287 414 1340 1512 1436
1456 1140 441 1527 917 584
200 290 882 394 893 1298 776
933 1307 90 488 1521 1272
277 1315 1153 932
1269
581
521 1324 1464 1164 1170 954
1314
1158 193 82 792
333 921 1154 416 1048
484 161 105 1480 471
626 1412 1312 87 1269
1456 934 784 225 275 1500
1373 773 1096 620 1077 321 594 1342
1122 952 602 719 956
277 1315 1153 111
914 1291 958
1029 476 563 1035 1179 925 613
94 1024 1236 237 287 244 1340 1512 271
777 1026 1153 107 1549 24 850
1084 806 1143 1199 465 810 151 108 434 67 323 157 408
1186 404 1236 237 414 244 1340 1512 271
1158 82 792
218 1367 1171 728 1427 1543
484 161 105 1526 471
912 490 236 706
936 1086 797 814 1357 520 470
728 1308 66 1381
475 924 1357 631
94 404 1236 237 414 1340 1512 1436
1349 656 107 845 739
684 1456 1140 441 917
815 937 1087 798 471
94 1024 404 1236 237 414 244 1340 1512 1436
728 1171 1044 218
1524 378 1175 505 1114 62
1312 1268 182 1295 37 625
850
1186 1024 1236 237 287 414 244 1340
773 1096 620 1077 664 594 327 1342 617
843 610 1419 27 366 1381
1373 773 1096 620 664 321 594 327 1342
907
773 620 1077 321 594 327 617
271 94 1024 1446 1236 237 287 414 1340 1436
1186 1024 1446 1236 404 414 1340 1512 1436
94 1186 1446 404 1236 237 287 414 1512 1436
966 1320 510 1353 267
1197 691 1297 1324 575 608
271 1024 404 1236 237 287 414 244 1436
1186 404 1236 237 287 414 1512 271
1359 267 577 1409 417 1272
1198 728 1308 66 1381
407 528 1093 382
49 486 168 1228 1224
59 49 486 168 1228
724 575 625 751 608
982 988 772 339 1281
94 1186 1446 404 1236 287 1340 1024 237 414 1512
1456 1527 917 1439 584
1324 267 282 546 1032 1028 386
953
914 1037 898 621 1043 571 1187 1347
1373 773 481 620 1096 664 594 1342 617
1179
773 481 620 1096 1077 664 321 594 327
11 1353 1320 1282 267
1433 647 108 1431 618 1387 1317
773 481 620 1096 1077 321 594 617
1186 1024 1446 1236 404 287 414 244 1512
188 831 837 1037 991 621 555
119
94 1186 404 1236 287 1340 271 1024 414 244 1512 1436
133 753 337
1186 1446 404 1236 287 1340 271 1024 237 244 1436
94 1186 1024 1236 237 287 414 1340 1436
773 481 1096 664 594 617
1456 814 364 934 784 275 1500
500 533 550 677
271 1024 1446 1236 237 404 414 244 1340 1436
1416
94 1024 404 1236 237 287 414 244 1340 1512
271 94 1024 1236 237 287 414 1340 1436
1159 910 1076 970 100 271
1024 404 1236 237 287 414 244 1512 1436
1260 511 341 24 1360
271 1186 1446 404 1236 237 287 414 1340 1436
1024 1236 237 287 244 1340 1512 271
94 1024 1446 1236 237 404 414 1512
94 1186 404 1236 287 1340 1024 237 414 1512 1436
94 404 1236 287 1340 271 1024 237 414 244 1512 1436
773 1096 620 664 321 327 1342 617
1491 1118 991 675 166 1374 1347
484 1443 1264 1277 468 1287
19
1426 727 217 1043 1365
1446 1026 1229 87 383 1163
1386 411 427 1469 132 1220 1207 1230
1274 1227 478 1550 1424 940 1210
1024 404 1236 237 287 244 1340 1512 271
1373 773 481 620 1096 1077 327 1342 617
1526
1312 1268 1295 37 625
200 500 533 677
1186 1446 1236 237 287 414 244 1340 1512 271
907 1510 707 1556
773 1096 620 664 321 594 327 1342 617
333 1159 672 921 1154 416 1048
1426 407 528 950 1093 478
271 1186 1024 1446 1236 237 404 287 1512 1436
94 1024 1236 237 287 414 244 1340 271
1260 378 139 1327 295 1543
773 481 1096 1077 664 594 327 1342 617
551 907 1433 1510 1556
94 1186 1024 1446 1236 404 414 244 1340 1512
