94 1024 1446 1236 237 287 414 1340
1024 1446 1236 404 287 414 1512 1436
1024 1446 1236 237 287 244 1340 1512 1436
1427
1446 1236 237 287 414 1512 271
1340
773 481 620 594 1342 617
1236 237 287 414 244 1512 1436
94 1446 404 1236 287 1340 271 1024 237 244 1512
1446 1236 237 287 414 1340 1512
347
94 1186 404 1236 287 414 244 1340 1512
1086
94 1446 404 1236 237 287 414 244 1512
44 487
1446 1236 287 414 244 1340 1512 271
94 1024 1236 237 287 414 1340
200 500 650 533 550 677
94 1186 1236 237 287 414 244 1512
1198 728 805 1308 66
1103 510 1113 1346 997 937
1373 773 481 620 1096 327 1342 617
271 1446 1236 237 287 414 244 1512 1436
1382 1266 57 596
773
773 1096 594 617
1373 773 1096 620 1077 664 1342 617
1236
94 1024 1446 1236 404 414 1340 1512 1436
1186 1024 1446 1236 237 414 1340 1512
271 94 1024 404 1236 237 287 414 1436
773 481 620 1096 1077 664 594 1342
438 937 355 1120 1048 958
404 1236 237 287 414 244 1340
773 1096 620 321 594 617
94 1186 1024 1446 1236 287 414 1512 271
1024 1236 287 414 244 1340 1512 271
1024 1236 237 287 244 1340 1512 271
94 1024 1236 287 414 1340 1512
94 1024 1446 1236 237 287 414 1340 1512
94 1024 404 1236 287 414 244 1340
94 1024 404 1236 237 287 414 1340 271
1367 678 1017 761 645
267
1186 404 1236 237 287 414 1340 1512 1436
197
1373 773 481 664 594 327 617
94 1024 1446 1236 237 404 287 414 1512
773 1096 620 594 327 617
94 1446 404 1236 237 287 414 244 1512 1436
773 1096 321 594 617
773 1096 594 1342 617
1412
1024 404 1236 237 287 414 244 271
1024 404 1236 237 287 414 244 1340 271
773 664 321 594 1342 617
94 404 1236 237 287 414 244 1340 1436
1373 773 481 1096 1077 664 594 617
841 86 99 76
333 1159 921 1154 416
94 1186 1446 1236 1340 271 1024 237 414 1512 1436
1186 1024 404 1236 237 414 1512 1436
308
271 94 1186 1024 1236 237 287 414 244 1436
1024 1236 237 287 414 244 1512 271
1186 1024 1446 1236 287 414 1340 1512 1436
1186 1446 404 1236 287 414 1340 1512 1436
94 1024 1446 1236 404 287 414 1340
