1396 1386 44 1003 1409 593
271 94 1024 1446 1236 287 414 1512 1436
271 1024 404 1236 237 414 244 1512 1436
1446 404 1236 237 287 414 244 1340 1512
1024 1446 1236 287 414 1340 1512 271
94 1446 404 1236 1340 271 1024 237 414 244 1512 1436
560 88 1276 1559 1003 554 342
1378 962 1161 130
94 1186 1446 1236 287 1024 237 414 244 1512 1436
912 446 1482 490 236 706
845
773 620 321 594 1342 617
1203 267 367 1246 903
94 1446 404 1236 237 287 414 1340 271
1186 1446 404 1236 287 414 244 1512 1436
1007 304 441 391
136 1221 612 1151 834
281
94 1186 1446 404 1236 287 271 1024 414 1512 1436
484 1264 1277 468 1287
1289 873 1472 280
218 1400 728 1427 1543
11 510 1353 267
94 1024 404 1236 237 414 1340 1512
200 882 394 893 1298 716 776
271 94 1024 404 1236 237 287 414 244 1436
773 481 620 664 321 594 1342
94 1186 404 1236 287 414 1340 1512 1436
626 1412 87 1269
1040
407 528 950 1093 390 382
94 1186 1024 404 1236 237 287 414 244
333 1159 1076 970
1126
1373 481 1096 1077 321 594 327 1342 617
581 105 404 1453 554 437
519 991 845 1295 862 569
288
1373 773 481 1077 664 321 594 617
773 481 620 664 321 594 327 617
1147 377 531 577 714 1080
1373 773 481 620 1096 1077 594 327 617
976 277 753 1363 520 1292
179
333 1159 672 921 1154 416 1048
1260 894 139 1327 295 1543
1315 510 1332 1282 1432 1459
475 924 481 1357 9 631
1456 441 917 1439
1186 1024 1236 237 414 1340 1512 271
773 1096 620 664 321 594 327 1342
926 50 1441 1119
1386 411 427 1469 132 1220 1207 1230
773 481 1096 664 321 594 617
484 1443 1264 1527 468 1287
976 1419 466 1292 470 637
271 94 1024 404 1236 237 287 244 1512 1436
684 1456 441 1527 1439 584
1373 481 620 1077 594 773 1096 664 327 1342 617
829 426 852 447 1356 37
94 1186 1236 237 287 414 1512 1436
1229 87 383 1163
155
619 53 1474 253 365 3 1407
973 1260 511 341 1360 1210
1024 404 1236 237 287 414 1340 271
773 1077 594 327 1342 617
50 1429 1441 1119
1423
1186 1024 1446 1236 237 287 414 244 1512 1436
551 907 707 1556 1489
1373 773 481 620 1096 1077 664 594 1342 617
267
1024 404 1236 287 414 244 1512
1491 1118 991 675 166 1314 1347
271 94 1236 237 287 414 244 1340 1436
966 1320 510 1353 1282 267 743
766 422 892 206 749
63 346 961 485 895 192
1186 1024 1446 1236 237 404 414 244 1340 271
271 94 404 1236 237 287 414 244 1512 1436
1373 773 481 620 1096 664 594 327 1342 617
555 305 1054 1510 471 1287
391 780 281 387 1207
484 1443 1264 1277 189 468 1287
1203 909 267 121 903
500 1370 1343 1309 128 1 257
484 241 717 1293 1459 1543
1373 773 1077 664 321 594 327 617
635 867 624 135 1377 1406 518 458
333 1159 910 1076 970 100 271
780 1390 8 1450 751
849 1542 467 1286 471
560 88 1559 1003 710 554 342
1289 873 384 1472 280
773 481 1096 1077 594 327 1342 617
897
271 94 1024 1446 1236 237 287 414 244 1436
947 1197 691 1297 1324 575 608
94 1446 1236 287 1340 271 1024 237 414 244 1512
283
271 1024 404 1236 237 287 414 1512 1436
