574 753 1429 71 640
234 324 1273 811 640 1543
1373 773 1077 664 321 594 327 617
731
545 167 1244 1475 387 608
1279 1389 796 1472 819
200 290 882 394 893 1298 776
83 545 167 1244 1475 387 608
1446 404 1236 237 287 414 244 1512 1436
684 1456 1140 441 1527 584
976
555
747
94 1186 1446 404 1236 287 1024 237 414 244 1512
1024 1446 1236 404 287 414 244 1340 1512 271
271 1024 404 1236 237 287 414 244 1340 1436
773 481 1096 664 321 594 617
63 1171 1327 1032 749
94 1186 1024 1236 237 287 414 244 1512 1436
1433 647 1431 618 1387
1173 171 558 487 470
1510 707 1556 1489
1123 1412 863 1323 447 281
94 1186 1446 1236 287 1340 271 1024 237 414 1512
63 529 346 961 895 186 192
94 1186 404 1236 287 414 1340 1512 271
1186 1024 1446 1236 404 287 414 1512 1436
1159 921 1537 1154 416 1048
1029 563 1179
815 521 937 1087 798 944
814 934 1500
1435
888 349 17 439
1024 1446 1236 404 287 414 1512 271
976 117 1419 233 1292 637
289 1241 948 798 792 1514
1186 404 1236 287 1340 271 1024 237 414 1512 1436
677 471
1046 1412 1323 447 281
1356
234 324 1273 811 1543
1345
94 1024 404 1236 237 414 244 1340 1512 1436
1186 1024 404 1236 287 414 244 1340 1436
350 849 1255 1232 267 157 101
271 1024 404 1236 287 414 244 1340 1436
271 1024 404 1236 237 287 414 1340 1436
1446 404 1236 237 287 414 244 1512
271 94 1446 404 1236 237 414 244 1512 1436
1227 937 1077 611 954
773 446 1482 490 706
1373 773 1096 664 594 1342 617
974 891 99 1261 342
1396 851 514 1284 668 714
1322
962 950 1511 1156 556 480
1209 772 782 389 1465 393
1312 1268 182 87 37 625
1400 728 1427 218
1024 1446 1236 237 404 287 1512 1436
94 1186 404 1236 287 1340 271 237 414 1512 1436
1511
271 94 1024 1446 1236 237 287 414 1512 1436
785 1367 962 358 951 269 462
94 1236 237 287 414 1340 1512 271
271 94 1186 1024 404 1236 287 414 1512 1436
773 620 1077 664 594 1342 617
271 94 1186 1024 1236 237 287 244 1512 1436
773 481 620 1096 594 327 617
521 1087 798 944 471
1279 443 343 980 470 1313
443 343 470
826 710 676 726 1521 439
1373 773 481 620 1077 664 594 1342 617
831 1214 82 249 138
271 1446 404 1236 237 287 414 244 1340 1436
49 486 168 575 1228
1186 1024 1446 1236 237 404 287 414
1019 576 17 726 1292
1186 1024 1446 1236 237 404 287 244 1512
881 937 1364 1120 1048 958
1373 773 1096 321 594 327 1342 617
1223 1344 281 1128
1024 404 1236 237 287 244 1340 1512 1436
439
218 728 1171 1044 1543
638 1536 920 1380 1470
1491 1118 991 675 166 1314
1024 1446 1236 237 287 414 244 1340 1512
94 1186 1446 404 1236 287 414 244 1512 1436
1495
966 1320 1353 267 743
684 1140 441 1527 917
61 364 1452 876 643 144 1512
94 882 1209 876 366 239
684 441 1527 917
271 94 1236 287 414 1340 1512 1436
1024 404 1236 287 414 244 1340 271
1542 1043 1365
99 26 1261 1245 342
1147 377 531 577 371 1080
94 1186 1024 404 1236 237 414 1512 271
94 1446 404 1236 287 414 1340 1512
551 907 1433 707 1556
773 1096 620 594 1342 617
976 277 753 1363 421
1217
1220
206
1373 773 481 620 1096 1077 664 327 1342 617
813
744
1539 364 304 1346 714 470
1190 1160 740 1040 944 1090
1024 1446 1236 287 414 1340 1512 271
1367 678 1504 1017 761 1267 645
386
94 1024 404 1236 237 287 414 1512 271
1186 1024 404 1236 237 287 414 244 1340 1512
1024 404 1236 237 414 1340 1512 271
349 1531 439 17
1239 1382 153 57 596
773 481 620 1096 1077 664 594 327 1342
218 1400 728 1171 1044 1543
94 1024 404 1236 237 287 414 1340 1436
271 94 1024 404 1236 237 287 244 1512 1436
271 1024 1446 1236 237 287 1340 1512 1436
1373 773 1096 620 321 594 327 1342
710 676 726 1049 439
967 1360
511 341 24 1243 1360
271 1446 1236 237 287 414 244 1512 1436
94 1186 404 1236 271 1024 237 414 244 1512 1436
934
597 747 181 131 457 474
271 94 1024 404 1236 287 414 1340 1512 1436
1373 773 1096 620 1077 664 594 327
200 500 1548 533 550 677
729 486 1315 1332 1459
1186 1446 1236 287 1340 271 1024 237 414 244 1512 1436
347
271 1024 1446 1236 287 414 1512 1436
597 747 181 131 457
983 1233 1470 1333 611 644 1360
561 12 272 1154 471 628
484 1443 1264 468 1287
936 1086 797 814 520 470
766 865 422 892 206 716
1189 806 1084 1143 1199 465 810 151 434 323 157 408
83 1244 1475 387 608
1426 1542 217 1043 1365
94 1186 1024 1446 1236 237 414 244 1512 271
1315 510 1332 1432 1459
200 133 753 337
271 94 1024 404 1236 287 414 244 1512 1436
1446 1026 87 383 1342 1163
728
1135 985 519 991 845 1295 862
882 1209 1175 339 366
1024 1446 1236 404 287 414 1512 1436
684 1140 441 917 1439 584
881 438 1364 355 1048 958
773 481 620 664 321 594 617
1451 230 1385 447 343 992
171 1203 824 820 1003
773 664 594 327 1342 617
773 481 620 1077 664 594 327 1342
47 1045 197 763 76
814 478 1180 677 631 1360 471
193 925 515 576 1435 320 682
94 1024 1446 1236 237 404 287 244 1512
841 99 602 292 76
751 479 625 275 608
785 808 852 1511 648 419
492 933 90 488 1521 1272
136 197 1056 313 170 1499
853 1107 897 1423 1113 830 464
94 1186 404 1236 237 287 414 1340 1512 1436
1042
333 921 1537 1154 1048
94 1186 1446 404 1236 287 1340 271 1024 237 414 244 1512 1436
94 1186 404 1236 287 1024 237 414 244 1512 1436
271 404 1236 237 287 414 244 1340 1512 1436
170
1426 407 528 950 478 382
1373 773 1096 620 1077 321 594 327
94 1024 404 1236 287 414 244 1340 1436
160
966 11 1353 267
1367 1504 1017 761 1267 1394 645
1403
486 1315 510 1332 1459
728 1171 1044 218
1186 1446 1236 237 287 414 244 1340 1512
773 1096 620 1077 664 321 594 1342
773 481 620 1077 664 321 594 1342 617
1189 806 1143 1199 465 810 151 108 434 67 323 408 1084
208 25 574 753 640
300 888 445 349 1531 17
479 575 625 275 751
377 793 282 155 677 710 1463
94 1186 1446 404 1236 237 287 414 244 1340
1373 773 481 620 1077 664 321 594 1342 617
684 1456 1527 917 1439 584
484 105 1526 1480 471
773 1096 620 1077 664 321 594 327 617
948 1470 239 798 792 1514
1433 1510 1556
11 510 1353 1320 1282 267 743
1081 848 266 1304 349 156
494 1437 345 1487 351 205 222
586
1456 1140 441 917 1439 584
1373 773 481 620 1077 321 594 327 1342 617
773 481 1096 1077 664 327 1342 617
94 1186 1024 1446 1236 237 287 414 244 271
1373 773 594 327 617
510 1353 1282 267
394 1409 387
94 1024 1446 1236 237 404 414 244 1340
271 94 1024 1446 1236 287 414 244 1512 1436
1373 773 481 1077 594 1342 617
891 99 26 1261 1245 342
94 1024 1446 1236 237 287 414 1340 1512
94 1446 404 1236 1340 271 1024 237 414 244 1436
773 481 620 1096 1077 664 594 1342
63 705 1327 1032 749
1373 773 1096 664 321 594 327 617
833 561 267 218
493 476 563 1035 1179 925 613
271 94 1236 237 287 414 1512 1436
545 1244 1475 387 608
1186 404 1236 237 287 414 244 1340 271
773 620 1077 664 594 617
1373 773 481 620 1077 664 321 594 327 617
773 1096 1077 321 594 327 617
8 1450 751
843 610 110 27 1419 366 1065
94 882 1209 1175 366
94 1024 1446 1236 287 414 1512 271
234 324 1273 811 640
684 1456 1140 1527
51 1359 783 1005 550 1525
1373 773 481 664 321 594 327 1342
953
773 481 664 321 594 327 1342
718 1400 329 1144 325 1121 218
305 1320 782 1100 1004
374
616
452 1255 1232 1494 1244 156 435
676
407 1056 796 840
271 1446 404 1236 237 287 1340 1512 1436
638
318 36 572 872 868 578 501 934
910 1409 255 1293
1289 191 1549 384 1472 347 280
1024 404 1236 287 414 244 1340 1512 1436
1209 772 782 1465 283 393
1038 195 1005 1510 967 651
94 1186 1446 404 1236 271 1024 237 414 1512 1436
848 349 156 100
94 1024 1236 237 287 414 244 1340 1512 1436
1295
1024 1446 1236 287 414 1340 1512
936 1086 797 520 470
94 1186 1024 404 1236 237 287 414 244 1340
407 636 774 1056 1499 796 840
1426 407 528 950 1093 390 478 382
936 1086 797 814 470
1426 407 950 1093 390 478 382
839 47 639 1421 951 1028
1400 1367 1171 1427 1044 218
1104 528 933 295 8 278 617
405 837 361 482 62 1497 222
1373 773 481 1096 1077 321 594 327 1342
1186 1026 1229 87 383 1163
1024 1236 287 414 1340 1512 1436
954 521 1324 1164 1514 1170
1535
1279 94 443 343 980 470
290 1324 267 546 1028 386
271 404 1236 237 287 244 1340 1512 1436
773 1096 620 664 321 594 327
916 1082 490 180 1498 400
1186 1229 87 383 1342
1223 1426 1376 1289 434 181
419
1373 773 481 1077 664 321 594 1342 617
1373 773 620 664 321 594 1342
94 1446 1236 237 287 414 1512
1412 863 1323 447 281
773 481 620 1096 664 321 1342 617
1183 1343 1033 567 1040 617
94 404 1236 237 414 244 1340 1512 271
271 94 1186 1024 404 1236 237 414 1512 1436
1446 404 1236 237 287 414 244 1340 1436
94 1186 1024 1446 1236 287 414 1512 271
404 1236 287 414 244 1340 1512 271
1457 1506 44 487 1130 1157
271 1024 1236 237 287 414 1340 1436
1456 814 934 784 275
1289 873 1549 384 1472 280
405 782 1270 1293 1210
1167 291 1256 967 890 1360
1559 1003 710 554 342
1373 773 481 1096 664 594 327 1342
1373 481 1096 664 321 594 327 1342 617
438 1364 937 355 1120 1048 958
618
1198 728 805 1308
1367 728 1044 1543
1400 1367 1171 728 1044 1543
1433 647 1431 618 1317
94 1186 1446 404 1236 1340 271 1024 414 1512 1436
1473 1550 281 1290 348
773 481 620 1077 664 321 594 327 1342 617
510 1353 267 743
560 1276 1559 1003 710 554 342
336 36 725 9 895 625
1472 819
94 1186 1446 1236 287 1340 271 237 414 244 1512
94 1186 1024 1446 1236 404 287 414 244 1340
300 349 17 439 595
484 650 161 1480 471
94 1186 1024 1446 1236 287 414 1512 1436
63 346 961 895
728 1044 1543
966 510 1353 267
1373 773 481 664 321 594 327 617
815 521 1087 798 944 471
200 500 650 533 677
94 404 1236 237 287 414 244 1512 1436
271 1186 1024 1446 1236 237 404 287 1512 1436
1024 1446 1236 237 287 244 1340 1512 271
438 937 355 1048 958
1373 773 481 620 1096 664 327 1342 617
1289 873 1472 280
773 481 1096 664 321 594 327 1342
1359 267 1205 577 1409 417 1272
494 1136 44 1180 464 1463
94 1186 1446 1236 287 1340 1024 237 414 244 1512
1446 1026 1229 87 383 1342 1163
1186 1446 404 1236 287 414 244 1512 1436
94 1186 1446 404 1236 1340 271 1024 414 244 1512
826 710 676 726 1049
773 620 321 594 1342 617
94 1446 404 1236 237 287 414 1512
1044
94 1186 1446 1236 237 287 414 244 1340 1512
1173 171 558 487
407 774 1056 1499 796 840
1373 773 481 620 1096 1077 321 594 1342 617
94 1446 404 1236 1340 271 1024 237 244 1512 1436
1373 773 481 620 664 594 327 1342 617
290 267 282 546 1028 386
218 728 1427 1543
1186 1446 404 1236 287 1340 1024 237 414 244 1512 1436
1203 909 267 903
1486 876 1146 1263 244 400 1163
773 481 1077 321 594 1342 617
271 94 1446 404 1236 237 287 414 244 1436
1189 806 1143 1199 465 810 151 434 67 408 157 1084
1451 31 343 447 596
218 1400 1367 728 1427 1543
291 707 1256 967 890 1360
397 1092 237 1229
841 1251 99 76
1024 1236 237 287 244 1340 1512 1436
1373 773 1096 664 321 594 327 1342 617
841 99 602 76
1167 291 707 1256 967 1360
