94 1024 1446 1236 237 414 244 1512 1436
500
1340
1373 773 1096 620 664 594 617
94 1186 1236 237 414 244 1340 1512 1436
271 1024 1446 1236 287 414 1512 1436
486 1315 1282 1432 1459
1186 1024 404 1236 237 287 244 1340 1512 271
1373 773 1096 664 594 1342 617
1024 1446 1236 287 414 244 1512
1373 773 1077 594 327 1342 617
94 1446 1236 237 287 414 1512
966
94 1186 1024 1446 1236 287 414 1340 1512 1436
1373 773 1096 620 327 1342 617
773 620 664 594 327 617
773 620 664 594 327 1342 617
1373 773 481 1096 664 321 594 1342 617
1373 773 620 594 327 1342 617
1024 1236 237 287 244 1340 1512 271
1186 1024 1446 1236 237 404 414 244 1340 271
1446 1236 237 287 414 244 1340 1512 271
519 991 845 1295 862 569
94 1446 404 1236 237 414 244 1340 1512 271
404 1236 287 414 1340 1512 1436
1024 404 1236 287 414 1340 1512 1436
773 1077 321 594 1342 617
773 1096 664 321 594 327 1342 617
1186 1024 1236 237 287 414 1512 271
1186 1236 237 287 414 244 1512
574 953 391 1306 87 1556 1036
773 481 620 1077 664 594 327 617
1373 773 1096 620 664 321 594 327 1342
962 1511 1156 480
94 1024 1236 237 287 1340 1512 1436
1186 1024 1236 237 414 244 1340 1512
36
1024 1446 1236 404 287 414 244 1512 271
287
1527
271 94 1236 237 287 414 1340 1512 1436
773 481 620 594 327 617
653
1024 1446 1236 237 404 287 244 414
94 1186 1024 1446 1236 237 287 414 1340 1436
1293
94 1186 1446 404 1236 287 1340 1024 414 244 1436
1236
1373 773 664 594 327 617
94 1024 1446 1236 237 287 414 1340
1373 773 1096 321 594 327 617
1512
94 404 1236 237 287 414 1512 271
1024 404 1236 414 244 1340 1512 1436
407
1186 1024 1236 237 287 414 1512
94 1186 1446 1236 287 1340 271 1024 414 244 1512 1436
94 1024 1446 1236 237 404 287 244 414 1512
447
594
271 1024 1236 237 287 1340 1512 1436
1446 404 1236 237 287 414 1512
1373 990 1556 75 1512 1090
1186 1446 1236 237 287 414 244 1340 1512
1373 773 620 1077 664 321 594 617
1186 1024 1446 1236 237 404 287 414 1340 1436
1024 1236 237 287 414 1512
271 94 1446 1236 287 414 244 1340 1512 1436
237
94 1446 404 1236 237 287 1340 1512
773 481 1096 594 327 1342 617
773 1077 664 594 1342 617
1186 1446 404 1236 237 414 1340 1512 271
1024 1236 237 287 414 1340 1436
94 1236 237 287 414 244 1512
359 10 309 459
271 94 1024 404 1236 237 414 244 1340 1436
773 481 620 1096 321 594 617
94 404 1236 237 287 414 1340 1512 1436
94 1186 404 1236 237 287 244 1340 1512 271
1024 404 1236 287 414 1512 271
1186 404 1236 287 414 1340 1512 1436
271 1186 404 1236 237 287 414 1512 1436
1341
94 1446 1236 237 287 414 244 1512 1436
404 1236 237 414 244 1340 1512 271
94 1186 1024 404 1236 414 244 1340 1512 1436
94 1024 1446 1236 237 287 414 1340 1512
94 1186 1446 1236 237 287 414 1512 1436
625 615
481 620 1096 1077 321 594 327 1342 617
271 1186 404 1236 237 287 244 1340 1512 1436
1005
404 1236 237 287 414 244 1512
404 1236 237 287 414 244 1512 271
617
763
94 1186 1024 1236 287 414 244 1340 1512 1436
1024 1236 237 287 414 1340
1223 1376 1289 434 181 284
407 528 1093 382
1186 1024 1446 1236 237 287 414 1340 1512
620
94 1186 1446 404 1236 287 271 237 414 244 1512 1436
1096 620 664 321 594 327 1342 617
1173
1186 1024 1446 1236 237 404 287 244 414
773 481 620 594 327 1342 617
1024 1446 1236 237 287 414 1340
94 1024 1446 1236 287 414 1512 1436
773 1096 594 1342 617
1123 1412 1516 447 281
1446 404 1236 237 287 414 1340 1512
404 1236 237 287 414 244 1512 1436
850
1373 773 481 1096 1077 594 1342 617
1396
1186 1024 1446 1236 404 287 244 1340 1512 271
1118 991 675 1374 1314 1347
924 1223 1373 1344 281 1128
773 1096 620 327 1342 617
94 1024 404 1236 237 287 414 1512
773 321 594 327 617
75
1024 1236 237 414 1340 1512 271
1315
94 1024 1236 237 287 414 1340
773 1096 620 1077 594 1342
94 1024 404 1236 237 414 244 1340 271
773 594 1342 617
1446 1026 1229 87 1163
773 481 321 594 327 617
773 481 620 1096 1077 321 594 327 617
773 1096 620 1077 321 594 617
1186 1236 237 287 414 1340 1512 271
1239 1382 153 596
1024 404 1236 237 287 414 244 1512
773 1096 321 594 1342 617
1171 1427 1044 1543
773 620 321 594 327 1342 617
1373 773 481 664 321 594 617
773 481 1077 321 594 1342 617
94 1024 1236 237 287 244 1340 1512
1024 404 1236 237 287 244 1512 1436
1456 1140 441
776
218 1367 1171 1427 1044 1543
1446 1236 237 287 414 244 1512
773
94 882 1209 1175 876 366 239
404 1236 237 287 414 1512 271
1024 1446 1236 237 287 1340 1512
1221
94 1186 404 1236 287 414 1340 1512 271
1260
94 404 1236 237 287 244 1340 1512
773 481 1096 664 594 1342 617
1160 211 261 683 140
1429
1373 773 481 1077 594 327 1342 617
1186 1024 1446 1236 237 287 1340 1512
404 1236 237 287 414 1512
851 1217
94 1446 1236 237 287 414 1512 271
962 1133 950 1156 480
575 625 751 479
271 94 1186 1446 1236 237 287 414 1340 1436
1024 1446 1236 237 287 414 1512
1367
729 486 1315 510 1432
441
1556
94 1186 1446 1236 1340 1024 237 414 244 1512 1436
1229 87
773 481 620 1096 594 1342
1186 1446 404 1236 237 287 414 1340
404 1236 237 287 414 1340 1512 1436
773 1096 620 664 321 594 1342
1390 1450
271 1446 404 1236 237 287 414 1340 1436
1024 404 1236 287 414 1512 1436
94 1186 1024 404 1236 237 287 244 1512
1186 404 1236 287 414 1340 1512
94 1186 1236 287 414 244 1340 1512 271
773 481 1096 1077 664 594 327 617
271 1186 1024 1236 287 414 244 1512 1436
1186 1024 404 1236 237 287 414 244 1436
11 510 1353 1320 1282 267
94 1186 404 1236 237 287 414 244 1512 1436
1373 773 1096 664 321 594 617
1396 1190 797 408
486 1315 1282 1459
1186 1236 237 287 414 244 1512 271
87 383 1342 1163
94 1024 1236 237 287 1340 1512
1024 1446 1236 237 287 414 244 1340 1436
773 620 1077 664 594 1342 617
1186 1024 1446 1236 237 404 287 414
1024 1236 287 414 244 1340 1512 271
1463
414
1024 1446 1236 237 404 414 244 1512
1024 404 1236 287 414 244 1512
773 1096 620 1077 664 594 327 617
1373 773 1096 1077 664 594 1342
94 1024 1446 1236 237 414 1340 1512 271
729 486 1315 1282 1432 1459
94 1024 1446 1236 237 404 287 244 1340 1512
1024 1236 237 287 414 244 1512
773 481 594 1342 617
94 1186 1024 1446 1236 287 414 244 1512
94 1446 404 1236 287 414 244 1512
1373 773 1096 620 664 594 327
187
407 1093 390 478 382
271 1446 1236 237 287 414 244 1340 1512 1436
1236 237 287 414 1340 1512 1436
1186 1024 404 1236 237 414 244 1340 1512
271 1446 1236 237 414 244 1340 1512 1436
1373 773 620 1077 594 617
94 1186 1024 404 1236 237 287 244 1512 1436
1324
94 1024 404 1236 414 1340 1512 1436
1186 1024 1446 1236 287 414 244 1512 1436
1446 404 1236 237 287 414 1340 1512 271
271 94 1186 1024 1236 237 287 414 244 1436
271 94 1236 237 287 414 244 1512 1436
773 1096 620 664 594 327 1342
63
773 1096 1077 594 617
271 1024 1446 1236 237 404 287 1340 1512 1436
94 404 1236 237 287 414 1340 271
1024 1446 1236 404 287 414 1340 1436
271 94 1186 1024 404 1236 237 287 414 1436
271 94 1024 1236 237 287 1340 1512 1436
1186 404 1236 237 287 414 244 1512 1436
1421
773 481 620 1077 321 594 327 617
94 1186 1446 404 1236 287 414 1512 1436
1236 287 414 244 1340 1512 1436
494 1136 44 464
1186 1446 404 1236 237 287 414 1340 1436
773 481 1096 1077 664 321 594 1342 617
94 1024 1446 1236 237 287 414 244 1512
94 1024 1446 1236 237 414 244 1340 1512 271
63 346 961 895
773 481 1077 321 594 327 617
1186 1446 1236 237 287 414 1512 271
271 1446 1236 287 414 244 1340 1512 1436
873
1179
1186 1024 1446 1236 404 287 414 244 1340
1373 773 481 620 664 594 617
773 594 327 617
1186 1446 1236 237 287 414 1340 1512 1436
1024 404 1236 237 287 414 244 271
1511 419
1024 404 1236 287 414 244 1340 1512
1542 1043 1399 1365
1446 1236 237 287 414 1512 271
1186 1236 237 287 414 1340 1512
271 1186 1024 1446 1236 237 404 287 414 1436
94 1186 1024 1236 237 287 414 1340 1512 271
94 1186 1024 1446 1236 404 414 1340 1512
94 1186 1024 404 1236 237 287 414 271
1024 404 1236 237 287 414 244 1512 271
773 1096 620 594 617
94 1024 404 1236 237 414 244 1340 1512
271 1024 1446 1236 237 404 287 244 1512 1436
1373 773 481 620 1077 321 594 617
1186 1446 404 1236 287 1340 271 237 414 244 1436
1373 773 481 1096 1077 594 327 617
1222
1186 1024 1446 1236 237 287 414 1340
1236 237 287 414 244 1340 1512
94 1024 1236 237 414 1340 1512 1436
1478 114 469 1466 91 270 996
500 1309 128 1 257
1373 773 1096 664 321 594 1342 617
94 1024 1236 237 287 414 244 1512 271
94 1024 1446 1236 404 414 1340 1512 1436
1426 407 528 950 1093 478 382
94 1024 1446 1236 237 287 414 1340 1436
1373 773 1096 321 594 617
1186 1024 404 1236 237 287 414 1340 1512 271
94 1186 404 1236 237 287 414 1512
848 349 156 100
308
1446 404 1236 287 414 1340 1512
94 1024 1446 1236 237 404 414 1512 1436
94 1024 404 1236 237 287 414 244 1340 1512
342
1446 1236 237 287 414 1512 1436
773 481 620 1096 1077 594 1342 617
773 481 620 1077 594 617
94 1186 1446 404 1236 287 1340 271 1024 244 1512 1436
1373 773 1096 321 594 1342
1186 1024 1446 1236 237 287 414 244 1512
1024 404 1236 287 414 244 1340 1436
1373 773 481 594 1342 617
271 1024 1446 1236 237 287 414 1340 1436
168
1373 773 481 594 327 1342 617
558
1186 1024 404 1236 237 414 1340 1512
1236 237 287 414 244 1512 1436
94 1446 1236 237 287 414 1340 1512 271
1373 1096 620 1077 664 594 327 1342 617
773 481 620 1077 594 327 1342 617
773 481 1096 664 594 617
1373 773 481 620 1077 664 594 617
484 1527 468 1287
94 1186 1024 1236 287 414 1340 1512
773 620 321 594 617
962
1186 1024 404 1236 237 414 1512 1436
94 1024 1446 1236 237 404 414 1340 1512 1436
1186 404 1236 287 414 1340 1512 271
1186 1024 1236 287 414 1340 1512
1186 1024 1236 237 287 414 1340 271
1043 1399 1365
1446 404 1236 237 287 414 244 1512 271
1186 1024 1236 287 414 244 1340 1512 271
1186 1024 1236 237 287 414 244 1340
1382
1373 773 620 664 594 327 617
1186 1024 404 1236 287 414 244 1340 271
359 1068 912 236 292 76
484
94 1186 1024 1446 1236 237 404 287 1512
1186 404 1236 237 287 414 1512
1365
1446 404 1236 237 287 414 1340
1373 773 481 1096 1077 664 321 594 617
94 1186 1446 404 1236 287 414 244 1512
271 1446 404 1236 237 287 244 1340 1512 1436
1186 1024 404 1236 237 414 1340 1512 1436
94 1024 1446 1236 237 404 287 1512 271
917
