56 114 94 24 63 2 36 38 42 120 100:3.5699328e7
56 114 94 24 63 45 2 36 42 120 100:3.6217888e7
56 114 90 24 63 2 36 38 42 120 100:3.579741e7
94 36 90 120:3.5684551e7
56 114 94 24 63 45 2 38 97 36 42 120:3.7405461e7
56 114 90 24 63 45 2 38 97 36 120 100:3.5488173e7
56 114 94 90 63 45 2 38 97 36 42 120:3.6266505e7
94 36 38 90:3.7573587e7
114 94 90 24 63 45 2 38 36 42 120 100:3.7605169e7
114 94 24 63 45 2 38 36 42 120 100:3.5584705e7
56 114 94 90 24 63 45 2 97 36 42 120:3.742248e7
56 94 90 24 63 2 97 38 36 42 120 100:3.6406551e7
114 94 24 63 45 2 38 97 36 42 120 100:3.6352828e7
56 94 90 24 63 45 2 38 97 36 42 120:3.7344561e7
56 114 24 63 45 2 38 97 36 42 120 100:3.7067074e7
56 114 94 24 63 2 97 38 36 42 120 100:3.6467451e7
56 114 94 24 63 45 2 38 97 36 120 100:3.5390091e7
56 114 94 90 24 63 45 2 38 97 42 120:3.5554005e7
56 114 94 24 63 45 2 38 36 42 120:3.6637338e7
56 114 94 24 63 45 2 97 36 42 120:3.5402016e7
56 114 90 24 63 2 97 38 36 42 120 100:3.6565533e7
56 114 94 90 24 63 45 2 36 42 120 100:3.8238352e7
94 97 88 36 90:3.7330455e7
56 114 94 90 63 45 2 38 97 36 42 120 100:3.78505e7
114 90 24 63 45 2 38 36 42 120 100:3.5682787e7
56 114 94 90 24 63 45 97 36 42 120 100:3.5889202e7
56 114 24 63 45 2 38 36 42 120 100:3.6298951e7
56 114 94 90 24 63 45 2 38 36 42 120 100:4.0241797e7
56 114 94 90 24 63 45 2 38 97 36 42 120:3.9425925e7
94 97 36 90 120:3.6630894e7
56 90 24 63 45 2 38 97 36 42 120:3.5422179e7
56 114 90 63 45 2 38 97 36 42 120 100:3.5928118e7
56 94 24 63 45 2 38 36 42 120 100:3.6139969e7
29 55 110 94 90 24 66 102 57 70 41 2 97 38 36:3.6179145e7
56 90 24 63 45 2 38 36 42 120 100:3.6238051e7
114 94 90 24 63 45 2 38 36 42 120:3.6021174e7
56 94 90 24 63 2 36 38 42 120 100:3.5638428e7
94 36 38 90 120:3.803653e7
56 94 24 63 45 2 38 97 36 42 120 100:3.6908092e7
114 94 90 24 63 2 36 38 42 120 100:3.576896e7
56 114 94 90 24 63 45 2 38 97 42 120 100:3.7138e7
94 67 36 88 90:3.8029366e7
56 114 90 24 63 45 2 38 97 36 42 120 100:3.9087538e7
94 36 90:3.7087308e7
56 114 94 90 24 63 45 97 38 36 42 120 100:3.7892647e7
56 94 90 24 63 45 2 38 36 42 120 100:3.8160433e7
114 94 90 24 63 2 97 38 36 42 120 100:3.6550205e7
114 94 90 24 63 45 2 36 42 120 100:3.5601724e7
56 94 90 24 63 45 2 36 42 120 100:3.6156988e7
94 90 24 63 45 2 38 97 36 42 120 100:3.6291928e7
56 94 90 24 63 45 2 38 97 36 42 120 100:3.8928556e7
94 90 24 63 45 2 38 36 42 120 100:3.5523805e7
56 94 90 24 63 45 2 38 97 36 120 100:3.5329191e7
94 67 36 90:3.6589736e7
56 114 94 90 24 63 2 36 38 42 120 100:3.7719792e7
56 114 94 90 24 63 45 2 38 36 42 120:3.8657802e7
56 114 94 90 24 45 2 38 36 42 120 100:3.629356e7
56 114 94 90 24 63 45 36 38 42 120 100:3.7124524e7
56 114 94 90 24 45 2 38 97 36 42 120 100:3.7061683e7
56 90 24 63 45 2 38 97 36 42 120 100:3.7006174e7
56 114 94 24 63 45 2 38 97 36 42 120 100:3.8989456e7
56 94 90 24 63 45 97 38 36 42 120 100:3.5811283e7
56 114 94 90 24 63 45 2 97 36 120 100:3.540711e7
56 114 94 90 24 63 45 2 38 97 36 120:3.582656e7
56 94 24 63 45 2 38 97 36 42 120:3.5324097e7
56 114 94 90 24 63 45 97 38 36 42 120:3.6308652e7
56 114 94 90 63 45 2 38 36 42 120:3.5498382e7
29 55 110 94 90 24 66 102 57 70 41 2 36 38:3.5597484e7
56 94 90 24 63 45 2 97 36 42 120:3.5341116e7
56 114 94 90 24 63 2 97 38 36 42 120 100:3.8487915e7
56 114 94 90 24 63 2 36 42 120 100:3.5716347e7
56 114 94 90 24 63 45 2 38 97 36 42 120 100:4.100992e7
56 114 94 24 63 45 2 38 36 42 120 100:3.8221333e7
56 114 90 24 63 45 2 97 36 42 120:3.5500098e7
94 67 97 88 36 90:3.565087e7
56 114 94 90 24 63 2 36 38 42 120:3.6135797e7
56 114 94 90 24 63 45 2 38 36 120 100:3.6642432e7
56 114 94 90 63 45 2 97 36 42 120 100:3.5847055e7
114 94 90 24 63 45 2 97 36 42 120 100:3.6369847e7
114 90 24 63 45 2 38 97 36 42 120 100:3.645091e7
56 114 94 90 24 45 2 38 97 36 42 120:3.5477688e7
56 114 90 24 63 45 97 38 36 42 120 100:3.5970265e7
56 114 90 24 63 45 2 38 97 36 42 120:3.7503543e7
56 114 94 90 24 63 45 2 38 42 120 100:3.6369877e7
56 94 90 24 63 45 2 38 36 42 120:3.6576438e7
56 114 94 90 24 63 45 2 36 42 120:3.6654357e7
56 114 94 63 45 2 38 97 36 42 120 100:3.5830036e7
94 36 88 90:3.9490594e7
114 94 90 24 63 45 2 38 97 36 42 120 100:3.8373292e7
56 114 24 63 45 2 38 97 36 42 120:3.5483079e7
56 94 90 24 63 45 2 97 36 42 120 100:3.6925111e7
94 97 38 36 90 120:3.8778035e7
56 114 94 90 63 2 97 38 36 42 120 100:3.5328495e7
94 67 97 36 90:3.5566943e7
56 114 94 90 24 63 97 38 36 42 120 100:3.5370642e7
56 114 90 24 63 45 2 38 36 42 120:3.673542e7
56 114 94 24 63 45 2 97 36 42 120 100:3.6986011e7
56 114 94 90 24 63 2 97 36 42 120 100:3.648447e7
56 114 90 24 63 45 2 36 42 120 100:3.631597e7
56 114 94 90 24 63 45 36 38 42 120:3.5540529e7
56 114 90 24 63 45 2 97 36 42 120 100:3.7084093e7
56 114 94 90 24 63 45 2 97 36 42 120 100:3.9006475e7
114 94 90 24 63 45 2 38 97 36 42 120:3.6789297e7
56 94 90 63 45 2 38 97 36 42 120 100:3.5769136e7
56 114 94 90 24 63 2 97 38 36 42 120:3.690392e7
94 97 36 90:3.7726371e7
94 97 38 36 90:3.8481167e7
56 114 90 24 63 45 2 38 36 42 120 100:3.8319415e7
56 114 94 90 63 45 2 38 36 42 120 100:3.7082377e7
56 114 94 24 63 45 97 38 36 42 120 100:3.5872183e7
56 114 94 90 24 63 45 2 38 97 36 120 100:3.7410555e7
