56 114 90 24 63 45 2 97 36 42 120 100
56 114 90 24 63 45 2 38 36 42 120 100
114 94 90 24 63 45 2 38 36 120 100
94 2 97 36 90 24 120
29 55 110 94 90 24 66 102 57 70 41 2 38
29 55 110 24 66 102 57 70 2 97 38 36
114 63 94 97 38 36 90 24 42 120
56 114 63 94 36 38 90 24 42 120
29 55 110 94 24 66 102 57 70 2 36 38
114 63 45 36 38 94 90 24 42 120
29 55 110 94 90 24 66 102 70 2 97 38 36
41 67 94 97 38 36 104 90 1
56 63 2 97 38 36 24 42 120 100
56 114 94 90 24 63 97 38 36 120 100
114 90 24 63 45 2 38 97 36 42 120 100
56 114 90 24 63 97 38 36 42 120 100
94 2 36 90 24 120
56 114 63 45 2 97 36 90 42 120
114 63 45 2 38 36 24 42 120 100
56 114 94 90 24 45 2 97 36 42 120 100
114 63 45 2 36 94 90 24 120 100
56 114 94 90 24 45 2 38 97 36 120
56 114 94 90 63 45 2 38 97 42 120 100
56 114 94 90 24 63 2 97 42 120 100
2 97 38 36 90 24 120
56 114 94 90 24 63 45 2 38 97 120 100
94 63 45 2 38 36 24 42 120
56 114 94 90 24 63 45 2 38 42 120
56 114 94 90 24 63 2 97 36 120 100
94 90 24 63 45 2 38 36 42 120 100
29 55 110 94 90 24 66 102 57 70 2 36 38
56 114 94 90 24 63 45 2 38 120 100
