114 63 2 97 38 36 90 24 42 120
56 94 63 45 36 38 24 42 120 100
56 94 63 2 97 38 36 24 42 120
94 67 36 88 90
56 114 63 45 36 38 90 24 42 120
56 114 63 45 97 38 36 24 42 120
94 67 36 104 90
114 63 45 2 97 36 94 24 42 120
56 114 94 45 2 38 36 24 42 120
56 94 24 63 45 2 38 36 42 120 100
56 63 45 2 38 97 36 24 42 120
114 90 24 63 45 2 38 97 36 42 120
56 114 63 45 2 38 97 36 24 120
94 36 90 120
56 94 90 24 45 97 38 36 42 120 100
56 114 94 90 24 63 45 97 42 120 100
114 63 2 36 38 90 24 42 120
56 63 2 36 90 24 42 120 100
55 94 110 90 24 66 102 57 70 41 2 36 38
56 114 63 2 36 94 90 24 42 120
70 94 2 97 38 36 90 24
56 114 94 90 24 63 45 2 97 42 120
55 94 110 90 24 66 102 57 70 2 97 38 36
56 94 90 24 63 97 38 36 42 120 100
114 94 24 63 2 97 38 36 42 120 100
56 114 94 90 24 63 45 2 38 36 120
56 114 94 90 24 63 45 2 38 36 42 100
56 114 63 45 2 36 94 90 42 120
63 2 36 38 90 24 42 120 100
114 94 90 24 63 45 97 38 36 42 120 100
56 114 63 45 36 94 24 42 120 100
114 94 24 63 45 2 38 97 36 42 120 100
56 114 94 90 63 2 36 38 42 120 100
114 63 45 2 36 24 42 120 100
29 94 110 90 24 66 102 57 70 41 2 97 38 36
114 63 45 2 36 94 90 24 120 100
114 63 45 2 36 94 90 24 42 120
114 63 2 94 38 90 24 42 120 100
29 94 110 90 24 66 102 57 70 41 36 38
56 114 94 90 24 63 45 2 38 97 36 42 100
