56 114 63 2 36 38 24 42 120
114 63 2 97 36 94 90 24 42 120
114 94 90 24 63 45 97 38 36 120 100
94 90 24 63 45 97 38 36 42 120 100
56 114 90 24 63 2 97 36 42 120 100
56 114 63 45 2 36 24 42 120 100
56 63 2 36 38 90 24 42 120 100
56 94 90 24 63 45 97 38 36 42 120 100
41 67 94 97 38 36 104 90 1
56 114 63 45 2 36 94 90 42 120
56 114 94 45 2 38 36 24 42 120
56 114 94 24 63 45 2 38 97 42 120 100
29 55 110 94 24 66 102 57 70 2 97 38 36
56 94 90 24 63 45 97 38 36 120 100
56 114 94 90 63 45 2 97 42 120 100
56 114 63 2 36 38 90 42 120 100
