683 141 884 530 73 485 428 186 462 448:1.1282282e7
152 2 574 804 276 621 323:1.0378252e7
947 493 896 915 437:9.975674e6
79 309 756 424 204 683:1.0767884e7
309 756 424 204 801:1.0247835e7
683 884 530 73 428 141 186 462 448:1.062308e7
812 266 349 598 159 160:1.0096922e7
79 309 756 424 204 683 801:1.0516131e7
208 781 547 296 286 726 941 796:1.0344748e7
335:1.442935e7
32 812 266 349 160:1.0703801e7
508 711 487 739 184:1.0591892e7
152 2 574 804 276 621 344 323:1.1001572e7
461:1.018144e7
34 152 2 11 574 276 323:1.1225773e7
79 708 309 756 424 204 683 801:1.0488994e7
79 335 708 309 756 204:1.0191146e7
335 309 756 204 428 801:1.0313676e7
781 547 300 888 938 286 726 941 186 796:1.004267e7
34 152 11 574 804 621 323:1.045966e7
947 493 896 915 677 348:1.0224083e7
352 152 415 174 391 488:1.240767e7
335 424 756 204 428 683 801:1.040375e7
316 420 510 539 845 577 205 118 101:1.0877703e7
208 781 547 300 296 938 726 186:1.0477309e7
208 781 547 296 888 938 286 726 796:1.0136776e7
991 391 693 640:1.0769447e7
599 806 94 445 534 578 676 73:1.1538804e7
208 781 547 300 296 888 286 726 186:1.1449372e7
34 152 2 11 574 276 344 323:1.185638e7
920 672 877 181 641 309 347:1.1578494e7
907 409 305 900 211 573:1.114063e7
508 359 487 739 184:1.0531789e7
32 721 304 266 206 349 598 160:1.0241966e7
152 2 11 574 344 323:1.0102491e7
335 309 756 424 204 428 801:1.192937e7
947 493 783 896 915 437:1.0539079e7
309 756 424 204 428:1.1566475e7
947 493 783 896 677 437 348:1.096951e7
323:2.19003e7
32 812 266 206 349 160:1.1282216e7
599 806 94 445 534 578 676 73 569:1.170095e7
425 672 641 309 347:1.0624408e7
799 920 912 133 423:1.168483e7
799 920 912 133 451 827:1.2922682e7
674 985 126 131 965 676 382 428:1.1016564e7
920 912 133 451 827 423:1.3733235e7
208 781 547 300 296 286 726 941 796:1.0665121e7
208 781 547 286 726 941 186:1.0504307e7
991 506 693 640:1.1090594e7
316 29 420 888 539 845 205:1.0237341e7
514 44 177 369 228:1.1766011e7
34 152 2 11 574 804 344:1.0008364e7
208 781 547 296 888 938 726 941 186 796:1.0788949e7
335 708 309 424 204 428 683:9.944541e6
776:1.133824e7
79 309 756 424 204 801:1.0810043e7
335 309 756 204 428 683:1.0293335e7
316 420 539 845 205 118:1.0023598e7
34 152 2 11 276 621 323:1.0650154e7
13:2.0913552e7
708 424 756 204 428:1.0110919e7
481:1.5775496e7
352 152 174 391:1.0911549e7
574:1.4719747e7
947 493 783 896 915 677 437:1.1952392e7
32 812 266 598 159 160:1.0960848e7
674 985 126 131 965 382 428 162:1.025597e7
34 2 574 804 344 621 323:1.035922e7
920 451 827 423:1.1834131e7
34 152 2 804 344 621 323:1.010042e7
32 812 349 598 159 160:1.0749923e7
316 29 888 539 845 205 101:9.947332e6
141 530 73 485 428 186 462 683:9.966715e6
359 985 711 487 184:1.1187358e7
920 912 451 827:1.2084491e7
79 335 708 309 756 424 204:1.183221e7
208 547 296 888 286 726 796 186:9.978439e6
781 547 296 938 286 726 941 186 796:1.0551164e7
868:2.0633547e7
152 218:1.0469181e7
79 335 708 309 424 204 428 683:1.0439094e7
208 781 547 296 938 286 726 941 186 796:1.1741038e7
991 879 391 693 640:1.1173735e7
781 547 888 941 796 208 300 296 286 726 186:1.1998076e7
316 420 888 539 845 205 118:1.0164387e7
316 29 420 510 539 845 118 101:1.0286626e7
316 29 420 888 539 845 577 205:1.0343507e7
34 2 11 574 276 621 344 323:1.1512838e7
799 920 912 451 827:1.3240916e7
335 309 424 204 428 801:9.933035e6
316 29 420 539 845 101:1.0015092e7
208 781 547 300 296 938 286 726 796 186:1.1701745e7
907 409 305 900 573 816 106:1.0876265e7
34 152 11 574 621 323:1.0178918e7
335 309 756 204 428:1.0625664e7
208 781 547 938 286 726 941 186 796:1.0836141e7
409 305 863 900 211 573:1.1207428e7
266 349 598 160:1.0178499e7
316 29 888 539 510 845 577 205 101:1.0056998e7
305:1.51024e7
335 753 218:1.0181545e7
208 781 547 300 296 888 938 286 796 186:1.0046506e7
912 451 827 423:1.0051534e7
781 547 300 296 286 726 796 186:1.0427482e7
34 152 2 11 804 621 323:1.0585176e7
152 2 11 574 621 323:1.0899602e7
920 912 451 423:1.445767e7
316 29 420 510 539 845 577 205 101:1.0955252e7
18:1.7483533e7
508 985 711 487 184:1.1359827e7
316 29 420 539 845 577 205:1.0207645e7
32 266 349 598 160:1.2741411e7
208 781 547 300 296 938 286 726 796:1.0397557e7
947 493 783 896 915 437 348:1.0308143e7
335 309 756 424 204 683:1.0985923e7
34 152 2 11 574 276 621 323:1.262859e7
32 910 304 266 206 349 598 160:1.0110131e7
152 2 11 574 276 621 804 344 323:1.2098474e7
316 29 420 888 539 845 577 205 118 101:1.1387255e7
79 708 309 756 424 204 801:1.0755364e7
188 775 790 18 72 818 559 671:1.0554041e7
208 547 296 888 938 286 726 941 186:1.0159085e7
352 152 415 391:1.0357022e7
34 2 574 344 621 323:1.0084754e7
309 756 424 204 428 683:1.1176161e7
208 547 300 296 938 286 726 186:1.0060038e7
493 783 896 915 677 437 348:1.0050482e7
514 177 763 228:1.0473393e7
79 335 309 756 424 204 683:1.1481125e7
208 781 547 300 296 938 286 796 186:9.973083e6
789 614 719 155 327:1.0669992e7
32 812 266 349 598 159 160:1.2556648e7
683 141 530 73 485 428 186 462 448:1.0053522e7
514 177 763 369 228:1.0619157e7
208 781 547 300 296 888 938 286 726 941:1.054432e7
208 547 300 296 888 938 286 726 186:1.0145341e7
34 152 11 574 804 276 344 323:1.0024722e7
907 409 305 900 573 816:9.981558e6
409 305 863 900 211 573 106:1.2082144e7
375:1.0303263e7
352 152 415 391 488:1.0595972e7
32 910 812 721 304 266 206 349 598 160:1.0279823e7
79 335 708 309 756 204 428 683:1.0807085e7
920 133 451 827 423:1.1556958e7
79 708 309 756 424 204 428 801:1.1638556e7
208 781 547 296 938 726 796 186:1.0419184e7
599 806 445 534 578 676 73:1.0565783e7
968:1.059696e7
508 711 487 739:1.0746098e7
208 781 547 300 296 888 726 941 186 796:1.1055249e7
683 884 530 73 485 428 186 462 448:1.0047212e7
208 781 547 300 296 888 938 286 941 186:1.012365e7
152 2 11 574 804 621 344:1.0022632e7
32 910 812 304 266 206 349 598 160:1.0040826e7
674 985 126 676 965 382 428 439:1.0675968e7
316 420 888 539 510 845 205 118:1.0167306e7
781 547 300 296 938 286 726 796 186:1.050284e7
188 790 18 72 559 671:1.0331333e7
208 781 547 296 286 726 941 186 796:1.1691801e7
666:1.0423017e7
907 305 863 900 573 106:9.988978e6
316 29 888 539 845 577 205 101:1.0051226e7
334 896 424 629:1.0858812e7
208 781 547 286 726 796 186:1.0422625e7
335 309 424 204 428 683:9.947476e6
316 420 539 845 577 205 118:1.0138049e7
79 335 708 309 756 424 428:1.0252711e7
907 409 305 900 211 106:1.0434184e7
508 359 711 487 739:1.1045434e7
842:1.546359e7
316 29 888 539 510 845 205 101:9.958628e6
316 29 420 888 539 510 845 205 118 101:1.1285308e7
799 920 451 423:1.3306134e7
920 912 133 451 423:1.4050568e7
152 2 574 276 621 323:1.0096303e7
316 420 539 845 577 118 101:9.978821e6
208 781 547 300 296 726 941 186 796:1.1038869e7
208 781 547 296 888 726 941 186:1.0472967e7
907 409 305 863 900 211:9.97624e6
208 781 300 296 938 286 726 941 186 796:9.941068e6
920 672 181 641 309 347:1.1086114e7
316 420 888 539 510 845 577 205 101:1.0682458e7
39:1.796412e7
79 309 756 204 428:1.0350381e7
152 2 11 574 804 344 323:1.0373069e7
335 708 309 756 424 204:1.1303539e7
208 781 547 296 888 286 726 941:1.0115554e7
79 424 756 204 428 801:1.0452235e7
409 305 900 211 573:1.0768166e7
316 29 510 539 845 577 205 101:9.930796e6
947 493 783 896 677:1.0146885e7
945 218:1.046733e7
208 547 296 888 286 726 941 186 796:1.0323138e7
152 2 574 804 344 621 323:1.0681504e7
672 641 309 347:1.0687052e7
884 530 73 428 141 186 462:1.0188681e7
708 309 756 424 204 428:1.1463327e7
985 126 131 965 676 428 162:1.0224825e7
985 126 676 965 382 428 162:1.0019284e7
335 708 309 424 204 428:1.0198754e7
208 781 547 300 296 938 286 941 796 186:1.031184e7
208 547 296 888 938 286 726 941 186 796:1.0415533e7
985 126 131 965 676 382 428 162:1.0869988e7
208 781 547 296 286 726 796:9.993916e6
683 309 756 424 204 428 801:1.0920167e7
674 985 126 676 965 382 428 162:1.0515273e7
920 205 579 776:1.0546897e7
781 547 296 286 726 796 186:1.0106748e7
907 409 305 900 211 573 816 106:1.1998247e7
316 29 420 888 539 845 205 101:1.0990877e7
789 614 886 155 767 327:1.042193e7
920 912 133 827 423:1.0340619e7
991 391 506 693:1.0702567e7
79 335 708 309 424 204 428 683 801:1.0182024e7
208 781 547 300 888 938 286 726 186:1.0626561e7
316 29 510 539 845 577 205 118 101:1.0253709e7
508:1.596969e7
599 806 94 534 578 676 73 569:1.0140234e7
208 781 547 300 296 938 286 726 941 796:1.072653e7
309 756 424 204 683:1.0239733e7
316 420 888 539 845 577 205 101:1.0687853e7
79 335 424 756 204 801:1.0240685e7
208 781 547 296 938 286 941 796 186:1.0002385e7
450:9.91312e6
79 335 708 309 756 424 204 801:1.1461595e7
79 335 309 424 204 428 683:1.0469772e7
335 309 756 424 204 428:1.2300605e7
316 29 420 888 539 845 577 118 101:1.0519261e7
34 2 11 574 804 621 344 323:1.1461362e7
947 493 783 915 677 437:1.0442729e7
316 29 420 888 539 845 577 205 118:1.0665868e7
32 206 349 598 159 160:1.1363366e7
812 721 349 598 159 160 32 910 304 266 206:1.0192405e7
79 335 424 756 204 683 801:9.970446e6
208 781 547 300 296 938 286 726:1.0130114e7
208 781 547 300 296 888 938 726 941 186:1.0862872e7
799 920 912 133 451 423:1.5116765e7
34 2 574 804 276 621 344 323:1.067125e7
599 806 94 445 534 73 676 569:1.0818743e7
34 152 2 574 804 276 344 323:1.1005568e7
32 910 721 304 266 206 349 598 160:1.0347062e7
34 152 2 11 804 344 621 323:1.1205536e7
34 152 2 11 574 276 621 804 323:1.2870332e7
32 812 266 206 349 598:9.955345e6
335 309 756 424 204:1.1339161e7
32 266 349 160:1.0757113e7
985 968 868 428 111:1.0024566e7
781 547 300 296 888 286 726 941 186:1.0618114e7
985 126 131 676 382 428 439 162:1.0178033e7
34 152 2 574 276 323:1.0098764e7
781 547 300 296 888 938 726 941 186 796:9.915979e6
208 547 296 888 938 286 726 796 186:1.007755e7
793 493 990 578 842:9.984894e6
284:1.2973812e7
806 94 445 534 578 676 73:1.0149046e7
34 152 2 574 804 276 621 344:1.0635417e7
790:2.2749684e7
34 152 2 11 574 621 323:1.2323227e7
79 335 708 309 756 424 204 428 683:1.2290467e7
205:1.7421402e7
316 888 539 510 845 577 205 118 101:9.978609e6
599 806 94 445 534 578 676 569:1.0053041e7
674 985 126 676 965 428 439 162:1.0375817e7
884 530 73 485 428 186 462 683:9.959889e6
79 708 424 756 204 428 683 801:1.0157354e7
208 781 547 300 296 888 938 286 726 796:1.0466109e7
34 152 2 11 804 276 621 344 323:1.152121e7
810 724 42 736 743 347:1.0114957e7
316 29 420 510 539 845 577 118 101:1.0389269e7
208 781 547 296 888 938 286 726 941 796:1.0471314e7
781 547 300 296 888 286 726 796 186:1.049536e7
208 781 547 300 888 938 726 941 186 796:1.0218311e7
79 335 708 309 756 424 204 683:1.1469585e7
79 335 708 424 756 204:1.0509213e7
493:1.6359948e7
208 781 547 938 286 726 941 186:1.0580215e7
985 126 131 965 382 428 439:9.921468e6
947 493 896 677 437:1.0662393e7
316 29 420 888 539 845 577 101:1.0216516e7
335 708 424 756 204 428 683 801:1.0377817e7
316 29 420 888 539 510 845 101:1.0118274e7
781 547 296 286 726 941 186 796:1.0469006e7
781 547 888 941 796 208 300 938 286 726 186:1.1190948e7
425 672 877 920 181 641 309 347:1.1327235e7
208 781 547 296 938 726 186:1.0143642e7
152 2 11 574 276 621 344:1.007875e7
163:1.2066924e7
945:1.2020145e7
208 547 296 286 726 796 186:9.923009e6
674 985 126 131 676 382 428 439:1.0325896e7
985 126 131 965 382 428 439 162:1.0266026e7
781 547 300 296 888 938 286 726 186:1.0366709e7
335 69 753 344 218:1.1819785e7
79 335 424 756 204 428:1.1520594e7
409 305 900 573 106:1.049857e7
208 781 547 300 888 938 726 941 186:9.964707e6
683 335 309 756 424 204 428 801:1.1612844e7
514 44 177 763 369 228:1.2470742e7
781 547 300 296 888 286 726 186:1.0265716e7
845 155 382:1.034086e7
208 781 547 300 286 726 941 186:1.0831552e7
34 152 2 11 574 323:1.0900852e7
169 519 478 603 922 767 130 369:1.0059012e7
335 424 756 204 428 683:1.0591538e7
884 530 73 485 428 186 683 141:1.0038107e7
79 335 309 424 204 428 801:1.0474988e7
799 920 912 423:1.193237e7
79 708 309 424 204 428:9.965918e6
947 493 783 915 677 437 348:1.0218854e7
907 409 305 863 900 211 106:1.0871232e7
152 2 11 574 804 621 344 323:1.1787732e7
79 335 708 424 756 204 801:1.0241582e7
208 781 547 296 938 286 726 941:1.0152108e7
208 781 547 300 296 286 726 796:1.0329271e7
508 985 711 487:1.0242536e7
34 152 2 574 804 344 621:1.0315681e7
76:1.197036e7
208 781 547 300 888 726 941 186 796:1.0161818e7
34 2 11 574 276 621 804 344 323:1.1764066e7
34 152 11 574 276 621 344 323:1.1157427e7
799 920 912 451 423:1.5517168e7
409 305 900 211 106:1.0047192e7
79 335 424 756 204 428 683:1.1112682e7
674 985 126 131 965 676 428 162:1.0719879e7
316 420 888 539 510 845 205 118 101:1.0901526e7
208 547 300 296 938 286 726 941 186 796:1.0661696e7
316 29 420 888 510 539 845 577 205 118 101:1.1362391e7
316 420 539 845 205 101:1.0455093e7
388:1.5464676e7
178:1.9351462e7
34 2 11 574 276 804 344 323:1.0365407e7
753 218:1.3127005e7
208 781 547 300 726 941 186 796:1.0121904e7
781 547 296 938 286 726 186:9.951127e6
208 547 300 296 888 286 726 796 186:1.0315824e7
781 547 300 296 888 938 286 726 796 186:1.0583539e7
812 266 206 349 598 160:1.0716576e7
34 152 2 11 574 276 621 804 344:1.1744648e7
335 424 756 204 428:1.0957801e7
208 781 547 300 296 938 726 796 186:1.0738635e7
359 985 711 487 739 184:1.2571673e7
32 812 206 349 598 160:1.1366335e7
72:1.1121002e7
674 985 126 131 965 676 382 428 439:1.1515613e7
907 409 305 900 573 106:1.0876024e7
907 409 305 863 900 211 573 106:1.2409386e7
32 812 266 349 159 160:1.0664412e7
79 309 756 204 428 683:1.0030374e7
152 2 11 574 276 344 323:1.0438345e7
2 11 574 804 621 344 323:1.0045145e7
781 547 300 938 286 726 941 186 796:9.951796e6
152 415 174 391:1.0183941e7
409 305 863 900 573 106:1.092622e7
425 672 877 920 641 309 347:1.0630485e7
659:1.2163814e7
424:1.1791572e7
79 335 708 424 756 204 428 683:1.1096345e7
316 29 539 845 577 205 101:9.917974e6
799 920 912 451:1.3524043e7
316 29 420 888 539 510 845 577 205 118:1.065469e7
208 781 547 300 296 726 796 186:1.0701151e7
439 985 126 131 965 676 382 428 162:1.1369313e7
674 985 126 131 676 382 428 162:1.0169992e7
34 152 2 11 574 804 621 323:1.2571167e7
316 420 888 539 845 118 101:1.0007959e7
693:1.3597844e7
991 879 693 640:1.0359121e7
907 305 900 211 573 106:1.074313e7
947 493 783 896 677 437:1.1188777e7
79 335 708 309 756 204 428:1.1153873e7
208 781 547 296 888 726 941 186 796:1.0733774e7
683 335 708 309 756 424 204 428 801:1.1558064e7
34 152 2 574 344 621 323:1.1845379e7
34 152 2 574 276 621 344 323:1.2151231e7
126:1.5935595e7
621:1.027614e7
915:1.2162804e7
208 781 547 296 726 186:1.0078401e7
141 884 530 73 485 428 186 462 683:1.1196495e7
884:1.538466e7
316 420 888 539 845 577 118 101:1.0118451e7
907 305 863 900 573 816 106:1.0003185e7
152 2 11 574 276 621 344 323:1.1851238e7
920 912 133 423:1.046016e7
335 708 309 756 204 428:1.0598453e7
32 304 266 206 349 598 160:1.0014893e7
208:1.2505008e7
409 305 900 211 573 816:1.0785916e7
79 309 424 204 428:9.985782e6
79 708 309 756 204 428 683:1.0041949e7
508 359 985 711 487 739:1.319352e7
34 152 2 276 621 344 323:1.0164643e7
291:1.541475e7
32 266 206 598 159 160:1.1573071e7
34 2 11 574 344 621 323:1.1203936e7
208 781 547 296 888 938 726 941 186:1.0540723e7
32 812 266 349 598 160:1.2652868e7
508 359 711 487 184:1.0762783e7
947 493 783 896 915 677 348:1.0770865e7
409 305 900 573 816 106:1.0509929e7
152 2 11 804 276 621 344 323:1.0107666e7
830:1.5695108e7
208 781 547 300 286 726 941 186 796:1.1086305e7
79 335 708 309 424 204 428:1.0751802e7
152 2 574 276 621 344 323:1.0737296e7
32 812 206 349 598 159 160:1.1296766e7
599 806 94 445 534 578 73:1.0742362e7
335 708 309 756 424 204 683:1.0996387e7
208 781 547 300 938 286 726 796 186:1.0807146e7
335 708 309 756 424 204 428:1.2209901e7
32 266 598 160:1.1053131e7
32 812 349 598 160:1.0807176e7
316 29 420 888 539 510 845 118 101:1.0417721e7
781 547 296 888 286 726 796 186:1.0145707e7
208 547 300 296 286 726 941 186 796:1.0597339e7
79 335 708 424 756 204 683:1.0204372e7
947 493 896 915 677 437:1.1421824e7
79 335 309 756 204 428 683 801:1.0537719e7
674 985 126 131 676 428 439 162:1.0024677e7
70 913:1.0867524e7
378:1.4992424e7
907 409 305 863 900 211 573 816:1.1555064e7
920 912 451 827 423:1.4093938e7
316 29 420 539 845 205 118 101:1.1189145e7
947 493 783 896 677 348:9.970332e6
175 493 549 193 374 798 979 184 823:1.0427112e7
34 2 11 574 621 323:1.0548658e7
79 335 708 424 756 204 428 683 801:1.0857882e7
316 420 539 845 118 101:9.919032e6
152 2 11 574 344 621 323:1.1534298e7
920 912 423:1.0702545e7
32:2.0339356e7
32 266 206 349 598 159 160:1.3168954e7
208 781 547 300 296 888 938 286 726:1.0210064e7
208 781 547 300 296 286 941 186:9.959615e6
335 753 344 218:1.1123275e7
34 152 2 574 804 276 621:9.986296e6
208 781 547 296 938 286 726 186:1.1161016e7
920 451 423:1.2097472e7
316 29 420 888 539 510 845 205 101:1.0982433e7
947 493 896 915 677:1.0400548e7
316 29 539 845 577 205 118 101:1.0251783e7
309 756 424 204 683 801:1.0012989e7
79 335 708 309 756 204 428 801:1.0787601e7
79 708 424 756 204 428:1.0741951e7
266 349 598 159 160:1.0145082e7
208 547 300 296 888 938 286 726 796 186:1.0403183e7
781 547 300 296 888 286 726 941 186 796:1.0832575e7
316 420 510 539 845 205 118:1.0033567e7
335 708 424 756 204:9.908849e6
34 152 2 11 574 276 621:1.0842509e7
34 152 11 574 276 621 323:1.0504745e7
34 152 2 11 574 276 804 323:1.1485259e7
335 309 756 424 204 801:1.1002627e7
208 547 300 296 888 286 726 186:1.0046325e7
335 519 478 603 922 767 130:1.0203783e7
530:1.4972681e7
34 152 2 11 574 276 804 344 323:1.2098793e7
316 420 510 539 845 205 118 101:1.0784881e7
409 305 863 900 573 816 106:1.0921572e7
79 335 309 756 204 428:1.1180171e7
34 2 11 574 276 344 323:1.0097035e7
235:1.1925685e7
141 884 530 73 485 428 186 683 448:1.0125742e7
790 18 72 818 559 671:1.0263996e7
79 335 708 309 756 424 204 683 801:1.1175315e7
316 29 510 539 845 205 118 101:1.0156086e7
32 812 266 206 349 598 160:1.3172721e7
920 912 827 423:1.0552057e7
599 94 445 534 578 676 73 569:1.0754733e7
947 493 896 915 677 437 348:1.120472e7
208 547 296 888 286 726 941 186:1.0055033e7
34 152 2 574 804 276 621 323:1.1776017e7
599 806 445 534 578 676 73 569:1.0748167e7
152 2 574 344 621 323:1.041103e7
781 547 300 296 888 938 286 726 941 186:1.0712391e7
674 985 126 131 965 676 428 439:1.087343e7
316 420 510 539 845 577 205 118:1.0142494e7
305 863 900 211 573 816:9.919235e6
316 29 420 539 845 205 101:1.0865402e7
208 781 547 296 938 286 726 941 186:1.1503474e7
907 409 305 863 900 573 816:1.0402647e7
575:1.4165095e7
34 152 2 574 804 276 323:1.037529e7
334 896 723 424:1.0684682e7
316 420 888 539 845 577 205 118 101:1.1003932e7
79 335 309 756 204 428 801:1.0832313e7
34 152 2 574 276 621 344:1.0365528e7
34 2 574 804 276 621 323:1.0024978e7
359 711 487 739 184:1.0352603e7
599 806 94 445 534 73 676:1.0654129e7
508 359 711 487 739 184:1.2155867e7
208 781 547 296 938 286 726 796 186:1.1412958e7
34 152 2 11 574 804 621 344 323:1.3181223e7
34 152 2 11 574 804 621:1.0792584e7
208 781 547 888 286 726 186:1.01943e7
34 2 11 574 276 621 323:1.0866397e7
514 44 177 369:1.006192e7
316 29 420 510 539 845 577 101:1.0087585e7
920:2.982512e7
907 305 863 900 211 573 106:1.1174392e7
316 420 510 539 845 577 118 101:9.98884e6
598:1.4015768e7
599 806 445 534 578 73 569:9.94267e6
208 781 547 300 888 938 286 726 941 186:1.0960636e7
32 266 206 349 159 160:1.1301175e7
335 519 478 603 922 767 130 369:1.0547532e7
409 305 863 900 211 573 816:1.1210212e7
208 781 547 938 286 726 186:1.0222063e7
208 781 547 300 296 888 286 941 796 186:1.0290876e7
208 781 547 300 888 938 286 726 796 186:1.0871251e7
208 781 547 296 888 726 796 186:1.039194e7
985 126 676 965 382 428 439:1.0182745e7
208 781 547 286 726 941 186 796:1.0773276e7
347:1.7030935e7
32 266 349 598 159 160:1.2638454e7
79 335 309 756 424 204 428 801:1.2427026e7
508 359 985 711 487 739 184:1.4285789e7
753 344 218:1.0168513e7
781 547 888 941 796 208 300 296 938 286 726:1.0785987e7
208 781 547 300 296 888 286 726:1.0113991e7
683 79 708 309 756 424 204 428 801:1.1314085e7
907 409 305 863 900 573:1.0397218e7
359 985 487 739 184:1.1020857e7
920 912 133 451:1.1970222e7
920 776:1.0029257e7
425 672 920 181 641 309 347:1.0881781e7
218:5.742735e7
208 781 547 296 938 286 726 941 796:1.0419389e7
683 884 530 73 485 141 186 462 448:9.946485e6
750:1.3307346e7
674 985 126 131 965 428 439 162:1.0115368e7
781 547 296 888 938 286 726 186:1.0014522e7
907 409 305 863 900 573 816 106:1.1269902e7
208 547 300 296 286 726 186:9.975761e6
985 126 676 965 382 428 439 162:1.0526573e7
508 359 985 487 739:1.1609768e7
117:1.1754072e7
34 2 574 276 621 344 323:1.0402982e7
79 335 309 756 424 428:1.0221277e7
280:2.465802e7
2 11 574 276 621 804 344 323:1.0368263e7
352 152 174:1.0210918e7
208 781 547 296 888 286 726 796 186:1.1377388e7
208 547 300 296 938 286 726 941 186:1.0406834e7
175 493 549 193 374 979 823:9.967274e6
514 44 177 763 369:1.0860694e7
799 920 133 451:1.0830722e7
920 672 181 641 347:1.0001651e7
34 152 11 574 804 276 621 323:1.0779289e7
208 781 547 300 938 286 726 941 186:1.0894228e7
920 672 877 181 641 309:1.0122489e7
208 781 547 296 286 726 796 186:1.1356844e7
34 152 2 574 621 323:1.1202546e7
32 812 266 206 598 160:1.155843e7
34 152 2 11 804 276 344 323:1.0117129e7
79 424 756 204 428:1.0735417e7
674 985 126 965 382 428 439 162:9.910649e6
683 79 309 756 424 204 428 801:1.1372439e7
799 912 133 451 827 423:1.1060404e7
34 152 2 804 276 621 344 323:1.042542e7
34 152 2 11 574 621:1.0517064e7
884 530 73 485 428 186 462 141:1.0849874e7
152 2 11 574 276 621 323:1.1226989e7
985 126 131 965 676 382 428:1.0523617e7
907 409 305 863 211 573 106:1.0041334e7
208 781 547 300 296 286 726 186:1.1408094e7
34 152 2 574 804 621 323:1.1467526e7
119:1.1018214e7
79 708 309 756 204 428 801:1.0016183e7
34 152 574 804 344 621 323:1.0003959e7
32 812 266 598 160:1.1002792e7
316 29 420 888 539 845 577 205 101:1.1080938e7
335 309 424 204 428:1.0220655e7
374:1.3738467e7
335 309 756 424 204 428 683:1.1885619e7
305 863 900 211 573 106:1.08143e7
208 781 547 286 726 186:1.0139278e7
409 305 863 900 573 816:1.0025841e7
907 409 305 863 900 211 816:9.985304e6
32 266 598 159 160:1.1008024e7
599 94 445 534 578 676 73:1.0569947e7
708 309 756 424 204 683 801:9.988892e6
683 79 335 708 309 756 424 204 428 801:1.1971672e7
208 781 547 300 296 286 726:1.0048785e7
141 884 73 485 428 186 462 448:9.986598e6
685:1.072104e7
316 420 888 539 845 205 118 101:1.0912293e7
781 547 300 296 286 726 186:1.0184452e7
316 29 888 539 845 205 118 101:1.0278623e7
920 205:1.0449903e7
781 547 296 888 286 726 941 186 796:1.0497582e7
141 884 73 485 428 186 462 683:1.0248421e7
352 152 174 488:1.0469171e7
309 756 424 204 428 801:1.11942e7
73:2.9839345e7
208 781 547 300 296 888 286 726 941 186:1.1774469e7
799 920 912 133 451 827 423:1.4734123e7
409 305 900 211 573 816 106:1.1665125e7
352 152 415 488:9.937495e6
316 420 888 539 845 577 205:9.940008e6
409 305 863 900 211 816 106:1.0498713e7
674 985 126 131 965 382 428 439:1.0414656e7
34 2 11 574 804 621 323:1.0822557e7
208 781 547 296 726 941 186:1.0445479e7
708 309 756 424 204:1.0514469e7
316 29 420 888 539 510 845 205 118:1.0561502e7
208 781 547 300 296 888 286 796 186:9.954498e6
920 451:1.3258809e7
208 781 547 888 286 726 796 186:1.0463631e7
169 335 519 478 603 922 767 130 369:1.121443e7
208 781 547 296 888 286 726 941 796:1.0381862e7
316 29 420 888 539 510 845 577 118 101:1.0513657e7
169 335 519 478 603 922 130:1.0570183e7
208 781 547 296 888 286 941 796 186:9.964009e6
32 812 266 206 349 598 159:9.906077e6
188 775 790 18 72 559 671:1.0254225e7
708 309 756 424 204 683:1.0233731e7
152 2 11 574 276 804 323:1.0078376e7
146:1.5796352e7
141 884 530 73 485 428 186 462 448:1.0936393e7
204:1.885839e7
781 547 300 296 286 726 941 186:1.0546106e7
79 708 424 756 204 428 683:1.0385334e7
208 781 547 296 286 726 941 186:1.1441194e7
34 152 2 11 574 344 621 323:1.2949756e7
812 266 206 349 598 159 160:1.0672579e7
34 152 2 11 574 276 621 804 344 323:1.3471551e7
79 708 309 756 424 204 428:1.2028162e7
316 29 420 510 539 845 577 205 118 101:1.1260645e7
141:1.642278e7
305 863 900 211 573 816 106:1.0823186e7
799 920 912 451 827 423:1.5091016e7
985 126 131 965 676 382 428 439:1.102744e7
947 493 783 896 915 677 437 348:1.171945e7
799:1.1086075e7
316 29 539 845 205 118 101:1.0148636e7
208 547 300 296 888 938 286 726 941 186:1.0483042e7
739:1.059212e7
175 493 549 193 374 184 823:1.0296453e7
208 781 547 296 888 938 726 186:1.0191388e7
747:1.7763236e7
316 420 510 539 845 577 205 101:1.0562548e7
34 152 2 11 574 804 323:1.1166536e7
34 152 2 11 621 323:1.0318318e7
34 152 2 11 344 621 323:1.0955601e7
305 900 211 573 106:1.0366292e7
907 409 305 900 211 573 106:1.2012306e7
781 547 296 286 726 941 186:1.0225333e7
79 309 756 424 204 428 683:1.1660093e7
208 781 547 300 296 938 726 941 186:1.0822367e7
305 900 211 573 816 106:1.0390144e7
789 614 719 767 327:9.922541e6
335 708 309 756 424 204 428 801:1.1850218e7
907 305 863 900 211 573 816:1.0296937e7
169 335 478 603 922 767 130 369:1.0154228e7
208 547 300 296 938 286 726 796 186:1.0329278e7
316 29 420 888 539 845 118 101:1.0417801e7
34 152 2 11 574 276 621 344:1.1491799e7
316 29 420 510 539 845 205 118:1.0435955e7
599 806 94 445 534 73 569:1.0024478e7
34 152 2 574 276 621 323:1.1517235e7
409 305 863 900 573:1.0009294e7
781 547 296 938 286 726 941 186:1.0321691e7
551:1.1561711e7
208 781 547 300 296 286 726 941 186:1.1742447e7
781 547 296 888 938 286 726 941 186:1.0374864e7
688:1.5613605e7
707:1.6836236e7
208 781 547 888 286 726 941 186 796:1.0804704e7
79 708 424 756 204 428 801:1.0439014e7
79 708 309 756 424 204:1.1098472e7
907 409 305 863 900 573 106:1.1285668e7
208 781 547 300 296 888 726 796 186:1.0728075e7
316 29 420 539 845 577 101:1.0074676e7
79 335 309 424 204 428 683 801:1.0226646e7
184:1.1063373e7
316 29 888 539 510 845 205 118 101:1.0279023e7
152:3.5961297e7
352 152 415 174:1.1583618e7
907 409 305 900 211 816 106:1.0435447e7
687:1.360005e7
522:1.1259609e7
674 985 126 131 965 676 428 439 162:1.121572e7
175 493 549 193 374 798 184 823:1.0296088e7
34 152 2 574 344 323:1.0421349e7
79 335 708 424 756 204 428 801:1.1179009e7
674 985 126 131 965 676 382 439 162:1.0635807e7
425 672 920 641 309 347:1.0283542e7
907 305 863 900 211 573:1.0277974e7
795:1.4345092e7
208 781 547 300 888 286 726 796 186:1.0799208e7
208 781 547 300 296 938 726 941 186 796:1.1069315e7
439 674 985 126 131 965 676 382 428 162:1.1855478e7
812 266 349 598 160:1.0127934e7
79 335 309 756 424 204 683 801:1.1198281e7
402 793 493 990 578 842 198:1.0320537e7
781 547 300 296 938 286 726 941 186 796:1.0842434e7
508 359 985 711 487:1.1822358e7
32 910 304 266 206 349 598 159 160:1.0009651e7
991 879 506 391 640:1.0707929e7
208 781 547 296 938 726 941 186 796:1.0764846e7
79 335 309 756 424 204 428 683:1.2354082e7
781 547 941 796 208 300 296 938 286 726 186:1.2014843e7
111:1.2176828e7
335 309 756 424 204 683 801:1.0730848e7
493 783 896 915 677 437:1.0271273e7
208 547 300 296 888 286 726 941 186:1.0390742e7
845 382:1.0318514e7
208 781 547 300 296 888 726 186:1.0465874e7
79 335 309 756 424 428 801:9.964961e6
674 985 126 676 965 382 428 439 162:1.1017788e7
799 912 451 827 423:1.1298268e7
32 266 206 349 160:1.13569e7
352 152 415 174 391:1.2228302e7
789 614 886 719 155 327 767:1.1453735e7
208 781 547 300 296 938 286 726 941:1.0473465e7
208 781 547 300 296 286 941 796 186:1.0236574e7
208 781 547 296 726 941 186 796:1.072061e7
34 152 2 11 574 276 804 344:1.0337688e7
208 781 547 300 888 286 726 941 186 796:1.1125621e7
991 879 391 693:9.981357e6
316 29 420 539 845 577 205 118:1.0539978e7
316 29 420 539 845 118 101:1.0339404e7
208 781 300 296 888 286 726 941 186 796:9.92724e6
208 781 547 300 296 938 286 726 941 186:1.1791495e7
208 781 547 300 286 726 186:1.0481505e7
335 708 309 756 424 204 801:1.0968876e7
409 305 863 900 211 106:1.0500986e7
335 708 309 424 204 428 801:9.907943e6
991 879 506 391 693 640:1.2274412e7
70:2.480316e7
316 420 888 539 510 845 577 205 118:1.0269526e7
208 781 547 300 888 286 726 186:1.0542861e7
335 708 309 756 204 428 683:1.0309131e7
79 708 309 756 424 204 683:1.0755191e7
991 879 506 693 640:1.1496254e7
947 493 896 677 437 348:1.0459731e7
32 812 266 206 349 159 160:1.1232257e7
169 335 519 478 922 767 369 130:9.925839e6
79 335 708 424 756 204 428:1.1489905e7
985 711 487 739 184:1.0975375e7
188 790 18 818 559 671:9.910661e6
208 781 547 300 296 938 286 726 186:1.1464019e7
208 781 547 296 888 286 726 186:1.1126419e7
508 359 985 487:1.0189144e7
334 896 723 424 629:1.1265155e7
208 781 547 300 296 888 286 726 941 796:1.0708287e7
316 29 420 510 539 845 577 205 118:1.053585e7
920 912 451:1.2328504e7
208 781 547 300 296 888 286 726 796:1.0381693e7
32 266 206 349 598:1.0016077e7
79 708 309 756 424 204 428 683:1.1610353e7
781 547 296 888 286 726 941 186:1.0268835e7
781 547 888 941 208 300 296 938 286 726 186:1.1838977e7
335 708 424 756 204 428 683:1.0577908e7
74:2.017656e7
79 335 708 309 424 204 428 801:1.0416805e7
79 335 309 756 424 204:1.1877562e7
683 708 309 756 424 204 428 801:1.0855897e7
781 547 296 938 286 726 796 186:1.0195783e7
806 94 445 534 578 676 73 569:1.0336105e7
335 708 309 756 204 428 683 801:1.006251e7
907 409 305 863 900 211 573 816 106:1.2380361e7
34 152 2 11 574 276 621 344 323:1.3246282e7
152 2 11 574 804 621 323:1.1170709e7
922:1.3518495e7
999:1.4696178e7
514 44 177 763:1.0733481e7
508 359 985 487 184:1.136384e7
352 152 415 174 488:1.179459e7
34 152 2 11 574 276 621 804:1.1111831e7
208 781 547 300 296 938 286 941 186:1.0047924e7
208 781 547 296 726 796 186:1.036791e7
79 335 708 309 756 424 204 428 801:1.2325766e7
793 493 990 578 842 198:1.0417607e7
907 409 305 863 900 211 573:1.1563146e7
316 29 420 510 539 845 205 101:1.0864008e7
789 614 719 155 327 767:1.0804366e7
451:1.667451e7
152 2 11 574 276 804 344 323:1.0702725e7
549:1.4982477e7
316 420 888 539 510 845 577 118 101:1.012142e7
208 781 547 296 888 938 286 726 941 186:1.1542436e7
208 781 547 300 286 726 796 186:1.0750636e7
316 29 420 510 539 845 205:1.0107064e7
508 985 487 739 184:1.1159153e7
674 985 126 131 965 676 439 162:9.993736e6
875:1.1412596e7
32 266 206 349 598 160:1.3282108e7
478:1.13172e7
208 781 547 296 888 286 726 941 186:1.1466176e7
409 305 863 900 211 573 816 106:1.2063985e7
208 781 547 300 938 286 726 186:1.0551058e7
34 152 2 574 804 276 621 344 323:1.239354e7
208 781 547 296 888 938 286 726 186:1.1209395e7
79 335 708 309 756 204 428 683 801:1.0515064e7
32 304 266 206 349 598 159 160:9.922737e6
34 152 2 11 276 621 344 323:1.1277473e7
316 29 420 888 539 510 845 577 205 101:1.106697e7
316 888 539 845 577 205 118 101:9.97516e6
799 920 451:1.1345923e7
781 547 888 941 796 208 296 938 286 726 186:1.176737e7
208 781 547 296 888 938 286 726 796 186:1.1448707e7
193:1.1550708e7
208 781 547 300 888 286 726 941 186:1.0883652e7
907 409 305 863 211 573 816 106:1.005823e7
316 420 888 539 845 577 205 118:1.0272131e7
894:1.4999445e7
208 781 547 296 888 726 186:1.0116755e7
169 335 519 478 603 922 369 130:1.0913605e7
208 781 547 938 286 726 796 186:1.0492367e7
316 29 420 510 539 845 205 118 101:1.1176855e7
79 335 424 756 204:1.0487163e7
208 781 547 300 938 286 726 941 186 796:1.1135938e7
152 2 11 574 276 621 804 323:1.1491898e7
991 391 506 693 640:1.1882968e7
810 724 42 743 347:1.0080961e7
508 359 985 711 487 184:1.2952844e7
316 29 420 539 845 205:1.0094772e7
753:3.093981e7
991 879 506 391 693:1.11072e7
947:1.3938795e7
208 781 547 300 296 286 726 941 186 796:1.1978838e7
781 547 888 941 796 208 300 296 938 286 726 186:1.2050927e7
160:1.4953974e7
175 493 193 184:1.0545563e7
335 708 309 756 424 204 683 801:1.0727404e7
790 775 18 72 818 559 671:1.0152127e7
34 2 11 574 276 621 804 323:1.1134098e7
674 985 126 131 965 676 382 439:1.0294021e7
208 547 296 286 726 941 186:9.995165e6
985 126 131 965 676 382 439 162:1.0141498e7
208 781 547 888 286 726 941 186:1.0549751e7
683 79 335 309 756 424 204 428 801:1.2041345e7
152 2 574 804 621 323:1.0047737e7
152 2 11 574 276 621 804 344:1.0355066e7
920 672 641 309 347:1.0441852e7
907 409 305 900 573:9.960122e6
920 672 877 641 309 347:1.0842255e7
208 781 547 300 296 726 941 186:1.0777954e7
208 781 547 296 286 726 941:1.0064424e7
508 985 711 487 739 184:1.2741339e7
781 547 300 296 938 286 726 186:1.027401e7
316 420 510 539 845 205 101:1.0462272e7
508 985 711 487 739:1.166958e7
789 614 886 719 155 327:1.136743e7
208 781 547 888 938 286 726 186:1.0289752e7
208 781 547 300 296 888 286 726 796 186:1.1687357e7
316 420 539 845 205 118 101:1.0788598e7
674 985 126 131 965 676 382 428 162:1.1360927e7
79 335 708 309 756 424 204 428:1.2733472e7
409 305 900 211 816 106:1.0060329e7
32 721 304 266 206 349 598 159 160:1.0166756e7
359 985 711 487:1.0035031e7
487:1.4634233e7
316 29 420 539 845 205 118:1.0434559e7
907 409 305 900 211 573 816:1.1147514e7
409 305 900 211 573 106:1.1668318e7
79 335 424 756 204 428 683 801:1.0884316e7
985 126 131 965 676 428 439:1.0381142e7
914:2.008968e7
316 420 888 539 510 845 205 101:1.0588889e7
208 781 547 296 888 286 726 941 186 796:1.1702767e7
146 218:9.981109e6
44:1.4729922e7
781 888 941 796 208 300 296 938 286 726 186:1.0015436e7
920 205 776:1.0393098e7
316 29 420 888 539 510 845 205:1.0242583e7
781 547 888 796 208 300 296 938 286 726 186:1.1746924e7
789 614 886 719 327:1.0477774e7
674 985 126 131 676 382 428 439 162:1.0672562e7
34 152 11 574 804 344 621 323:1.1104706e7
208 547 296 286 726 941 186 796:1.0277286e7
316 29 888 539 845 577 205 118 101:1.0375063e7
79 335 424 756 204 683:1.0162745e7
34 2 11 574 276 621 804 344:1.0004458e7
208 781 547 300 296 888 938 726 796 186:1.0777817e7
985 126 131 965 676 428 439 162:1.072544e7
175 493 549 193 374 798 979 823:9.964762e6
539:2.09526e7
695:1.9386036e7
208 547 300 296 286 726 941 186:1.0329434e7
334 896 424:1.0243881e7
34 152 574 804 276 621 344 323:1.0324077e7
677:1.4559204e7
79 309 756 204 428 801:1.0033535e7
208 781 547 888 938 286 726 941 186 796:1.0881783e7
208 547 296 938 286 726 941 186:1.0085797e7
781 547 300 296 286 726 941 186 796:1.0773953e7
316 420 888 539 510 845 118 101:1.0016452e7
175 493 549 193 374 184 979 823:1.0424238e7
708 309 756 424 204 801:1.0205864e7
514 44 177 228:1.1640289e7
208 781 547 296 938 726 941 186:1.0503682e7
335 69 753 218:1.0620892e7
896:1.770041e7
79 335 309 756 204 428 683:1.0816706e7
34 152 2 11 574 804 344 323:1.1789551e7
599 94 445 534 578 73 569:9.938236e6
208 781 547 300 296 888 726 941 186:1.0807426e7
34 152 2 11 574 804 621 344:1.1434238e7
34 152 2 574 344 621:1.0039594e7
335 708 309 756 424 204 428 683:1.1838641e7
32 812 304 266 206 349 598 160:9.941097e6
32 812 266 206 349 598 159 160:1.3067765e7
912 451 423:1.0138989e7
572:1.6329836e7
208 547 296 938 286 726 796 186:1.0007475e7
34 152 2 574 804 323:1.0047241e7
316 29 420 510 539 845 577 205:1.0214413e7
359 985 711 487 739:1.1460258e7
188 790 18 72 818 559 671:1.0604703e7
208 781 547 300 296 726 186:1.0425858e7
425 672 877 920 181 641 347:1.0353176e7
683 141 884 73 485 428 186 462 448:1.0336849e7
208 781 547 296 286 941 796 186:9.913887e6
34 152 2 11 574 344 621:1.1175191e7
884 530 73 428 141 186 462 683:1.0536388e7
69 753 344 218:1.0677225e7
799 920 133 451 827 423:1.2712865e7
208 547 300 296 888 286 726 941 186 796:1.0645863e7
991 693 640:9.940617e6
708 309 756 424 204 428 683:1.1123418e7
208 781 547 300 296 888 286 941 186:1.0026701e7
32 349 598 159 160:1.0795376e7
208 781 547 296 888 286 726 796:1.0040608e7
79 309 756 424 204 428 801:1.1719777e7
208 781 547 300 296 888 286 726 941:1.0454963e7
34 152 2 11 574 344 323:1.154094e7
799 920 912 133 827 423:1.1483732e7
208 781 547 300 296 888 938 286 726 186:1.1520596e7
523 44 838 566 860:9.973538e6
845:3.1443424e7
316:1.2366069e7
781 547 300 296 938 286 726 941 186:1.0628787e7
208 547 296 938 286 726 941 186 796:1.0354875e7
920 912 133 451 827:1.1783332e7
266 206 349 598 159 160:1.0742938e7
327:1.14168e7
79 335 708 424 756 204 683 801:9.996608e6
208 547 300 296 286 726 796 186:1.0258044e7
599 806 94 445 534 578 73 569:1.0911177e7
34 152 2 574 804 344 323:1.0687e7
316 29 888 539 510 845 577 205 118 101:1.0369939e7
316 29 420 888 539 845 205 118 101:1.1304648e7
920 672 877 181 641 347:1.0576515e7
34 152 574 276 621 344 323:1.0048966e7
32 910 721 304 266 206 349 598 159 160:1.026443e7
79 309 756 424 204:1.1132158e7
907 305 863 900 211 573 816 106:1.1172412e7
335 708 309 756 204 428 801:1.0287694e7
420:1.7542776e7
641:1.3025686e7
335 708 424 756 204 428 801:1.0653074e7
70 484 388 481 152:9.970456e6
79 335 424 756 204 428 801:1.1225175e7
316 420 539 845 577 205 101:1.0560893e7
266 206 349 598 160:1.0790801e7
316 29 420 888 539 510 845 577 205:1.0343225e7
983:2.2671582e7
79 335 708 309 756 204 683:9.927191e6
208 781 547 888 938 286 726 941 186:1.0638487e7
316 420 888 539 510 845 577 205:9.948299e6
335 309 756 204 428 683 801:1.0061492e7
32 910 721 304 266 349 598 160:9.955655e6
316 29 420 888 539 845 205 118:1.0567156e7
208 781 547 888 938 286 726 796 186:1.0547426e7
208 781 547 296 888 938 286 941 796 186:1.0061053e7
547 888 941 796 208 300 296 938 286 726 186:1.0726506e7
781 547 296 888 938 286 726 796 186:1.0245638e7
34 152 11 574 344 621 323:1.0840437e7
32 266 206 349 598 159:9.965811e6
674 985 126 131 965 382 428:9.908922e6
316 29 420 539 845 577 205 101:1.096217e7
316 420 539 845 577 205 118 101:1.0886944e7
789:1.5003048e7
34 152 11 574 804 276 621 344 323:1.1415498e7
913:1.9966485e7
79 424 756 204 428 683 801:1.0159563e7
152 11 574 804 276 621 344 323:9.997322e6
508 359 985 711 739 184:1.0709883e7
79 335 309 424 204 428:1.0790415e7
799 920 133 451 827:1.070592e7
208 781 547 296 286 726 186:1.1091859e7
152 415 174 391 488:1.0358554e7
674 985 126 131 965 676 428:1.0373091e7
764:1.6909563e7
208 781 547 300 296 286 726 796 186:1.1658863e7
79 335 309 756 424 204 428:1.2823294e7
316 29 420 539 845 577 205 118 101:1.1278459e7
32 349 598 160:1.085745e7
887:1.0969182e7
309 756 424 204:1.0567094e7
674 985 126 131 965 676 382 162:1.0135903e7
79 309 756 424 204 428:1.2094528e7
424 756 204 428:1.0158311e7
907 305 900 211 573 816 106:1.0756116e7
790 18 72 559 671:9.952045e6
781 547 296 888 938 286 726 941 186 796:1.0590797e7
781 547 888 941 796 208 300 296 938 726 186:1.1098114e7
799 912 133 451 423:1.119648e7
789 614 886 155 327:1.0266339e7
514 44 177 763 228:1.2413059e7
316 420 888 539 510 845 577 205 118 101:1.0987641e7
672 641:1.027847e7
799 920 451 827:1.0958214e7
349:1.195271e7
32 266 206 598 160:1.1631389e7
316 29 420 510 539 845 101:9.976777e6
208 781 547 296 888 938 286 726 941:1.0216663e7
34 152 2 11 804 276 621 323:1.0910814e7
34 152 2 11 574 276 344:1.0067695e7
32 812 721 304 266 206 349 598 160:1.016902e7
79 335 309 756 204:1.0162273e7
316 420 888 539 845 205 101:1.058876e7
32 206 349 598 160:1.1439217e7
79 424 756 204 428 683:1.0374029e7
991 391 506 640:1.0301197e7
674 985 126 676 965 382 428:1.0168955e7
947 493 783 896 915 677:1.0963342e7
674 985 126 676 965 428 439:1.0031572e7
907 409 305 863 900 211 816 106:1.0857085e7
781 547 300 888 286 726 941 186 796:9.948286e6
32 910 812 304 266 206 349 598 159 160:9.934516e6
34 152 2 574 804 344 621 323:1.2093886e7
508 359 985 487 739 184:1.2746247e7
32 812 266 206 598 159 160:1.1504736e7
240:1.561876e7
508 985 487 739:1.0040048e7
985:1.8849768e7
79 708 309 756 204 428:1.035486e7
799 920 133 451 423:1.2980562e7
208 781 547 296 938 286 726 796:1.0075434e7
316 29 420 539 845 577 118 101:1.0387823e7
789 614 886 719 767 327:1.0597646e7
79 335 708 309 756 424 428 801:9.978752e6
208 781 547 300 296 286 726 941:1.0399013e7
32 812 721 304 266 206 349 598 159 160:1.0088702e7
781 547 888 941 796 300 296 938 286 726 186:1.0914038e7
428:1.3963521e7
316 29 420 888 539 510 845 577 101:1.0222375e7
208 781 547 300 296 888 938 726 186:1.0528197e7
799 920 451 827 423:1.3016688e7
79 335 309 756 424 204 801:1.1524061e7
920 133 451 423:1.1740917e7
799 920 912 133 451:1.3162515e7
599:1.5352368e7
34 152 2 574 276 344 323:1.0746115e7
2 11 574 276 621 344 323:1.0095068e7
599 806 94 534 578 676 73:9.94332e6
674 985 126 131 965 382 428 439 162:1.0757206e7
352 152 174 391 488:1.1135474e7
208 781 547 296 888 938 726 796 186:1.0453992e7
169 335 519 478 603 922 767 130:1.0890073e7
32 266 349 159 160:1.0713419e7
799 912 451 423:1.1461638e7
335 519 478 603 922 369 130:1.023911e7
335 424 756 204 428 801:1.0689998e7
335 708 424 756 204 428:1.0915254e7
884 530 73 428 141 186 462 448:1.0276105e7
34 2 11 574 804 344 323:1.0043789e7
991 879 506 693:1.0302173e7
316 29 420 888 539 845 101:1.0106891e7
708 309 756 424 204 428 801:1.1114753e7
208 781 547 300 938 726 941 186 796:1.016713e7
799 920 912 827 423:1.1699271e7
79 335 708 309 756 424 428 683:9.933756e6
781 547 888 941 796 208 300 296 938 286 186:1.0376168e7
