316 29 420 510 539 845 577 205
894
79 335 708 309 756 204 428
32 812 721 304 266 206 349 598 160
73
79 335 708 309 756 424 428 801
375
514 44 177 369
920 672 877 181 641 347
188 790 18 72 559 671
208 781 547 296 938 286 726 796
32 812 266 206 349 160
208 781 547 296 938 726 796 186
781 547 300 888 938 286 726 941 186 796
309 756 424 204
799 920 912 133 827 423
316 29 510 539 845 577 205 101
316 420 888 539 845 577 205 118 101
493 783 896 915 677 437 348
79 335 309 756 204 428 801
907 409 305 863 211 573 106
