920 912 451 827 423
799 920 912 451
409 305 863 900 211 573
781 547 300 296 286 726 186
79 309 756 424 204 683
79 335 424 756 204 428 801
32 304 266 206 349 598 160
374
305 863 900 211 573 816
316 29 420 888 539 510 845 118 101
34 152 2 11 574 276 621 344 323
240
32 812 349 598 160
32 910 721 304 266 206 349 598 159 160
781 547 296 938 286 726 796 186
799 912 451 827 423
316 29 420 510 539 845 577 205 118
208 781 547 300 296 938 286 726 186
34 152 2 11 276 621 344 323
409 305 863 900 573 816 106
316 29 420 888 539 845 205 118
335 708 309 756 424 204 428 683
32 266 349 598 160
508
316 420 888 539 845 205 101
316 420 888 539 510 845 205 101
79 335 309 424 204 428 801
599
685
70
790 775 18 72 818 559 671
208 781 547 300 296 888 286 796 186
907 409 305 863 900 573 106
789 614 886 155 327
352 152 174 488
316 29 888 539 510 845 205 118 101
111
947 493 783 896 677 437
208 781 547 300 296 938 726 796 186
152 2 11 574 804 621 344
335 708 424 756 204
907 409 305 900 211 573
599 94 445 534 578 676 73
