448 884 530 73 485 141 428 186 683
316 29 420 510 539 845 577 205 101
812 266 206 349 598 160
208 781 547 300 296 286 726 941 186 796
208 781 547 300 296 286 726 941 186
208 781 547 296 938 726 796 186
674 985 126 131 965 382 428
208 781 547 296 888 938 286 726 941 796
674 985 126 131 676 428 439 162
79 335 424 756 204
208 781 547 296 888 938 726 796 186
920 133 451 423
79 708 309 756 424 204
896
374
799 920 133 451
335 708 309 756 204 428 683
801 309 756 424 683 204 428
208 781 547 300 296 726 941 186 796
907 305 863 900 211 573 816 106
508 359 985 487 739
208 547 296 888 938 286 726 941 186 796
208 781 547 300 296 726 796 186
359 711 487 739 184
34 152 2 11 804 621 323
352 152 415 174 391 488
208 781 547 300 296 938 286 726 941 796
208 781 547 300 888 938 286 726 941 186
316 420 888 539 845 205 118
462 448 884 530 73 485 141 683 428 186
907 409 305 863 900 211 573 816
79 335 708 309 756 204 428 683 801
