574
409 305 863 900 573
152 2 11 574 276 621 804 323
208 781 547 300 296 938 286 726 796 186
316 29 420 888 539 510 845 205
674 985 126 131 965 676 382 428
708 309 756 424 204 683
2 11 574 276 621 804 344 323
208 781 547 296 888 286 726 186
208 781 547 296 938 286 726 796 186
208 547 300 296 888 938 286 726 941 186
842
493 783 896 915 677 437
316 420 539 845 205 118
409 305 863 900 211 573 816
32 812 266 206 349 598 160
599 806 445 534 578 676 73
305 900 211 573 816 106
352 152 174 488
781 547 296 888 286 726 941 186 796
208 781 547 300 888 938 726 941 186 796
674 985 126 131 965 676 428
323
316 29 888 539 510 845 577 205 118 101
789 614 719 155 327 767
79 309 756 424 204 683 801
695
812 266 206 349 598 160
806 94 445 534 578 676 73 569
44
359 985 487 739 184
424
208 781 547 300 296 286 726 796
79 708 309 756 424 204 801
316 420 888 539 510 845 205 118
674 985 126 131 965 382 428 162
79 335 309 756 204 428 683
208 781 547 300 286 726 186
305
111
316 29 539 845 205 118 101
208 547 296 888 938 286 726 796 186
175 493 549 193 374 798 184 823
175 493 549 193 374 184 979 823
34 152 2 11 804 621 323
316 420 888 539 845 577 118 101
79 309 756 204 428
907 409 305 863 900 573
34 152 2 11 574 344 621 323
801 79 309 756 424 683 204 428
208 781 547 300 888 286 726 941 186
907 409 305 863 211 573 816 106
352 152 415 174 391 488
34 2 574 804 276 621 344 323
79 335 309 756 204 428
79 335 708 309 756 424 428
920 776
32 812 266 349 159 160
34 2 574 276 621 344 323
947 493 896 915 677 348
79 309 756 424 204 428 801
34 152 2 11 574 621 323
425 672 641 309 347
781 547 300 296 286 726 796 186
