208 781 547 300 888 286 726 796 186
781 547 888 941 796 208 300 296 938 286 726
462 448 884 530 73 485 141 683 428 186
621
79 335 708 309 756 204 428 683 801
34 152 2 11 574 344 621 323
810 724 42 743 347
208 781 547 300 296 888 726 186
674 985 126 131 965 676 382 428 162
34 2 11 574 804 621 344 323
208 781 547 938 286 726 941 186 796
450
141
32 812 266 349 598 159 160
335 69 753 218
79 335 309 424 204 428 801
335 708 309 756 424 204 801
208 781 547 300 296 938 286 726
152 2 11 574 276 621 323
208 547 296 888 938 286 726 796 186
208 781 547 296 888 938 726 186
39
34 152 2 11 574 276 804 344
316 420 888 539 510 845 577 205 118
781 547 888 941 208 300 296 938 286 726 186
32 910 812 304 266 206 349 598 159 160
32 812 721 304 266 206 349 598 160
674 985 126 131 965 676 382 428 439
208 781 547 300 296 938 726 941 186 796
884 530 73 428 141 186 462 448
514 44 177 369
208 547 296 888 938 286 726 941 186
79 335 708 309 756 424 428 801
208 781 547 296 888 286 726 941 186 796
335 708 309 424 204 428 683
409 305 863 900 211 573 816 106
34 152 2 11 574 276 621
208 781 547 300 296 938 286 726 796 186
175 493 193 184
305 900 211 573 106
32 266 349 159 160
79 335 309 756 204
920 205 579 776
907 409 305 863 900 211 573 106
425 672 920 641 309 347
208 781 547 300 938 286 726 186
991 391 506 693
208 781 547 300 296 888 286 941 186
316 420 888 539 510 845 205 118
708 309 756 424 204 683 801
781 547 941 796 208 300 296 938 286 726 186
79 335 708 309 756 204 428
208 781 547 938 286 726 796 186
79 708 309 756 424 204
