64 56 58 9 60 42 66 62 3 40
64 56 34 29 58 31 42 62 40 48
5 56 29 7 58 52 60 46 66 40 34 44 36 31 62 3
5 7 58 52 60 40 34 44 9 62 3
56 29 7 25 58 52 72 60 48 34 36 62
5 29 7 52 66 40 34 36 31 42 62 3
56 29 7 58 52 60 66 17 31 9 42 62
56 29 7 58 52 40 48 44 36 31 62
5 56 7 25 58 52 60 46 66 40 34 9 62
56 29 25 58 52 60 46 66 34 9 42 62
56 29 7 25 58 52 60 40 44 31 62 3
5 56 29 58 52 66 40 48 34 38 9
64 56 34 7 29 36 52 9 58 42
64 56 29 25 58 52 60 66 48 34 31 9 42 62
64 56 29 7 52 66 40 48 34 36 9 42 62
56 29 7 25 58 52 60 40 34 44 9 42 74 62
64 56 29 7 52 66 40 48 36 31 42 62 3
64 5 56 7 29 58 52 60 17 34 31 62
5 56 29 7 58 52 60 40 48 36 31 9 3
64 56 29 58 60 46 66 40 48 44 36 62
64 56 29 7 25 58 66 40 48 34 42 62
5 34 29 7 58 9 60 40 48
5 56 34 29 58 9 62 48
64 56 29 7 58 66 40 48 36 31 42 3
56 29 7 25 58 52 60 34 9 62 74 3
34 56 29 25 58 52 31 66 62 48
5 29 7 58 52 9 66 62 3 40
56 29 58 52 60 34 36 38 9 62 3
56 29 7 58 52 60 40 34 36 42 74 3
64 56 29 7 58 52 72 60 40 34 31 9 42 62
64 29 52 60 48 34 36 31 42 62 3
5 56 29 7 58 52 60 40 48 34 9
64 56 29 7 58 72 60 66 40 36 9 42
64 56 29 58 72 46 60 66 40 48 36 31 62
64 56 7 58 60 66 40 48 36 31 9 62 3
64 56 29 7 52 60 46 40 36 31 42 62
64 29 52 72 46 60 66 40 34 36 31 62 3
64 5 56 7 29 58 52 60 40 34 21 36 9 42 62
56 29 58 52 60 66 40 70 34 44 38 9 62
29 7 60 66 40 48 34 44 36 31 42 62
64 56 29 7 58 52 60 46 40 34 31
34 56 29 36 38 9 60 66 62 40
5 56 29 58 52 60 66 70 34 38 9 62 3
64 29 58 52 60 66 34 44 36 9 42 62
29 7 25 72 60 66 40 34 36 62 3
5 56 29 25 58 52 40 48 34 36 38 9 62
56 29 58 52 9 60 66 62 17 40
64 5 56 7 52 60 66 40 34 36 42 62
64 56 29 52 72 46 60 40 48 34 42 62
5 56 34 7 29 38 9 66 40
64 56 29 7 58 52 72 60 23 40 34 36 31 62 3
64 5 56 7 29 58 72 46 60 66 40 48 36 31 42 62 3
29 7 58 52 60 66 40 70 34 38 9 42 62 3
64 5 56 29 72 60 66 23 40 34 36 31 62
34 56 29 58 9 42 74 62 40
29 58 52 60 40 48 34 36 42 62 3
56 29 7 25 58 60 66 40 34 38 42 62 3
5 56 29 7 36 9 60 66 62 40
5 34 29 58 9 46 60 66 40
64 5 56 29 58 52 60 46 66 34 31 62
64 5 56 29 58 52 72 60 23 40 34 31 42
5 29 7 58 52 60 46 40 34 36 38 9 42 62
5 56 29 7 44 52 62 40
64 29 7 58 52 60 66 34 44 36 62
5 56 34 7 44 52 58 42 62 40
64 5 29 7 58 52 60 40 48 34 38 42 62
64 5 56 7 52 72 60 66 40 48 34 36 31 42 62
5 29 7 58 52 72 60 66 40 38 62
5 56 7 25 58 52 60 66 40 34 44 62
5 34 29 36 58 9 60 74 40 48
34 29 7 25 60 66 62 40
56 29 7 9 60 42 62 3 40
5 29 7 58 52 60 66 40 48 36 38 31 9 62
5 56 34 7 25 36 29 9 58
64 5 56 7 29 58 72 60 40 48 34 36 31 9 42
56 29 7 31 9 60 3 40
64 56 29 52 60 66 40 48 9 42 62
5 56 7 58 52 40 48 34 31 9 62
5 56 29 7 58 52 60 17 40 31 42 62 3
5 56 29 7 52 60 23 40 34 36 42 62
64 5 56 7 29 58 72 60 66 40 34 38 31 42 3
5 56 29 7 58 52 60 34 36 38 31 9 42
5 29 7 58 52 60 46 36 9 42 62
34 29 7 44 36 60 46 66 62 40
64 29 7 60 66 40 48 34 36 62 3
34 29 36 38 60 66 62 40 48
5 29 7 25 58 66 40 48 34 36 42 62 3
56 7 58 52 60 46 66 40 48 34 62
64 56 29 7 72 31 60 66 3 40
64 5 56 29 58 52 60 23 40 36 31 62 3
64 5 56 7 29 52 72 66 34 31 62 3
29 21 7 36 52 60 58 62 40 48
64 5 56 7 25 29 58 72 60 66 40 31 62 3
64 5 56 7 29 52 60 34 36 31 9 42 62
56 29 7 58 52 60 46 66 40 48 36 31 9 3
34 56 29 58 38 60 66 62 48
64 5 56 29 58 60 46 40 48 34 9
34 56 29 36 52 72 31 58 66 40
5 56 29 7 25 52 60 48 34 31 9 62 3
5 29 58 72 23 48 34 40 36 31 42 62 3
64 5 56 29 36 52 31 58 42 40
5 56 29 7 58 60 46 34 36 31 3
56 29 58 52 60 40 34 11 36 31 42 62 3
64 56 34 29 25 58 31 60 42 62
64 5 56 7 25 58 52 72 60 66 40 34 36 31 62 3
5 56 29 7 25 52 60 48 34 31 42 62
5 56 29 7 25 60 40 34 36 31 9 3
56 29 7 25 58 72 60 40 48 34 36 62
5 34 29 60 46 42 66 62 40 48
34 56 58 9 60 42 74 62 40
5 56 29 7 58 52 60 23 48 40 36 31 9 62 3
29 7 58 52 60 66 40 36 38 42 62 3
64 5 56 7 29 52 72 60 23 48 40 36 31 42 3
64 56 29 52 60 40 34 36 38 9 42 62 3
56 29 7 25 58 60 46 40 48 34 42
5 56 29 7 52 60 46 34 44 9 62
64 5 56 7 29 52 60 66 40 48 34 36 62
64 56 29 58 52 60 40 34 44 31 3
64 29 7 58 60 46 48 34 36 31 9 42 62
5 29 58 52 60 66 40 70 34 36 38 31 9 62
29 7 25 58 72 60 66 23 40 34 31 62 3
56 29 7 25 58 52 60 40 34 11 62
64 56 29 7 58 52 60 46 66 40 48 34 9 42
29 7 58 52 60 40 34 31 42 74 62
34 56 7 25 36 52 9 58 40
5 29 52 60 46 66 40 34 31 9 62
5 56 34 29 25 9 62 3 40 48
64 29 58 52 66 40 48 34 31 9 62 3
5 56 7 25 58 52 60 66 40 48 34 3
64 5 56 7 29 58 72 60 40 48 34 36 62
56 29 7 58 60 46 66 40 48 44 62
64 56 29 58 60 66 48 34 9 62 3
56 29 7 58 60 23 48 34 40 31 9
34 56 29 7 27 36 52 66 62 40
64 56 29 7 25 58 72 60 66 40 34 36 42 62
64 56 34 7 25 58 52 62 40 48
64 56 29 7 60 66 48 36 9 42 62 3
56 29 7 58 52 60 40 34 44 36 31 9 42
56 29 7 25 58 60 40 34 44 36 31 9 62 3
64 5 29 58 52 60 40 48 44 36 31 62
64 5 56 7 58 60 40 34 44 36 9 42 62 3
64 5 56 34 25 58 60 62 40
56 36 9 60 62 40
64 5 56 7 25 29 52 60 58 34 36 31 42 62
64 5 56 7 29 58 52 60 23 31 9 62
5 56 7 58 52 40 48 36 31 9 62 3
5 56 29 58 52 60 40 38 31 9 42
64 56 29 25 60 66 40 48 34 36 42 62 3
34 56 29 7 52 60 66 17 3 40
5 29 7 58 52 60 17 48 34 9 62
64 56 29 7 58 52 72 60 23 48 34 36 9 42 62 3
64 56 34 29 58 31 60 42 3 40
56 7 25 60 66 40 48 34 36 42 62
64 5 56 29 58 72 60 40 31 9 42
5 56 29 7 52 60 46 40 36 31 9 62 3
64 56 29 7 9 46 60 62 40 48
5 56 29 7 25 58 52 72 60 40 34 36 31 9 42 62 3
64 5 29 58 52 72 66 40 48 34 42 62 3
56 7 58 60 46 66 40 34 31 62 3
64 29 7 58 72 60 23 40 31 9 42 62
56 29 58 52 72 46 60 66 40 34 9 62 3
34 29 44 36 60 62 3 40
34 29 7 36 52 42 62
56 29 7 52 66 48 34 36 9 62 74
5 56 29 7 58 52 46 40 34 36 74
5 56 29 58 60 66 40 48 34 44 36 31 62
56 7 58 38 9 60 62 40 48
34 29 58 31 9 60 42 62 48
64 29 7 52 72 60 66 40 48 34 36 42 3
64 5 29 7 58 52 60 66 48 34 31 62 3
34 29 58 9 60 42 66 40 48
56 29 7 58 72 60 23 48 34 40 36 42 3
5 34 7 25 36 58 60 66 62 48
64 56 29 7 58 52 66 40 34 38 31 42
5 29 7 58 52 60 66 40 48 34 44 36 9 3
64 5 29 52 60 66 40 34 38 42 62
29 25 58 60 40 48 34 36 42 62 3
64 56 29 7 25 58 60 40 48 34 36 31 9 62
56 29 7 60 46 48 34 36 31 42 62
56 29 7 58 52 60 66 23 48 34 40 36 62 3
56 29 25 58 52 60 66 40 48 34 9 3
64 5 56 7 25 29 58 60 40 36 31
56 29 25 58 60 66 40 44 36 31 9 62
64 5 56 7 29 60 66 62 48
5 29 58 72 60 40 34 38 31 42 62 3
5 29 36 9 60 66 62 3 40 48
5 29 7 58 60 40 48 34 50 9 62
5 56 29 7 25 52 60 40 48 34 44 31 9 62
64 56 29 7 58 52 72 60 66 40 34 36 31 42 62
64 5 29 58 52 60 23 48 36 31 42 62 3
5 56 34 29 58 72 9 62 3 40
56 29 7 58 52 9 60 74
64 56 29 7 58 52 60 46 40 48 31 62
64 5 56 29 58 52 72 46 60 23 40 34 31 62
56 29 36 52 31 46 60 66 62 40
64 56 29 58 52 46 66 40 48 34 36 31 62
5 56 29 7 58 60 66 40 48 36 62 74
56 29 7 58 72 46 60 66 40 48 36 42 62
5 56 29 7 58 60 66 23 48 34 40 31 3
5 56 7 60 66 40 48 34 36 42 62 3
5 29 7 58 52 60 40 48 44 36 62 3
64 5 34 7 29 36 52 31 42 62
64 7 36 52 60 58 62 40
64 29 7 25 52 66 40 34 31 42 62 3
29 7 25 58 60 40 48 34 44 36 9 62 3
5 29 7 52 60 17 40 48 34 9 62 3
56 7 58 52 72 60 23 40 34 36 31 42 3
56 29 7 58 52 60 66 40 48 34 31 9 62 74
29 7 60 66 23 48 34 40 31 62 3
5 56 29 7 25 58 52 60 46 40 48 34 31 9 62 3
56 29 7 58 9 46 60 42 40 48
56 29 58 72 60 66 23 48 34 40 42 62
29 7 25 58 52 60 46 40 36 9 62
64 5 29 7 25 58 60 66 40 36 31 9 42 62 3
5 56 29 52 60 40 34 44 38 31 62
64 5 56 7 29 58 52 60 40 34 44 36 31 9 42 62 3
56 29 7 58 46 66 40 48 34 9 62 74
64 5 56 7 29 52 60 66 40 34 36 42 62
64 56 29 7 52 60 40 48 36 9 62 3
64 5 56 29 52 66 40 48 34 31 9 62 3
56 29 7 44 38 60 58 62 40 48
64 5 56 7 25 29 52 72 60 58 23 40 31 42 62 3
5 56 29 7 60 66 40 36 9 42 62
5 56 7 58 52 60 46 66 40 48 34 36 9 62
64 56 29 7 58 66 48 34 31 9 62
64 5 56 7 52 60 40 34 44 36 42 62
56 29 25 36 52 9 60 62 40 48
56 29 58 52 9 40
5 34 7 25 36 52 60 58 62
5 29 58 52 72 40 34 36 9 42 62
64 29 7 58 40 34 36 38 9 42 62 3
56 29 25 58 52 60 66 40 34 42 62 3
64 56 29 7 58 52 60 23 48 40 36 42 62
29 58 52 72 60 66 40 34 36 31 42 62
29 25 58 60 40 48 34 44 9 62 3
56 29 58 52 60 66 40 31 9 62 74 3
64 29 52 72 60 34 36 31 9 42 62 3
64 5 58 52 72 60 40 34 31 42 62
5 56 29 58 40 48 34 36 9 62 74
56 29 7 25 58 52 66 40 48 34 9 42
5 56 29 7 36 38 66 62 40 48
64 5 56 7 29 58 52 72 60 48 34 36 31 42 62
5 56 29 58 60 46 66 40 48 34 62 3
64 56 29 7 58 72 60 66 40 48 36
56 29 58 52 60 66 17 40 34 11 9
64 5 56 7 29 58 60 66 34 44 31 62
64 29 7 52 66 23 40 36 31 42 62 3
56 25 36 52 9 60 66 62 40 48
56 29 7 58 52 60 17 40 36 9 62 74
5 29 7 58 52 60 62 48
5 29 7 58 60 46 48 34 36 42 62
64 29 7 58 46 66 40 34 31 42 62 3
64 29 7 58 60 46 40 34 36 62 3
34 29 36 52 31 58 40
64 56 29 58 52 60 46 34 36 62 3
64 5 29 7 58 52 60 40 48 34 38 31 9 42 62 3
64 5 29 52 72 60 23 48 40 36 31 42 62
64 29 7 58 60 66 23 48 40 36 31 9 42 62 3
34 29 25 58 9 60 42 66 62 48
64 5 56 7 29 58 52 60 46 66 40 48 34 9
56 29 7 25 58 60 66 40 34 27 36 9 62 3
64 56 29 7 58 52 72 46 60 66 40 48 34 31 9 42 62
64 29 25 58 52 60 40 48 36 62 3
34 56 7 44 38 60 58 66 62 40
64 56 29 58 52 46 40 48 34 44 36 62
64 5 56 29 58 52 72 60 66 40 34 38 31 9 62 3
5 56 29 7 58 52 60 46 34 31 3
5 56 34 7 29 68 58 60 40
34 56 29 44 36 60 52 58 62
29 7 58 52 60 66 23 40 34 36 31 42
64 56 29 7 58 72 60 66 40 48 31 62
64 56 29 7 58 52 72 60 66 23 48 36 42 62 3
5 29 7 25 52 60 66 40 36 9 62
64 56 29 7 58 52 60 23 40 36 31
64 34 29 52 31 60 62 40
64 56 29 7 58 52 60 62 74
34 56 7 58 38 60 52 66 40
34 56 29 36 58 66 74 62 40
64 29 7 25 52 72 60 66 23 40 31 42 62 3
7 36 58 31 9 60 66 62 40 48
5 29 7 25 58 40 48 34 9 62 74
64 5 29 58 72 60 66 23 40 31 9 62 3
56 29 58 72 46 60 40 48 34 62 3
64 5 56 7 29 58 52 66 48 34 36 9 42 62 3
64 29 7 25 52 60 40 48 36 31 9 42 62
64 56 29 25 58 52 66 40 48 31 42 62 3
64 29 7 58 52 40 36 31 42 62 3
64 56 29 7 52 40 34 36 9 42 3
5 29 58 52 60 66 40 34 44 38 31 9 62
5 56 29 36 60 66 62 40 48
5 56 29 25 52 60 46 66 40 48 34 36 31 62 3
5 56 29 7 52 66 40 34 36 38 62 3
64 5 56 7 66 40 34 36 31 42 62
5 56 29 60 66 40 48 34 44 36 31 42 62 3
5 56 7 58 52 60 46 34 9 42 62
56 29 7 25 52 60 40 34 44 36 9 42 62
29 25 36 52 9 60 58 62 3
5 29 58 72 60 40 34 9 42 62 3
34 36 52 60 42 66 62 40
29 7 52 60 40 48 34 44 36 9 62 74
64 34 29 44 58 60 46 66 62 40
64 5 29 7 52 60 36 31 9 42 62 3
5 29 7 58 52 72 60 23 48 34 40 31 62 3
56 29 7 58 60 46 48 31 42 62 3
64 56 29 58 66 40 48 34 31 9 62
64 5 56 29 58 52 60 66 17 40 34 31 9 62
64 56 29 25 58 52 60 66 40 34 31 42 3
5 56 29 7 25 58 52 66 40 36 31 9 62
64 56 29 7 58 52 60 46 40 36 9 42 62 3
64 5 29 7 58 52 60 34 38 9 62 3
34 56 52 31 60 62 40 48
56 29 7 25 58 60 66 48 34 36 9 62
64 5 56 7 25 29 52 72 60 58 40 34 36
64 56 34 29 52 31 60 62 40 48
56 29 7 58 40 70 34 36 9 62 3
56 29 7 25 60 66 40 34 38 9 62
34 56 29 7 36 52 31 60 58 62
64 29 7 25 58 72 60 66 40 48 34 36 31 42 3
7 58 52 60 40 34 36 38 31 9 42 62
64 56 29 7 58 52 66 48 36 9 62
5 56 29 7 58 52 60 23 48 34 40 31 9 42 3
29 7 58 52 60 46 66 48 34 31 9 42 62
64 5 34 29 52 60 46 42 62 40
5 56 7 58 60 66 48 34 36 31 42 62
29 7 44 36 9 60 58 40
56 29 58 52 60 66 40 48 11 9 62 3
64 56 29 58 52 60 46 66 40 34 36 31 9 42 3
5 56 29 7 58 72 60 66 23 48 36 31 62 3
5 56 29 58 52 60 46 40 48 34 36 38 9 62
64 56 7 25 52 60 66 40 48 34 36 31 42 62 3
64 56 34 7 52 31 60 62 3 40
5 56 34 7 11 29 58 62 40 48
64 5 56 25 58 52 60 40 48 34 36 42 62 3
64 56 29 7 60 40 34 36 9 42 62
34 29 58 31 66 40
5 29 7 25 58 52 40 34 38 31 62
29 7 58 52 66 40 34 44 9 42 62
5 7 36 38 9 60 58 62 40 48
64 5 56 7 29 66 40 48 34 36 31 9 62 3
5 56 7 60 66 34 36 31 42 62 3
64 56 34 29 31 60 66 62 40 48
34 56 7 58 52 72 60 66 40
64 56 29 7 60 66 40 36 9 42 62 3
5 56 34 29 58 52 42 66 40 48
56 29 7 58 9 60 42 40 48
64 29 7 25 58 52 60 34 36 31 62 3
64 56 34 7 29 36 31 60 42 3
64 5 56 7 29 58 52 60 66 23 48 34 40 36 31 9 62 3
56 29 25 58 38 9 52 66 62 40
64 56 34 7 29 58 38 60 62 48
64 5 56 7 25 29 52 60 46 58 66 40 31 42 62
5 56 7 58 72 60 40 48 34 31 42 62 3
5 58 52 60 66 40 34 44 36 9 62
56 29 7 58 72 46 60 48 34 36 31 42 62 3
64 56 29 7 52 66 40 34 44 36 42 62
64 5 56 29 58 52 72 60 66 40 48 36 31 62
5 34 29 52 31 60 42 62 40 48
56 29 25 58 60 46 66 34 36 42 62 3
64 5 56 29 25 52 60 40 48 34 36 42
64 56 29 7 58 52 60 66 23 48 40 36 42 62
64 56 29 58 52 60 46 40 34 44 42 62
5 56 29 58 52 60 46 66 40 36 9 62
5 56 29 7 44 52 58 62
56 29 7 58 60 66 40 70 36 38 31 9 62
29 7 36 52 9 60 58 3 48
64 5 29 7 58 72 23 40 34 31 42 3
64 56 29 7 25 52 60 40 48 42 62
64 29 7 58 52 60 40 70 34 36 31 9 62
64 5 56 7 25 29 58 60 66 48 34 31 9 42 62 3
56 29 58 52 66 40 44 36 31 9 42 62
5 34 29 7 36 31 60 40
64 5 56 29 60 40 48 36 38 9 62
64 5 56 7 29 52 40 34 36 9 62 3
64 5 56 7 29 58 52 60 66 17 40 34 36 42 62
64 5 29 58 52 72 60 66 23 40 34 36 31 9 42 3
64 5 56 7 29 52 66 34 36 31 42 62
5 56 29 58 60 66 40 48 34 44 38 9 36 62 3
29 58 52 60 17 40 48 36 9 62 3
5 29 7 25 58 60 46 66 40 48 34 36 42 62 3
64 56 29 58 52 60 17 40 48 34 62 3
64 5 29 25 58 52 72 60 40 34 31 62
64 34 29 36 58 72 31 60 62 3
56 7 58 52 46 66 40 48 34 31 62
5 29 58 72 60 66 40 34 9 42 62 3
70 56 34 29 58 38 9 62 3 40
64 56 7 52 60 46 40 34 36 31 62
64 5 56 7 29 58 52 60 46 66 40 48 34 9 42
56 29 52 60 66 40 48 34 54 36 62
64 56 29 7 58 52 72 60 23 40 34 9 42
64 29 7 60 46 40 34 36 31 9 62 3
64 5 34 7 58 52 9 42 62 40
64 56 29 25 9 60 42 62 40 48
34 56 29 7 44 9 60 62 40
64 56 29 58 52 60 40 31 9 42 3
34 29 7 52 31 9 66 3 40
29 58 52 72 60 42 62 40
29 7 58 72 60 40 34 36 9 62 3
64 56 29 7 58 60 46 66 40 48 34 36 9 42
64 34 36 52 31 60 58 62 3 40
5 56 29 58 52 40 34 36 38 31 9 42 62
5 56 29 25 52 60 40 34 36 38 62
64 56 7 52 60 66 40 34 38 42 62
56 29 7 25 58 52 60 46 34 36 9 42 62
64 5 56 7 29 58 40 34 44 36 9
64 5 29 7 58 60 40 44 38 42 62
64 5 29 58 72 46 60 66 23 48 34 40 36 31 42 62
64 56 29 25 58 60 40 34 44 38 42 62
5 56 7 52 60 66 40 48 34 36 38 9 62 3
64 58 52 72 60 66 23 48 34 40 36 31 42 62 3
64 29 58 60 40 34 36 38 31 42 62
64 34 29 52 72 31 60 62 23 40
5 56 29 7 52 72 60 66 40 31 9 62 3
64 56 29 7 25 58 52 60 66 48 34 44 36 62
64 29 58 52 60 46 48 34 36 9 42 62
56 29 7 25 52 60 17 40 48 36 9 62
34 56 29 7 44 36 9 60 58 62
56 29 25 58 52 72 60 40 48 34 36 31 9 62
5 56 29 25 58 52 40 34 44 36 31 62 3
5 56 29 7 36 31 60 42 62 40
5 56 7 25 58 60 66 40 48 34 36 42
64 29 58 52 60 66 40 48 34 36 9 62
64 5 56 7 29 58 72 60 23 40 36 31 9 42 3
64 5 29 25 58 52 72 60 40 34 36 9 62
64 29 58 52 60 66 40 34 36 31 9 42 62
34 56 29 25 36 58 9 60
56 7 25 58 52 60 66 62 48
64 5 56 29 58 60 66 23 34 36 31 42 62
64 56 29 7 58 40 48 34 31 9 62 3
64 5 56 7 25 29 52 60 58 40 34 36 31 9 42
5 56 34 7 36 38 9 58 62
64 56 58 52 60 66 40 48 34 36 9 62
29 7 25 58 60 40 48 34 31 9 3
56 29 58 60 66 40 48 34 44 36 9 42
34 56 29 7 36 72 9 60 66 62
56 29 25 58 52 46 66 40 48 34 9 62
34 7 58 52 9 60 66 3 40 48
64 5 29 7 36 52 42 62 40
64 56 29 58 60 46 40 34 36 9 62 3
34 56 29 58 60 46 42 66 3 40
64 56 29 7 52 72 60 23 48 34 40 36 31 9 42 62 3
5 29 25 52 60 66 40 48 36 31 9 62
64 56 29 52 60 66 23 48 40 31 42 62
5 56 34 29 25 36 58 46 62
64 5 29 7 58 72 40 34 36 31 9 42 62 3
64 5 56 7 29 58 60 66 40 48 34 31 62 3
64 56 34 29 58 42 66 62 3
56 29 7 58 52 60 66 40 34 11 31 9 62
64 56 29 7 25 58 72 60 23 40 34 31 42 62
34 56 29 25 36 52 60 58 42 66
64 34 29 38 60 52 42 62 40
64 5 34 7 29 36 9 60 62 40
56 7 58 60 46 66 40 34 36 9 42 62 3
56 29 25 58 60 66 40 34 42 74 62
64 5 56 29 58 72 60 66 23 48 34 40 31 62
56 29 58 52 72 60 66 48 34 36 31 9 62
56 29 7 58 9 62
5 56 29 7 60 40 34 44 38 31 42 62
64 56 7 58 72 23 48 34 40 36 31 42 62 3
5 56 29 7 58 52 60 66 40 44 36 9
29 7 58 52 60 66 40 34 36 42 62 3
56 29 25 31 9 60 42 66 62 40
64 29 7 58 60 66 40 70 34 38 9 42 62
64 56 29 25 52 72 60 66 23 48 34 40 36 31 42 62
5 29 7 25 58 52 60 66 48 34 36 31 9 62 3
5 29 58 52 60 46 66 40 34 9 42 3
5 29 7 58 52 66 40 48 34 9 62 74
56 29 58 60 46 66 40 48 9 62 3
64 56 29 7 52 60 42 66 40
56 29 7 58 60 17 40 48 34 31 9 42 62 3
34 29 36 31 60 3 40
5 56 29 7 58 52 60 66 40 48 34 44 36 9 62 3
56 29 7 58 52 60 66 40 70 34 36 31 42 62 3
64 5 56 7 29 52 60 46 66 48 34 36 31 62 3
29 7 72 31 60 42 62 3 23 40
56 29 7 25 58 52 72 60 66 40 34 31 9 62
5 56 7 58 60 40 48 34 11 36 9 62
64 56 29 7 58 52 72 60 40 34 42 62 3
64 56 29 7 52 72 46 60 66 48 34 36 31 42 62
5 56 29 7 25 58 60 40 48 34 36 3
34 29 7 58 38 9 60 66 62
56 29 7 52 72 60 66 40 31 42 3
5 56 34 29 58 38 60 42 62 3
64 56 29 25 58 52 72 66 40 34 36 31 9 42 62 3
64 56 34 7 36 52 31 60 42 40
34 7 58 52 60 46 62 74 40
5 56 34 29 38 9 60 62 40 48
5 56 29 52 40 48 34 9 42 62 3
34 29 36 52 60 58 62 74 40
64 29 58 72 60 40 48 34 31 9 42 3
64 29 7 58 52 60 46 66 23 40 34 31 9 42 62 3
5 56 29 7 58 52 60 66 40 48 36 38 31 9 62 3
29 7 25 52 60 40 34 31 9 42 62 3
5 56 29 7 58 72 60 66 40 48 34 38 62 3
64 29 7 72 66 40 34 36 31 42 62
56 29 7 25 52 60 66 40 34 38 42 62
5 29 52 66 40 48 34 36 9 62 3
64 5 56 7 29 58 52 60 40 48 34 36 38 31 9 3
5 56 29 36 52 31 60 58 66 62
56 29 25 58 60 66 40 34 38 31 42 62
34 29 7 58 31 9 60 42 23 40
5 56 29 7 25 52 31 60 66 40
5 56 29 58 60 66 40 34 36 38 31 9 62
5 29 58 52 60 46 66 40 48 34 31 62
