29 43 21 16 12 28 17 1
59 29 43 16 38 31 18 12
16 12 24 17 59 41 43 21 27 18 31
59 41 43 29 21 38 16 12
15 43 29 21 16 18 12 28
29 16 38 31 18 28 17
41 29 21 16 18 31 12 28 1
16 12 24 8 17 1 41 43 21 27 31
29 16 12 28 8 17 1 41 43 21 18 31
29 43 21 31 12 30 28 17
29 16 12 24 28 8 1 15 43 21 31
41 43 25 29 16 31 12 28
29 16 31 12 17 1
59 43 18 31 12 28 8 17 1
16 43 31 12 8 17
15 29 21 16 31 28
29 43 16 27 18 31 12 24 8
29 18 31 12 24 28 8
41 43 21 18 31 12 8 17 1
59 41 43 16 31 12 8 17
59 41 43 29 18 31 12 24 28 8
41 29 16 18 31 12 24 28 1
16 43 27 31 12 24 28 17
29 12 24 8 1 59 43 21 27 18 31
59 41 43 29 27 38 21 31 16 12
59 41 43 29 31 28
59 29 43 21 31 24 8
29 16 12 28 17 1 22 41 21 18 31
16 43 21 38 31 18 24 28 12
59 29 43 21 16 31 24 8 17
59 43 21 27 38 31 12 17
59 29 18 31 12 28 8 17 1
29 43 16 38 31 18 12 17 1
29 21 16 12 24 17
29 16 12 24 28 8 15 43 21 27 18 31
16 43 38 31 18 12
29 43 21 16 31 8 17 1
59 16 43 21 18 12 28
29 43 21 18 31 24 8 1
31 12 28 8 17
29 27 18 31 12 28 17
29 21 16 27 18 31 12 24
59 16 43 25 21 18 31 12 28
41 29 16 18 31 12 8 17
41 43 29 27 16 31 12 28
29 21 16 38 31 18 24 12 8 17
41 29 21 27 12 28 17
29 21 16 18 31 12 28 8 17 1
41 43 29 27 21 31 16 18 12
16 21 38 31 18 12 1
29 12 28 17 1 15 43 21 27 18 31
29 43 21 27 16 31 18 24 28 17
15 43 21 18 31 12 28 8 17
15 43 21 18 31 12 24 28
29 43 21 16 38 31 12 28 17
29 43 21 31
16 43 27 31 12 17 1
59 16 21 18 12 24 28 8 17 1
29 43 18 31 12 24 28 8 1
41 43 25 29 21 31 12 28
41 29 18 31 12 24 28 8 1
29 16 12 24 28 8 17 43 21 38 31 18
22 59 43 21 18 31 12 28
21 38 31 12 28 17
41 29 21 16 31 17 1
15 29 21 16 18 31 12 24 8 1
59 15 29 21 16 18 31 12 1
22 29 43 21 18 31 12 28 1
15 21 16 18 31 12 28 8
16 43 18 31 12 24 8 17
59 29 18 31 12 28 17 1
41 43 18 31 12 28 17
41 43 16 27 31 12 28 1
59 29 18 31 12 8 17
59 29 43 16 18 31 24 1
15 16 31 12 28 17 1
22 59 29 43 18 31 12 28
41 29 21 27 31 12 28 1
29 43 25 21 31 12 28
29 16 18 31 28 8 17 1
29 16 12 28 8 17 15 43 21 18 31
22 16 21 27 18 31 12 28
59 16 43 21 27 18 31 12 28 1
29 43 31 12 8 17
43 21 18 31 12 17 1
41 43 21 27 38 31 18 12 17
29 16 18 12 24 8 17
21 18 31 12 24 28 8 1
41 15 43 21 16 31 18 28
59 41 43 16 31 28 17
59 29 43 16 28
29 21 38 31 12 1
29 43 31 1
59 29 43 21 27 16 12 17 1
29 43 18 31 28 8 1
29 16 12 28 17
43 27 18 31 12 24 28 8
22 59 29 21 16 31 12 28 17
29 43 21 16 18 12 24 8
15 43 21 16 18 31 28 14 17
16 12 28 17 22 59 43 21 27 18 31
59 15 43 29 16 12 28
59 29 43 21 31 28 8 17
59 29 43 21 31 12 24 8 1
59 29 43 21 18 31 12 8
41 15 29 21 16 12 28 17
29 43 21 27 18 31 12 28 17 1
16 21 38 31 18 12 28
59 29 43 21 16 18 31 12 8 17
22 16 43 21 31 12 28
29 16 24 8 17 1 43 21 27 18 31
29 12 24 17 59 41 43 21 27 18 31
59 29 43 21 16 18 31 12 24 1
29 12 24 28 8 17 1 43 21 27 18 31
59 41 43 29 21 31 17
29 43 21 16 31 24 28 8 17 1
59 16 43 21 18 31 12 24 17
29 16 27 18 31 12 28 1
16 43 27 38 31 12 17
41 43 29 18 31 12 28 17 1
15 43 29 16 31 12 24 17
29 43 21 27 12 24 28 8 17
29 43 21 16 18 31 12 28 17 1
16 43 21 38 31 12 24 8
29 16 28 17 1 59 15 43 21 18 31
29 21 16 12 24 8 17 1
16 21 27 18 31 12 24 8
59 41 43 29 21 16 31 12 17 1
29 43 21 38 31 12 17
29 21 18 31 24 8 1
15 16 18 31 12 28 17
41 43 21 27 18 31 12 24 8 17
59 29 43 38 31 12 28
16 43 21 18 17 1
59 29 16 31 12 24 8 17
59 29 43 25 16 18 31 12 28 17
59 29 43 27 31 12 28 17 1
59 41 43 25 29 21 31 16 12 17
29 43 21 16 18 31 24 17
29 43 21 16 28 17 1
59 41 43 29 21 16 31 12 8 1
59 41 43 29 16 18 31 24 8 17
59 16 18 31 12 24 8
15 43 25 29 16 31 18 12 14
