1024 1446 1236 287 414 1512
1186 1024 404 1236 414 1512
1024 1236 237 414 244 1340
1236 287 244 1340 1512 1436
94 1024 404 1236 414 1512
1024 404 1236 287 414 271
94 1236 287 244 1340 1512
404 1236 237 287 414 1436
271 1024 1236 287 1512 1436
404 1236 237 1340 1512 271
94 1024 1236 287 244 1512
1186 404 1236 237 287 414
1024 1236 237 287 244 1436
1236 237 414 244 1512 1436
1024 1236 237 287 1340 1436
1446 404 1236 414 1340 1512
94 1024 1236 237 287 1340
404 1236 287 1340 1512 1436
94 1236 287 414 1340 1512
1024 1236 237 287 414 1436
1024 404 1236 237 414 271
94 1446 1236 237 287 1512
1024 404 1236 414 1340 1512
404 1236 287 414 1512 271
94 404 1236 237 414 1512
1186 1236 287 414 1340 1436
94 1236 237 414 1340 1436
1024 1236 237 287 1512 1436
1236 287 414 244 1512 271
404 1236 414 1340 1512 271
94 1186 1236 414 1340 1512
1186 1236 287 414 1340 1512
1446 404 1236 237 287 414
94 1236 237 287 414 1512
94 1024 404 1236 287 1512
1024 404 1236 237 287 271
94 1024 1236 237 287 1512
94 1024 1236 287 1512 271
271 1236 237 414 1512 1436
404 1236 237 1340 1512 1436
1024 404 1236 287 414 1340
1186 1236 237 287 414 1340
404 1236 237 414 1340 1436
1186 1024 1446 1236 414 1512
94 1236 237 414 244 1340
1236 414 244 1340 1512 1436
1186 1236 287 414 244 1340
404 1236 414 244 1340 1512
404 1236 287 414 244 1436
94 1236 287 1340 1512 271
1236 237 414 244 1512 271
1024 1236 237 414 244 271
1024 1236 287 414 1340 1512
94 404 1236 287 414 244
1024 404 1236 287 414 244
404 1236 287 414 1340 271
1186 1024 1236 287 414 1340
1446 1236 237 287 414 1512
94 1024 1236 237 414 244
404 1236 287 244 1340 1512
1186 1236 287 414 1512 1436
404 1236 287 414 244 271
1024 1446 1236 414 244 1512
94 404 1236 237 1340 1512
1024 404 1236 287 1512 1436
1186 1024 1236 237 414 1512
1024 1236 414 244 1512 1436
94 1446 1236 414 1340 1512
94 1236 237 287 1512 1436
271 1236 237 287 414 1436
1186 1236 237 414 1512 271
271 1024 1236 414 1512 1436
1236 237 414 1340 1512 1436
1446 1236 237 287 414 1340
404 1236 237 287 414 1512
1024 1446 1236 237 414 244
404 1236 287 414 1340 1512
1186 404 1236 287 414 244
1236 237 414 1340 1512 271
1024 404 1236 237 1340 1512
404 1236 237 287 244 1512
1186 1024 1236 237 287 1340
94 1186 1236 237 414 1512
94 1236 287 414 244 1512
1446 1236 237 414 244 1340
1186 1236 237 287 1512 271
404 1236 237 287 1340 1436
1024 1236 287 244 1340 1512
94 1236 237 414 1340 1512
1024 404 1236 287 1340 1436
1186 1446 1236 237 287 414
1024 404 1236 237 287 244
1024 404 1236 237 287 1436
94 1024 404 1236 237 287
1024 1236 414 1340 1512 271
1024 404 1236 237 1512 1436
1024 404 1236 237 414 1512
1186 1024 1236 287 414 1512
1024 1446 1236 414 1512 1436
1024 1236 237 1340 1512 271
1024 1446 1236 237 404 1512
1024 1236 287 414 1512 271
94 1024 1236 237 414 1436
1024 1236 287 414 244 1512
1186 404 1236 237 287 1512
1186 1024 1236 414 1512 1436
1446 1236 237 287 1340 1512
1446 1236 237 414 1340 1512
94 1236 237 287 244 1512
1446 404 1236 237 414 1512
1024 404 1236 414 1340 1436
94 1024 1236 237 287 1436
1236 287 414 244 1340 271
1024 404 1236 287 1512 271
94 404 1236 414 1340 1512
1024 1236 237 287 414 1512
94 1446 1236 237 414 1340
94 1236 287 414 244 1340
94 1024 404 1236 287 414
1024 1446 1236 237 287 414
404 1236 237 287 1512 1436
404 1236 237 287 244 1340
1236 287 414 244 1340 1436
1186 1024 1446 1236 287 414
1024 1446 1236 287 414 244
94 1024 404 1236 287 1340
94 1236 287 1340 1512 1436
1024 1236 237 287 1340 1512
271 404 1236 287 414 1436
94 1236 287 414 1340 1436
1236 237 287 1340 1512 1436
271 1024 1236 237 414 1436
1186 1236 287 414 1340 271
94 404 1236 237 414 1340
1024 1446 1236 237 287 1340
1236 287 414 1340 1512 271
1024 1236 287 414 1340 1436
94 1024 1236 414 1512 271
1186 1236 237 414 244 1512
94 1024 1236 237 414 1512
94 1236 237 287 1340 1512
1024 1446 1236 404 287 414
1186 1446 1236 237 287 1512
1446 1236 287 414 1340 1436
94 1446 404 1236 287 414
271 1236 287 1340 1512 1436
94 404 1236 287 414 1512
1186 1024 1236 237 287 1512
1024 1236 287 244 1512 271
404 1236 237 287 414 1340
94 1446 1236 287 414 1340
94 1024 404 1236 414 1340
1024 1446 1236 237 287 1512
1186 1446 1236 414 1340 1512
1446 404 1236 237 414 1340
94 1024 1236 287 414 1512
94 404 1236 237 287 1512
1186 1024 404 1236 414 1340
94 1236 237 287 1512 271
404 1236 237 287 1512 271
1446 1236 237 414 1512 1436
94 1024 1236 237 414 1340
94 1236 237 414 1512 271
94 1186 1024 1236 414 1512
1186 1446 1236 287 414 1512
1024 1236 237 414 1512 1436
1236 237 287 414 1340 1436
1024 404 1236 244 1340 1512
1186 404 1236 237 414 1340
94 1236 237 287 414 244
1024 1446 1236 237 414 1512
94 1186 1236 237 287 1512
94 1236 414 244 1340 1512
94 404 1236 287 414 1436
1024 1236 237 1340 1512 1436
1446 404 1236 287 414 244
94 1236 237 414 1512 1436
1024 1236 237 414 1512 271
1024 1446 1236 404 414 1340
1186 404 1236 287 1340 1512
404 1236 414 244 1512 1436
1186 1236 287 414 1512 271
404 1236 237 287 414 271
1024 1236 237 414 1340 271
1024 404 1236 414 1512 1436
94 1024 1236 287 1512 1436
1236 237 287 414 1340 271
1024 1236 287 414 244 1436
1024 1446 1236 237 414 1436
1446 404 1236 237 287 1512
94 1236 414 1340 1512 271
94 1236 287 414 1340 271
1024 1446 1236 237 414 1340
94 1024 404 1236 237 414
1236 237 414 244 1340 1512
1024 1446 1236 404 287 1340
1236 237 287 1340 1512 271
1024 1236 237 414 244 1512
1186 1236 237 414 1512 1436
1024 1236 237 287 244 1340
404 1236 237 287 414 244
1186 1236 237 287 414 1512
404 1236 237 414 1340 1512
94 1236 287 414 1512 271
1236 237 414 244 1340 1436
1024 404 1236 287 1340 1512
1446 1236 287 414 1512 271
1186 1024 1236 287 414 271
1024 1236 287 414 244 271
1236 287 414 244 1340 1512
1024 1236 287 414 1340 271
94 1446 404 1236 414 1512
94 1024 1236 287 414 1436
404 1236 287 414 1340 1436
1186 1024 404 1236 237 287
1024 1446 1236 287 414 1340
1446 1236 287 414 244 1512
94 404 1236 414 244 1512
1236 287 244 1340 1512 271
94 1024 1236 237 1340 1512
1024 1236 237 414 1340 1512
94 1024 1236 414 244 1512
1236 287 414 244 1512 1436
1236 414 244 1340 1512 271
1186 404 1236 237 287 1340
1024 1446 1236 414 1512 271
1236 237 287 414 244 1436
94 1446 1236 237 287 414
1024 1446 1236 237 404 414
1186 404 1236 414 1340 1512
1446 404 1236 287 414 1512
404 1236 414 244 1512 271
1446 1236 237 287 244 1512
1236 237 287 414 244 1512
94 1024 1236 414 1512 1436
1024 1446 1236 287 1512 271
1186 1024 1236 237 414 1340
1024 1236 287 414 244 1340
1024 1446 1236 237 1340 1512
94 1024 1236 287 414 271
271 1236 414 1340 1512 1436
1446 1236 414 1340 1512 271
1186 1236 237 287 414 271
94 1446 1236 287 414 1512
1446 404 1236 287 1340 1512
1024 404 1236 237 414 1340
404 1236 237 287 1340 271
1024 1446 1236 287 1340 1512
94 404 1236 287 244 1512
1446 1236 287 414 1340 1512
1024 1236 237 287 1512 271
94 404 1236 237 287 414
94 1446 1236 237 414 1512
1186 404 1236 237 414 1512
1024 404 1236 414 244 1512
1024 1446 1236 287 414 1436
1186 1024 1236 287 1340 1512
1024 1236 237 287 1340 271
1236 237 287 414 244 1340
1024 404 1236 237 287 414
1446 404 1236 414 244 1512
94 1236 237 287 414 271
1446 404 1236 287 414 1340
1024 404 1236 237 414 244
1186 1024 404 1236 237 414
1024 404 1236 414 244 1340
1024 1236 287 244 1512 1436
1186 1446 1236 237 414 1512
94 1236 414 1340 1512 1436
1446 1236 237 287 1512 1436
404 1236 237 414 1340 271
404 1236 237 414 1512 271
1186 1024 1236 287 244 1512
1186 1236 237 414 1340 1512
1446 1236 287 414 244 1340
94 1236 237 414 244 1512
1024 1236 287 414 1512 1436
1186 1236 237 287 414 1436
1446 1236 287 244 1340 1512
1024 1236 287 1340 1512 1436
1024 1236 414 1340 1512 1436
94 1024 1446 1236 287 414
94 404 1236 287 1340 1512
94 1024 1236 287 414 244
1446 1236 237 287 414 271
94 1024 1236 237 414 271
271 1236 237 287 1512 1436
94 1024 1446 1236 414 1512
1186 1236 414 1340 1512 1436
1186 1236 414 244 1340 1512
94 1186 1236 287 414 1512
1446 404 1236 237 1340 1512
1024 1236 237 287 414 271
1024 1446 1236 287 244 1512
1024 1236 287 1340 1512 271
1236 237 287 414 1340 1512
1186 1024 1236 287 414 244
1446 404 1236 287 414 271
94 1024 1236 287 1340 1512
1446 1236 414 1340 1512 1436
1186 1236 237 287 414 244
1024 237 287 414 1340 1512
1024 1236 237 414 244 1436
94 1024 1236 237 287 414
1024 1446 1236 237 404 287
1024 1446 1236 287 1512 1436
94 1186 1024 1236 287 414
404 1236 237 414 244 1512
1236 237 287 244 1512 271
1186 1024 1236 237 287 414
1024 404 1236 287 414 1512
1024 404 1236 287 244 1340
1024 404 1236 237 414 1436
1236 237 287 414 1512 271
1024 1236 237 287 244 1512
1024 404 1236 414 1340 271
1446 1236 414 244 1340 1512
1186 1024 404 1236 287 1512
1024 404 1236 237 287 1340
1024 1236 237 414 1340 1436
1024 1236 414 244 1512 271
94 1236 237 287 244 1340
1446 1236 237 287 1512 271
94 1236 237 287 414 1340
1024 404 1236 287 414 1436
1186 1446 1236 287 414 1340
1236 237 287 244 1340 1512
94 1024 1236 237 287 244
1024 1236 237 287 414 244
1024 404 1236 237 1512 271
271 1024 1236 287 414 1436
267
773 594 1342
773 594 617
1446 1236 237 414 1512
1024 1236 287 414 271
1024 404 1236 287 414
1186 1236 287 414 1512
1024 404 1236 287 1512
1024 1236 237 287 1340
94 1236 237 414 1512
1024 404 1236 414 1512
94 1236 287 414 1340
1024 1236 287 1340 1512
404 1236 287 1340 1512
404 1236 237 414 1512
1186 1236 237 287 414
1236 287 414 1340 1436
1236 237 287 414 1512
1236 287 414 244 1512
404 1236 237 287 414
1236 287 414 1512 271
1186 1236 237 414 1512
404 1236 287 414 1340
94 1236 287 414 1512
1024 1236 414 1512 1436
1236 237 287 1340 1512
1236 237 414 244 1512
404 1236 414 1340 1512
1024 404 1236 237 414
1446 1236 237 287 1512
1024 1236 237 414 1512
1446 1236 287 414 1512
1236 237 287 1512 1436
1446 1236 287 414 1340
1024 1236 237 287 414
1024 1446 1236 414 1512
94 1236 414 1340 1512
1236 287 414 1340 271
94 1236 237 287 414
94 1236 237 287 1512
1024 404 1236 237 287
1024 1236 237 414 1340
1024 1236 414 1340 1512
1236 287 414 1340 1512
1236 237 287 244 1512
1024 1236 287 414 244
1236 414 1340 1512 1436
404 1236 237 287 1512
94 1024 1236 287 414
1236 237 414 1340 1512
1236 237 287 414 271
1024 1236 237 1340 1512
404 1236 237 414 1340
1236 237 287 414 1436
1236 414 244 1340 1512
1236 237 414 1512 271
1236 287 414 1512 1436
94 1024 1236 414 1512
1024 1236 414 244 1512
1024 1446 1236 287 414
1024 1236 287 414 1340
404 1236 287 414 1512
1024 1236 287 414 1436
1236 237 287 414 1340
1236 287 414 244 1340
1446 1236 237 287 414
1236 237 414 1512 1436
1024 1236 287 414 1512
1024 1236 237 287 1512
1236 237 287 414 244
1199
108
408
806
810
157
1077
465
620
434
1236 237 414 1512
1236 237 287 414
1236 287 414 1512
1084
1096
327
151
1342
617
594
773
94
404
1340
237
1512
287
414
1236
