2 97 90 24 120 100
56 41 67 94 36 38 104 71 23
56 94 63 2 36 90 24
29 55 110 97 38 36 94 66 102
70 55 41 2 97 38 36 90 24
114 94 90 63 45 11 2 38 36 42 120
70 29 94 2 36 24 57
56 94 67 38 31 104 23 1
94 36 38 90 120 57
41 67 94 36 31 104 90 23
57 41 67 36 31 104 71 128 1 23
29 55 2 41 97 94 66 102 57
70 55 41 110 2 38 97 66 57
29 94 110 97 38 36 90 66 57
56 94 67 36 38 104 128 23 57
56 41 67 94 31 104 90 128 23 1
114 90 13 63 45 2 38 36 42 120 100
56 114 63 45 2 36 90 42 66 120
94 63 90 42 120
56 94 63 2 36 90 42
55 90 24 66 102 57 70 41 2 97 36
56 114 90 24 63 45 2 88 97 36 120 100
56 45 36 38 42 120
114 63 2 97 36 94 24
56 114 94 90 24 63 45 11 36 42 120 100
45 2 97 36 90 42 120
94 67 36 104 71 23
70 94 110 2 97 36 90 102 57
70 29 55 110 2 41 38 36 66
29 55 94 90 24 66 102 70 2 97 38
56 94 63 45 38 42 120 100
70 29 55 41 36 94 90 66
114 94 90 24 63 45 2 88 38 97 36 120 100
56 114 63 2 90 24 120 100
70 41 2 97 38 36 24 102
56 94 71 128 23 57 41 67 97 36 31
67 36 104 71 57
56 41 97 38 31 104 36 90 23
70 29 94 110 2 90 66 102 57
94 2 38 90 42 120 100
56 41 67 97 36 71 128 57
70 29 55 2 97 36 94 57
56 41 67 36 38 31 104 90 128 57
114 94 2 97 36 24 120
56 41 67 94 97 38 36 128 23
56 94 71 90 128 23 57 97 38 36 104
94 63 45 36 38 24 42 120
63 2 36 90 24 42
56 94 57 23 1 41 67 97 38 31 104 36
29 94 110 90 24 66 102 57 70 41 2 38 9
56 41 67 36 31 104 90 57 1
56 67 97 36 104 71 128 23
56 114 94 90 24 13 63 45 2 38 97 120 100
70 29 41 2 94 66 102
70 55 94 2 97 38 36 24 57
41 67 11 97 36 104 23 1
67 97 38 36 104 71 90 23 1
70 94 38 24 66 102
63 2 97 38 36 24 42
57 56 94 36 38 31 90 128 1 23
41 110 2 38 36 90 24 66 102 57
56 114 94 90 24 13 45 97 38 42 120 100
56 94 97 36 104 71 90 1
41 67 97 36 31 104 128 57 1
114 94 45 2 97 90 24 42 120
67 36 31 104 128 57 1
56 94 71 90 128 57 67 97 38 31 36
70 55 41 110 2 94 90 66
56 94 24 63 45 11 2 38 97 36 42 120
29 55 110 41 36 94 90 24 66 102
13 94 63 45 2 38 97 36 42 120
114 94 45 97 36 24 42 120 100
56 114 94 90 24 63 11 2 38 36 120 100
29 55 110 2 38 36 90 24 102
41 67 94 36 90 57
56 94 36 104 90 57
70 29 55 110 97 90 24 66
70 55 41 110 36 38 94 90 66
29 55 110 94 90 102 57 41 97 38 36
5 29 55 110 94 24 66 102 57 70 2 36 38
29 55 110 94 102 57 70 41 2 36 38
70 56 114 63 45 94 90 24 42 120
29 55 110 2 41 97 24 66 102 57
70 29 55 36 24 66 102
41 67 97 36 90 1
94 63 45 11 2 38 97 36 42 120 100
114 94 2 97 38 36 90 24 120
56 41 94 38 31 104 71 128 57 1
56 114 45 2 38 97 90 24 120 100
56 94 36 38 31 104 71 90 128
56 114 94 24 63 2 97 88 36 42 120 100
67 36 38 31 104 90 128 23 57
56 63 45 2 36 24 42 66 120
56 41 67 36 38 31 104 71
56 94 71 90 128 23 57 1 67 36 104 120
29 55 110 94 90 24 66 102 57 70 36 38 120
55 94 110 90 24 66 102 57 70 97 36
94 71 90 128 23 57 67 97 38 36 104
70 55 2 97 38 36 90 66 102
13 56 63 45 2 36 94 42 120
56 114 45 2 36 42 120 100
94 67 36 31 71 90 57 23 1
97 38 36 42 120
56 94 45 2 38 97 36 24 42 100
56 114 94 13 45 2 97 36 42 120 100
56 67 97 104 71 128 23 57
39 56 41 122 94 97 88 36 90 24
56 71 90 57 23 1 41 67 36 38 31 104
70 55 110 36 38 24 102
56 114 63 45 94 38 90 42
29 55 2 41 36 94 90 24 66 57
114 63 45 2 97 94 24 42
70 55 41 110 2 97 24 66 57
56 94 45 2 97 36 90 42 100
56 114 94 24 63 11 2 38 97 36 120
56 94 71 90 128 23 57 1 41 67 104
29 94 110 97 38 36 24 66 102
41 94 110 2 97 36 24 66 102 57
29 55 90 24 66 57 70 41 2 97 36
114 63 45 97 24 42 120
29 55 2 41 97 36 94 90 66 57
29 55 110 94 90 24 102 57 70 41 97 38
55 41 110 97 38 36 94 90 66 102
70 94 97 38 36 90
56 63 97 38 36 24 42 100
70 94 36 38 24 66 120
70 29 55 110 2 38 36
70 94 97 38 36 24
56 67 97 38 31 104 90 57 23 1
70 29 55 110 2 97 36 90 24 57
39 79 94 122 36 88 24 1
56 38 90 120
29 55 110 97 36 94 24 66 102
56 63 45 2 38 90 24 42
56 114 94 90 24 63 45 2 88 97 36 42 120
94 36 38 57
67 97 38 31 104 36 57 23
56 94 63 36 90 24 120 100
94 36 38 104 71 90
41 67 94 36 88 71 1
94 110 2 36 24 66 102 57
56 114 94 63 45 2 67 38 97 36 42 120 100
41 67 94 38 104 57 23 1
70 94 2 36 24 102 57
29 55 110 36 90 24 66 102 57
94 67 36 31 104 90 23 1
41 67 94 97 36 31 104 71 128
94 24 70 63 45 2 97 36 42 120 100
56 41 67 94 36 38 31 57
56 41 67 38 104 71 90 128 23
70 110 36 38 24 102 57
39 56 94 122 90 24 1 41 36 88 31
16 29 110 55 90 24 66 102 57 70 2 36 38
56 114 63 2 97 38 36 94 120
29 55 110 94 90 24 66 102 57 70 6 41 36 38
67 97 38 31 104 71 36 90 128 23
70 55 94 2 36 38 90 66 57
94 45 2 36 24 120
114 90 24 13 63 97 38 36 42 120 100
56 94 71 90 128 23 57 41 36 38 31
114 94 24 70 63 2 97 38 36 120 100
70 41 97 38 36 90 24 66 102 57
56 67 36 38 104 23
56 114 94 90 24 63 45 2 67 38 120 100
39 56 94 122 24 1 41 36 88 31 100
70 29 41 94 36 38 90 57
114 63 97 90 24 120
70 94 110 97 24 66 57
56 94 45 2 97 42 120 100
70 29 55 110 2 41 36 90 57
114 63 45 2 94 90 120
70 55 41 97 38 24 66 102 57
70 63 45 36 38 90 24 42 120
56 94 97 38 36 90 57 23
56 114 94 24 63 45 11 2 38 97 36 120 100
67 36 88 38 104 71
16 29 110 55 94 90 24 66 102 57 70 36 38
56 41 67 97 38 31 90 128 23 57
56 94 2 36 90 24 120
70 29 94 36 38 24 66 57
94 67 36 31 104 71 90 1
56 63 36 24 120
39 122 36 88 24 1
56 41 67 97 38 31 36 128 1
56 94 128 23 57 41 67 97 38 36 104
56 63 2 24 42 120 100
114 90 24 63 45 2 88 36 42 120 100
70 2 97 24 120
70 55 41 110 2 36 94 90 24
70 55 94 110 97 38 36 102 57
41 36 31 104 90 57 23 1
56 114 63 94 36 38 90 24 100
56 45 2 36 24 42 120
70 41 94 110 2 97 90 66 57
94 67 36 104 71 90 23 1
29 55 41 36 38 90 66 102 57
70 29 55 2 41 97 36 94 66 102
70 55 41 2 36 38 94 102 57
56 67 36 90 57 23
56 114 20 90 24 45 2 38 97 36 42 120 100
94 71 90 128 23 57 41 67 36 38 31
114 90 24 13 63 45 2 38 97 120 100
56 94 71 90 128 57 1 41 97 38 104
55 94 110 90 24 66 102 57 70 41 11 2 38 36
70 29 110 97 38 36 90 24 66 102
56 63 45 2 88 36 90 24 120 100
79 67 97 88 104 90
70 29 41 2 36 90 66
79 94 67 97 88 36 104 71 90
70 36 66 102 57
56 36 104 71 90 57 23 1
56 114 94 24 63 45 11 2 36 120 100
56 114 24 13 45 2 38 36 42 120 100
56 63 45 2 36 120
56 114 94 90 13 63 45 97 38 42 120
56 41 67 36 31 104 90 128 57 1
56 114 94 90 24 63 45 11 2 38 97 120
114 63 2 36 94 24 42 120
41 94 110 2 38 36 90 66 102
56 114 94 24 63 45 11 2 38 42 120
56 45 2 36 90 24 42
70 29 55 110 97 36 94 90 66 57
70 29 55 2 36 38 94 90 24
63 45 2 97 36 90 42 120 100
56 71 90 128 23 57 41 67 97 36 31
41 67 94 36 38 31 104 128 57
13 114 63 45 2 56 97 36 24 120
90 24 42 120 100
29 94 110 90 66 57 41 2 97 38 36
57 36 38 31 104 71 90 128 1 23
56 114 94 90 24 13 63 45 2 38 97 36 120
56 94 71 90 128 23 57 41 67 97 36 31 104
70 55 94 97 38 36 90 24 66 57
70 94 110 2 38 36 24
56 114 63 2 97 36 90 24
70 41 94 110 36 38 90 24 66 57
63 45 2 97 36 42 120 100
41 67 36 31 104 71 90 128 57
56 114 94 45 2 38 97 90 42 120
29 94 90 24 66 102 57 70 41 2 97 36 9
70 94 110 97 38 36 90 24 66 57
56 41 67 94 97 36 31 90 128
56 114 63 45 97 38 36 90
70 29 55 94 36 38 90 24
2 36 38 42 120 100
94 67 11 97 38 36 90 23 1
56 114 94 2 97 36 120 100
56 63 2 97 38 36 90 42
94 67 97 36 104 128 57 1
94 63 2 36 90 24 42
114 63 45 2 38 36 94 120
5 41 67 94 36 90 1
56 114 90 63 45 2 88 97 36 42 120
114 63 45 2 38 97 120 100
41 67 36 104 71 90 128 23 57
56 94 128 23 57 1 41 67 97 31 104
56 63 45 36 24 42 120
16 29 110 94 90 24 66 102 57 70 2 36
70 29 41 36 90 66 57
39 79 56 122 90 24 1 97 88 31 36
114 94 90 24 45 11 2 36 42 120 100
39 79 56 122 94 90 24 1 36 88 31 100
56 94 90 24 45 2 88 36 42 120 100
94 63 2 97 36 90 24 42 120 100
29 55 110 2 41 97 94 66 102 57
56 94 71 90 57 23 41 67 97 38 9 31 104 36
41 97 38 36 90 24 66 102 57
56 114 90 24 45 11 2 38 97 36 120 100
39 79 94 122 90 24 1 41 97 88 31 36 100
70 94 2 36 90 24 57
41 94 36 38 90 24 66 102 57
70 29 55 110 2 41 97 102 57
114 94 24 86 45 63 2 38 97 36 42 120 100
39 56 94 122 90 24 1 41 88 31 100
56 114 24 13 63 45 2 38 97 36 42 120 100
70 55 94 2 97 38 36 102
56 114 63 2 94 90 24 120
94 63 2 97 38 36 120 100
70 94 2 36 38 90 120
39 56 94 122 60 90 24 1 97 88 36 100
56 114 94 24 63 45 2 97 36 42 100
56 94 2 24 42 120 100
56 41 94 97 38 104 90 57 23 1
56 114 63 2 38 42 100
70 29 94 110 36 38 24 66 57
29 55 110 90 66 102 57 70 41 2 97 36 9
94 63 38 90 24 42 120
56 114 94 24 63 11 2 38 97 42 120
56 114 63 2 97 94 120
29 41 110 97 38 36 94 90 66 57
56 94 63 90 42 120
56 94 71 90 57 41 67 97 38 36 104
114 94 90 24 63 45 2 38 97 36 42 100
5 94 67 36 38 90
55 94 110 90 24 66 102 57 70 36 38
94 67 36 88 38 104 71
56 114 45 2 36 90 24 42 66 120
56 94 67 36 104 128
56 114 94 2 36 120
70 29 41 110 97 36 24 66
56 114 2 97 38 42 120
94 67 36 31 104 57 23 1
56 114 94 90 24 63 11 2 38 42 120
29 41 94 97 38 36 24 66 102 57
56 94 63 45 97 38 90 24
41 94 110 97 38 36 90 66 57
56 63 45 2 38 24 42 120
56 114 2 97 36 120 100
71 90 23 1 41 67 11 97 38 36 104
70 41 94 110 2 38 90 24 66
94 67 36 71 1
56 114 45 2 38 97 36 24
56 114 94 38 24 120 100
41 67 97 36 71 90 23 1
29 94 2 36 24 66 102 57
29 55 110 2 38 36 24 102 57
29 94 110 90 24 57 70 2 97 38 36
114 94 45 2 97 90 24 42
56 114 45 36 90 120 100
41 67 94 36
70 29 41 110 97 94 90 102 57
56 114 94 45 97 38 24 120
56 94 71 90 57 23 1 67 97 38 31 104 36 120
56 114 90 24 13 63 45 2 36 42 120 100
55 94 110 2 38 97 36 66 102 57
29 41 110 2 36 24 66 102 57
36 88 38 104 71 90
70 29 55 110 2 97 94 24 102 57
114 94 45 38 90 24 120 100
56 114 90 24 63 11 2 36 42 120 100
114 45 36 90 24 42 120 100
56 114 90 24 63 45 2 67 38 42 120
29 55 2 36 94 90 66 102
56 41 67 36 31 104 57 23
56 114 94 2 97 38 24 42 120 100
70 56 114 63 45 2 38 42 120 100
94 67 97 31 104 90 57 1
70 29 94 97 38 24 66 102
70 29 41 110 97 36 90 66 102 57
57 41 94 97 38 31 36 128 1 23
56 114 45 97 36 90 24 42 100
56 114 63 45 2 38 94 24 42 120
114 94 45 2 24 42 120
70 29 55 94 38 90 24 102 57
55 41 36 38 24 66 102 57
29 55 90 24 66 102 57 41 2 97 38 36
56 94 71 128 23 57 1 97 38 31 36
70 55 94 110 2 38 24 57
70 56 114 45 36 38 24 42 120 100
70 29 41 38 24 66 57
56 45 2 90 24 120
70 29 41 110 94 38 90 102
29 55 110 94 90 102 57 41 2 36 38
56 41 97 38 36 104 57 1
94 110 90 24 66 102 57 70 41 2 36 38 120
56 94 90 24 66 63 45 97 38 36 120 100
56 94 67 97 36 71 128 23 1
114 63 11 2 36 90 24 42 120
29 55 110 94 90 24 66 102 57 70 2 97 38 9
114 63 97 36 120 100
41 67 97 38 31 104 36 128 57 1
114 90 24 63 45 11 2 38 97 36 120
56 97 38 36 24 120
56 94 71 128 23 57 67 36 38 31 104
56 94 67 36 57
94 67 36 38 104 71 57 23 1
57 41 97 36 104 90 128 1 23
94 90 24 63 45 11 2 38 36 42 120 100
70 29 55 110 2 41 36 94 24
56 114 94 90 63 45 11 38 97 36 42 120
114 2 36 38 90 24 42 120
114 63 2 36 120
56 114 90 24 66 63 45 2 38 36 42 120 100
94 67 97 36 31 71 57 23 1
56 67 36 31 104 90 128 57
94 67 36 38 90 128 57
41 94 97 38 36 104 90 128 57 1
39 79 56 122 94 60 90 41 97 88 31 36 100
56 36 38 104 128 23 57
29 55 2 36 38 24 66 57
114 45 90 24 42 120
56 94 90 24 45 11 2 38 97 36 120 100
56 94 97 38 31 104 90 57 23
39 56 94 122 60 24 97 88 31 36 100
56 114 63 94 42 120
56 114 63 90 42 120 100
56 94 67 97 38 31 71 36 128
56 114 90 24 70 63 45 2 36 42 100
97 38 36 57
56 41 94 97 38 36 104 57
56 94 36 38 104 128 57
94 90 24 86 45 63 2 97 36 42 120 100
29 94 90 24 66 102 57 70 41 2 97 38 36
70 55 110 97 38 90 24 102
70 110 2 38 90 24 102
70 29 55 110 2 41 66 102 57
29 41 2 36 94 90 24 102 57
114 63 45 97 38 36 90 24 120 100
70 114 63 45 2 38 97 24 42 120
56 94 67 36 38 57
56 41 94 36 38 104 71 128 57 1
70 29 55 94 36 24 66 102 57
56 114 90 24 63 45 67 38 97 36 42 120
70 29 94 110 2 38 97 102 57
29 55 110 2 38 24 66 102
114 63 11 2 97 36 94 24 42 120
41 94 97 88 90 1
94 97 36 104 71 128 57 1
70 29 55 110 41 38 97 36 24
56 94 63 97 90 24 120 100
70 94 63 45 36 24 42 120 100
70 41 2 36 38 90 102 57
55 97 38 36 24 66 102 57
70 29 55 41 36 38 24 66 102 57
70 29 41 97 38 90 24 102 57
70 29 110 2 38 97 36 24 90 57
56 94 63 97 36 90 42 120 100
39 56 94 122 60 24 41 97 88 31 36
56 41 67 97 36 31 90 57 1
79 67 36 88 104 71 90
114 90 70 63 45 2 38 97 42 120 100
94 67 97 36 31 104 90 23 1
45 97 38 36 90 24 42 120
114 94 2 97 36 42 120
70 29 55 94 90 66 102 57
56 67 104 71 90 57 23 1
56 41 67 94 97 38 104 71 90 57
114 38 24 42 120
56 41 67 38 31 71 128 57 1
56 114 94 90 86 45 63 2 97 36 42 120 100
94 63 45 97 38 90 120 100
56 94 63 2 97 38 36 90 120
70 29 55 110 94 66 102
94 67 97 104 90 57 23 1
70 55 41 2 36 24 66
70 41 110 2 97 66 57
56 94 90 24 45 11 2 38 97 36 42 120
56 41 67 94 97 38 31 128 57
70 55 2 90 66 102
94 71 90 128 23 57 1 67 97 38 36
56 114 63 45 2 38 36 42 66 120
56 94 71 90 128 57 1 41 97 38 31
55 110 90 66 102 57 70 2 97 38 36
29 55 94 90 66 102 57 2 97 38 36
56 71 90 57 23 1 67 97 38 36 104
56 41 67 94 97 36 31 90 57 1
56 114 45 2 36 24 42
57 56 67 104 90 128 1 23
41 36 104 71 90 1
114 63 45 2 24 42 120 100
41 97 36 9 90
114 24 70 63 45 2 38 97 42 120 100
39 79 56 122 94 24 1 41 97 88 36 100
56 114 94 90 24 45 2 38 97 36 120
70 29 55 110 38 90 66 102
56 94 71 90 57 1 6 67 41 97 38 31 104 36
56 114 90 13 45 2 97 36 42 120 100
29 55 2 41 38 97 36 66 57
41 67 94 38 31 104 71 57 23 1
70 29 55 110 41 94 66 57
41 67 97 38 36 71 128 57 1
94 71 90 128 41 67 97 38 31 104 36
114 45 2 38 24 42 120 100
70 55 41 110 2 36 94 66 102 57
56 94 45 2 42 120 100
114 45 97 90 24 42 120
29 55 110 94 90 66 102 57 70 2 38
13 114 63 2 56 97 90 24 42 120
94 90 24 70 63 45 2 38 36 42 120
63 2 36 38 90 24 100
70 29 55 110 94 24 66 102
56 114 94 90 24 45 11 2 97 36 120
67 97 88 38 36 90 23
56 114 63 45 94 24 120 100
70 94 2 36 90 24 66 102 57
94 63 2 38 42 120
94 67 11 97 36 104 23 1
29 55 110 94 90 66 102 57 70 41 97 38 36 120
70 110 2 38 97 36 24 90 102
70 29 55 110 2 94 24 102
56 94 63 45 2 38 90 42 120 100
70 29 55 110 41 97 36 94 66 57
63 45 2 38 90 120
56 94 71 90 57 1 41 67 11 97 38 31 104 36
70 29 55 110 97 38 24 66 102
56 94 24 63 45 2 38 97 36 42 100
56 94 67 36 104 128 23 57
29 55 110 90 24 66 57 70 41 97 38 36
56 41 67 97 38 104 90 57 23 1
56 114 63 45 2 97 36 94 24 90
56 114 94 90 24 86 63 2 97 36 42 120
114 94 90 24 63 45 2 88 36 42 120 100
36 88 31 90 1
70 94 97 38 90 120
114 94 36 38 90 24 42 120
70 110 2 38 97 90 24 57
16 29 110 55 94 90 24 66 102 57 70 2 97 36
97 36 90 24 66
56 94 71 90 128 23 57 1 67 97 38 31 36
70 55 94 2 36 38 90 24 57
57 56 41 67 94 97 31 128 1 23
56 114 90 13 45 2 38 97 36 42 120 100
94 67 36 88 104 90 23
2 36 38 66 120
94 110 90 24 102 70 41 2 97 38 36
70 55 94 110 97 38 36 24 66
114 94 90 24 63 45 2 67 38 97 36 42 120 100
56 41 67 97 38 90 57 23
29 110 90 24 66 102 57 70 41 11 2 38 97 36
56 94 63 45 2 38 90 24 42
70 41 94 36 66 102
114 94 90 24 63 45 2 88 97 42 120
94 2 97 38 36 24 120 100
70 29 55 2 41 38 97 94 90 57
94 63 2 36 90 24 42 66 120
29 55 110 90 24 66 102 57 70 41 2 36 38
56 114 24 63 45 2 88 97 36 42 120 100
56 94 97 38 36 90 128
67 97 38 31 71 36 90 128 23 1
70 55 94 24 66 102 57
56 94 67 36 38 31 90 57 1
29 55 110 94 90 24 66 102 57 70 97 38 9 36
94 67 36 31 104
114 63 2 38 90 120
56 114 45 97 90 24 42 120 100
5 94 36
70 55 94 110 2 38 90 24 57
56 94 90 24 63 45 2 67 38 97 36 42 120
56 114 63 45 2 36 94 90 42
56 67 38 104 71 90 57 23 1
56 41 67 38 104 71 90 1
29 41 94 36 38 24 66 102 57
70 29 55 110 97 94 90 24 66
70 55 94 90 24 66 57
70 55 41 110 97 38 90 24 66 57
70 94 63 45 36 38 90 24 42 120
56 94 71 90 128 23 57 1 41 67 97 38 9 31 104
70 29 41 2 36 94 102 57
94 2 36 90 24 42
70 29 41 2 36 90 102 57
114 94 90 63 11 2 38 97 36 42 120
70 56 114 94 45 36 38 24 42 120
55 41 110 97 38 36 94 66 102 57
56 114 2 36 90 24 42 100
70 41 2 97 38 66 102
70 41 94 110 97 38 36 66 102
70 29 55 2 41 94 90 66 102 57
41 97 38 36 104 71 90 128 23 57
70 29 41 97 36 90 24 66 102
56 41 97 38 104 71 90 57
29 55 2 36 38 90 24 66
56 114 97 38 36 24 42 120
70 29 94 2 97 38 24 57
29 55 94 90 24 102 70 41 97 38 36
56 41 67 97 104 128 23 57
56 94 128 23 57 1 41 67 36 38 9 31 104
56 94 71 90 128 23 41 67 36 38 104
114 94 90 66 63 2 97 38 36 42 120
56 114 63 45 38 90 24 42 100
56 41 67 94 97 36 90
56 94 36 38 31 104 71 90 128 1
56 114 94 24 63 2 67 38 97 36 42 120 100
114 63 97 90 24 42 120
94 67 97 38 31 36 90 57 23
56 94 67 97 38 31 104 36 1
56 90 24 63 45 11 2 38 97 36 120 100
56 41 67 97 38 31 36 57
36 38 31 104 71 90 128 57
71 90 128 23 57 41 67 97 38 31 36
94 63 45 2 38 36 90 24 100
41 97 36 90 24 66 102 57
94 71 90 128 23 57 1 41 36 31 104
56 63 45 2 38 97 36 24 120
114 97 38 90 24 42 120
70 29 55 110 90 24 66 102 57
56 114 63 45 97 38 36 94 42
56 94 67 97 38 31 104 71 128 1
29 55 110 94 24 102 57 70 41 2 97 38
56 94 2 36 24 120
56 94 90 57 1 41 67 97 38 36 104
41 67 94 97 104 57 23 1
70 55 41 110 2 97 36 90 66
5 94 88 90
70 29 41 94 97 38 66 57
56 114 94 24 66 45 2 38 97 36 120 100
70 29 41 110 2 36 90
56 94 67 97 36 31 128 57 1
94 67 97 38 31 104 36 90
63 36 90 24 42 120
56 63 2 38 42 120
56 114 63 45 2 36 90 42 120 100
41 67 36 104 71
56 94 97 31 104 90 128 57 1
70 29 55 110 2 36 94 102
41 67 97 38 31 104 36 90
70 29 94 110 2 38 36 24 102
56 94 90 63 45 11 2 97 36 42 120
114 63 45 2 97 36 90 120
94 63 97 38 36 90 42 120 100
56 114 24 66 63 45 2 38 36 120 100
56 114 94 90 24 63 45 11 2 38 36 120
56 94 63 45 97 36 90 100
67 36 90 120
94 67 97 38 104 90 128 23 1
114 94 2 97 24 120 100
94 67 97 104 128 57
55 41 110 36 38 90 66 102 57
94 24 13 63 2 97 38 36 42 120 100
56 114 90 24 13 63 2 97 38 36 120 100
67 97 36 31 104 90 57 23
94 71 90 128 57 1 67 36 38 31 104
56 114 63 97 36 90 24 42 120 100
56 41 67 94 36 38 31 71 90 128
56 94 67 36 38 31 71 128 1
70 29 55 41 97 38 94 90 24 57
56 97 38 31 104 71 90 57 1
70 55 41 94 97 36 24 102 57
56 114 94 90 70 63 45 2 38 97 120
70 29 41 97 36 90 24 66 57
56 114 94 90 2 97 88 38 36 42 120 100
56 114 94 90 24 45 2 88 97 36 42 120
41 67 94 38 31 104 90 128 57 1
56 94 71 90 128 23 57 41 97 38 31 104 36
56 94 63 45 2 38 97 42 120
56 114 45 2 90 24 120
2 36 120
70 29 55 110 2 38 36 24 66
97 36 31 104 71 90 57 23 1
56 94 63 2 36 38 90
56 114 90 24 13 45 2 38 36 42 120
70 114 63 2 36 38 90 42 120
67 97 38 31 104 71 36 128 1
13 114 63 56 36 38 90 24 120 100
29 94 2 97 38 36 24 102 57
56 94 2 38 90 42 120 100
41 67 36 38 104 128 23 57
94 67 36 31 71 90
56 63 38 90 24 42 100
56 94 63 45 97 24 120 100
5 94 97 38 36 90 120
56 41 67 36 31 71 90 23 1
70 29 55 41 38 24 102 57
56 63 90 24 120
70 41 94 110 2 38 90 24 66 57
56 94 63 45 11 38 97 36 42 120 100
70 94 63 45 2 36 90 42 120
114 63 45 2 97 90 24 120 100
56 41 94 36 38 31 104 90 128 23
56 41 67 36 104 57
41 67 94 97 38 36 128 57 1
56 114 63 94 36 90 24 42 100
45 2 97 36 90 42 120 100
56 114 63 45 2 38 94 24 120 100
56 114 94 90 24 13 45 2 36 42 120
29 94 110 24 66 102 57 70 41 11 2 97 36
56 94 67 104 71 128 23 1
94 36 38 90 128
94 67 36 31 104 128 1
29 55 110 94 90 24 66 70 41 2 36
70 110 97 38 90 66 102
56 114 94 90 66 63 45 2 97 36 120
56 41 67 36 104 71 57 23
56 94 97 36 31 104 71 128 57
36 38 104 71 90 1
56 114 20 94 90 63 45 2 38 97 36 42 120 100
41 67 36 38 104 57 1
41 67 36 104 90 57 1
114 94 45 97 38 90 24 42 120
56 41 97 38 36 104 71 57 23 1
56 94 63 45 24 120
56 114 63 45 94 42 120 100
94 2 97 90 66 120
56 114 90 24 70 45 2 38 36 42 120 100
70 41 94 2 97 36 24 66 102 57
94 63 45 2 38 97 24 42 100
29 55 2 41 97 36 94 24 66
56 94 63 97 36 90 120
56 94 71 90 57 23 41 67 97 38 104
70 94 2 97 90 24 66 57
56 94 20 90 24 63 45 2 36 42 120
56 114 94 90 24 63 45 97 88 42 120 100
56 94 2 38 90 24 120
56 114 94 90 24 63 45 11 38 97 120 100
56 94 71 128 23 57 41 67 97 36 104
56 36 38 24 120 100
70 29 55 2 97 38 94 90 102
70 29 41 110 97 36 24 57
70 29 41 110 2 36 94 90 24 57
70 55 41 110 94 38 66 102 57
39 41 94 36 88 31 90 24
70 94 24 66
56 94 63 45 38 90 24 42 120 100
114 63 45 97 38 94 42 120
56 90 57 23 1 41 67 97 38 31 104 36
70 29 41 2 97 94 90 24 102 57
56 94 67 38 31 90 57 23 1
56 114 94 45 97 38 36 120 100
56 41 67 36 38 104 71 128 23
94 71 90 128 23 57 1 97 38 31 104 36
70 29 41 2 97 94 66 102 57
70 114 63 45 2 38 94 90 24 120
94 36 38 90 24 66
114 63 2 38 90 24 42 120 100
2 97 90 24 66 120
67 97 38 36 104 71 90 1
67 36 38 71 90 57 1
29 55 110 2 36 94 90 24 102 57
41 67 94 97 36 57 23 1
56 114 24 63 45 11 2 36 42 120 100
70 94 110 2 38 97 66 102
94 97 38 36 104
41 67 36 38 31 104 71 90 23
70 55 2 97 38 36 24 66 102
114 63 45 97 38 36 94 90
41 94 36 104 71 23 1
70 29 94 110 36 38 24
56 94 45 97 38 36 90 24 42 100
70 29 55 110 41 94 24 66
56 114 94 90 24 70 63 2 97 38 42 120
56 114 94 90 24 70 2 38 42 120 100
70 55 110 97 38 90 24 66 102 57
70 110 2 36 90 102 57
56 94 97 38 31 104 71 36 128 57
70 29 41 110 97 38 94 102
29 110 97 38 36 24 66 102 57
55 94 110 90 66 102 57 70 41 2 36
70 55 41 2 97 38 36 90 66 57
41 67 94 97 38 31 71 36 57
41 94 2 36 38 90 24 66 102 57
56 94 71 128 1 41 67 97 38 31 104 36
114 94 36 24 120
94 45 2 38 97 36 42 100
94 90 24 66 63 45 97 38 36 42 120 100
57 41 94 97 36 31 90 128 1 23
114 63 2 94 38 24 42 120 100
70 36 38 90 66 57
56 24 63 45 11 2 38 97 42 120 100
29 55 110 90 24 102 57 70 41 97 38
114 63 45 2 94 90 24 120
56 94 63 2 97 38 24 42 120
56 94 67 36 38 31 57 23 1
29 110 24 102 57 70 41 2 97 38 36
79 114 56 94 90 24 63 45 36 38 42 120 100
114 94 97 90 24 120
94 97 38 36 104 90 128 23 1
94 63 45 97 38 36 24 120 100
70 55 41 97 36 90 102 57
70 55 41 36 24 66 102 57
55 94 110 38 90 24 66 102 57
56 114 63 45 36 38 90 24 100
55 110 97 38 90 24 66 102 57
70 38 90 24 66
56 94 67 31 104 71 57 23
41 67 36 38 31 90 1
70 29 55 97 36 90 102 57
70 94 110 97 38 36 66
41 94 110 2 38 97 36 24 66 102
56 41 67 36 38 104 71 90 57
29 94 110 90 24 66 102 70 41 2 97 38 9 36
41 67 94 97 88 36 1
94 90 24 13 63 2 97 38 36 42 120 100
29 55 110 90 24 66 102 57 70 36 38
70 29 55 110 41 36 94 66 102 57
29 55 94 36 38 66 102 57
56 41 94 38 104 90 57
56 114 94 90 24 63 45 2 67 97 42 120
29 55 110 94 24 66 102 57 41 2 97 38 36
56 94 67 97 38 36 71 57 1
63 38 90 24 42 120 100
29 55 110 94 90 102 70 41 2 97 38 36
56 94 71 90 128 57 1 41 67 97 36 31 104 120
70 55 41 110 36 66
56 94 36 31 104 57 1
56 114 13 63 45 2 38 97 36 120 100
57 41 67 94 97 104 128 1 23
94 11 2 97 36 24 120
114 90 24 13 45 2 97 36 42 120 100
70 29 55 2 97 38 36 90 66 102
55 90 24 66 57 70 41 2 97 38 36
56 94 67 31 104 90 57
56 114 94 90 24 63 2 97 88 36 120 100
56 114 63 45 2 38 97 94 24 90
70 29 55 41 97 38 94 24 66 102
56 114 63 45 2 94 90 120
70 29 55 110 2 41 38 97 36 90
56 63 45 97 38 36 90 120
70 29 110 97 90 24 66 102 57
70 94 36 38 24 120
56 45 38 90 24 42 120 100
56 94 63 45 2 36 90 24 42 100
56 114 90 24 63 2 97 38 42 120 100
70 29 55 2 41 38 97 94 66 102
29 110 66 102 57 70 41 2 97 38 36
56 94 67 104 90 128 1
56 41 94 31 104 71 90 128 57
114 63 45 38 90 24 42 120
114 45 36 24 42 120
70 55 36 38 90 66 57
29 55 110 97 36 24 66 102
70 55 110 66 102 57
56 41 67 97 104 128 57 1
56 67 97 38 31 104 36 90 1
56 41 97 38 104 71 90 57 23 1
56 41 97 38 36 104 71 128 23 57
55 94 24 66 102 57 70 41 2 97 38 36
56 94 63 45 2 36 24 100
56 94 90 24 13 63 45 2 97 36 120 100
94 71 128 57 1 41 67 97 38 31 104 36
94 36 38
70 94 36 38 90 120
29 55 110 90 66 102 57 70 2 36 38
29 41 2 36 94 90 24 66 57
70 29 41 110 36 90 24
70 94 110 2 36 24 102 57
56 114 24 66 63 45 2 38 97 42 120 100
56 114 90 24 70 63 45 2 38 97 36 120
41 94 97 38 31 104 36 90 57 1
56 114 94 2 90 24 120
56 97 38 31 104 71 36 57 1
56 94 45 38 90 42 120 100
29 55 2 41 97 36 94 24 102 57
56 114 63 45 94 38 42
56 41 67 94 36 38 31 90 23
70 94 110 90 66 102
29 110 2 38 97 36 24 66 57
56 94 63 2 36 24 42 120 100
70 41 94 110 36 38 57
70 55 41 110 97 90 66 102
56 94 67 11 97 38 36 90
114 63 94 97 38 36 90 42 100
29 2 97 38 36 24 66 57
70 29 55 110 41 38 36 90 57
56 114 63 45 2 24 42 120 100
79 94 97 88 38 36
70 29 55 110 41 97 36 66 102 57
70 55 94 97 36 90 66 57
55 94 110 90 66 102 57 41 97 38 36
70 55 41 110 97 38 36 94 24 102
70 41 2 38 66 57
70 41 110 36 90 24 66
56 94 90 128 23 57 6 67 41 97 38 31 104 36
70 29 94 36 90 66 102 57
67 36 38 31 104 90 128
56 63 2 97 38 90 42 120
41 67 36 38
70 55 94 110 2 38 97 36 66
70 56 94 63 2 97 36 90 42 120
94 67 97 36 90 128 23 57
41 67 97 36 31 90 57 1
70 29 41 110 38 24 57
56 114 63 2 36 94 90 24 100
70 94 110 2 38 97 90 102 57
41 67 94 38 104 57
70 29 55 41 94 66 57
13 56 63 45 2 36 24 42 120
56 114 94 45 2 38 36 24 42 120
70 55 41 110 2 97 90 66 57
63 45 2 97 90 42 120
29 55 110 2 38 97 36 66 102
56 41 67 94 38 31 104 71 57
70 29 55 2 41 97 36 102 57
70 29 55 2 90 66 57
56 114 45 90 24 42 120
13 56 63 94 36 38 90 24 42 120
56 94 71 128 23 41 67 97 38 31 36
56 41 67 36 38 104 90 128 57 1
56 114 94 24 70 63 45 97 36 42 120
56 41 67 36 38 31 57 1
70 55 94 110 2 38 36 90 66 102
56 71 128 23 1 41 67 97 38 36 104
56 114 94 24 70 2 97 38 42 120 100
114 63 45 2 97 24 120 100
56 63 45 2 38 97 36
29 55 110 41 97 94 90 66 102 57
70 55 94 2 97 38 36 57
56 67 36 31 104 90 128 23 1
56 24 70 63 45 2 97 36 42 120 100
56 114 63 36 38 24 42 100
57 56 41 67 97 36 90 128 1 23
41 67 94 36 104 71 1
94 67 97 36 104 90 128 23
56 41 67 97 36 104 90 128 57 1
94 67 11 97 38 36 104 90
56 114 63 45 97 90 24 120
70 41 94 110 2 97 90 24 66
56 41 67 94 97 38 104 90 128 1
56 41 67 97 36 104 57 23
114 63 2 36 88 94 24 42 120 100
56 67 38 104 57 23 1
70 29 41 2 36 38 94 90 24
56 94 67 97 38 31 104 71 36 128
45 2 97 36 24 42 100
114 90 24 63 11 2 38 97 36 42 120 100
94 2 97 36 90 24 42 120 100
67 97 38 36 104 71
56 114 63 45 2 38 36 24 120
56 114 90 24 70 63 2 97 36 120 100
114 90 13 63 2 97 38 36 42 120 100
56 114 94 97 36 24 42 120
110 97 36 90 24 66 102 57
56 94 90 24 45 2 38 97 36 42 120 100
41 67 94 97 104 71 90 128 1
94 67 11 97 38 104 90 23
56 94 90 24 13 45 97 38 36 42 120 100
94 2 97 38 36 90 24 66 102 57
94 63 45 97 36 90 120
56 94 45 97 90 24 42 120 100
56 94 71 90 128 57 1 41 67 36 38 31
70 41 94 110 2 36 66 102
114 63 45 2 97 36 90 42 120 100
29 55 110 41 97 36 90 66 102 57
56 41 67 94 97 38 36 104 90 23
94 71 90 128 23 1 41 97 38 36 104
70 29 41 36 38 90 24 66 102
29 110 36 90 24 66 57
70 41 110 97 38 36 90 24 66
94 67 97 38 36 104 71 57 1
56 94 63 36 38 90 120 100
114 90 24 45 11 2 38 36 42 120 100
70 29 55 2 97 36 94 24 102 57
70 55 94 110 2 38 36 66 57
114 63 2 97 36 94 42 120
57 56 67 36 38 90 128 1 23
41 67 94 36 38 90
70 29 55 2 41 97 36 24
57 94 67 36 31 104 128 1 23
39 56 94 60 90 24 1 41 97 88 31 36
56 114 94 45 2 97 36 90 42 100
56 67 36 38 104 128 57 1
70 55 94 97 38 36 90 66 57
56 67 97 38 36 104 57 23
41 94 88 90 1
70 29 55 41 90 24 66 102 57
70 94 36 24 66 120
56 114 63 2 94 38 90 24 42
94 63 45 97 38 36 90 120
29 55 110 94 90 24 66 102 57 70 2 97
36 38 90 24 120
56 114 63 45 94 90 24 120
41 67 97 38 104 71 90 128 23 57
70 63 45 2 38 97 36 24 42 120
70 55 94 24 66 102
29 94 110 2 38 36 90 24 66 102
56 63 2 36 90 24 120
79 67 97 88 38 36 90
70 55 41 110 2 36 102
56 90 24 63 45 97 38 36 42 120 100
114 63 2 24 42 120 100
114 63 45 2 38 36 94 24 90 120
41 67 94 97 36 31 90 57
70 41 94 110 97 24 66 102
36 38 31 104 71 90 128 57 1
41 67 94 97 38 31 36 128 23 57
114 63 45 36 90 42 100
41 67 94 97 31 104 57 23 1
70 114 63 45 2 38 36 24 120
56 114 63 45 2 36 42
56 94 45 2 97 24 42 120 100
70 29 55 110 97 36 94 24 102
70 29 41 110 38 24 66
56 41 67 36 38 104 71 90
70 29 94 110 36 90 102 57
29 55 110 94 90 24 66 70 41 2 97 38 36
57 67 31 104 71 90 128 1 23
114 94 45 2 36 42 120
70 29 55 41 94 90 66
56 114 24 63 2 67 38 36 42 120 100
56 94 90 24 13 63 45 97 38 42 120
56 114 2 97 38 90 24 42 120 100
70 2 97 38 90 120
56 114 45 97 38 36 24 42
70 41 94 2 97 36 90 24 66 102
56 114 63 97 38 90 42 100
70 56 63 45 2 90 24 42 120 100
56 94 71 90 57 1 41 67 97 38 31 36
56 114 94 45 36 38 90 120
56 41 67 97 38 36 104 71 23
70 29 41 110 97 36 94 66 102
5 94 67 97 36 104
56 41 94 36 31 104 90 128 23 1
41 94 110 2 97 36 66 102 57
56 94 63 45 97 38 90 42 120
70 29 41 2 38 102 57
70 94 2 97 38 36 24 66
56 41 67 97 31 104 71 128 57 1
70 29 41 110 36 38 102 57
56 94 67 36 31 71 128 57
29 55 110 94 24 102 70 41 2 97 38
56 114 94 90 24 66 63 45 2 36 120
56 114 45 2 36 90 120
56 114 63 36 38 24 42 120 100
70 29 55 110 2 97 94 24 66 57
114 94 45 36 24 42 120
67 36 88 38 90 1
70 41 94 2 36 102 57
70 41 94 110 2 97 36 66
56 36 38 104 71 90 57 23
29 41 110 2 97 90 24 66 102
114 94 90 24 67 45 2 38 97 36 42 120
70 29 55 110 97 38 94 90 57
94 67 97 36 71 90 1
94 63 45 38 24 42 100
70 110 2 38 90 66 102 57
63 45 2 38 97 36 24 42 66 120
114 63 94 97 24 42 120
56 114 24 63 2 97 88 38 42 120 100
56 94 67 97 36 90 128
70 55 41 2 36 94 90 102 57
94 63 2 36 38 24 42 120 100
70 29 110 97 36 90 24 102
94 67 97 104 71 128 57
56 114 94 45 97 90 24 120 100
70 29 55 110 41 90 66 102
70 55 41 36 38 90 24 102
114 63 94 97 38 90 120
56 94 67 97 38 71 90 57 23 1
56 63 45 2 97 90 24 120 100
70 29 55 110 2 38 97 66 57
56 41 67 94 36 104 71 57
56 114 94 90 24 66 63 45 38 42 120
56 114 94 24 63 45 11 2 97 36 42 120
70 55 41 110 2 36 90 24 102
70 56 114 63 45 97 36 90 24 120
56 36 104 71 90 128 23 57
56 36 104 71 90 128 57
114 94 90 70 63 45 97 38 36 42 120 100
56 41 67 94 36 38 90 23
56 94 97 36 71 90 57 23 1
29 55 110 90 24 102 41 2 97 38 36
56 94 24 63 45 11 2 97 36 42 120
56 114 94 45 97 38 90 24 120
56 90 24 86 45 63 2 97 36 42 120 100
56 114 90 63 45 11 2 97 36 120 100
56 114 94 90 63 45 97 88 38 36 42 120
56 114 63 45 2 36 90 42 100
94 67 36 90 120
56 114 2 42 120
70 55 41 2 97 90 66 102
2 97 90 120
70 41 94 110 2 38 66
114 63 94 38 120 100
56 114 94 2 90 24 120 100
55 41 110 97 36 90 24 66 102 57
70 110 2 38 97 90 24 102 57
70 29 110 2 97 36 66 102
67 97 38 31 104 36 90 57
41 67 97 88 38 104 36 90
70 55 41 110 2 97 24 102
56 41 67 94 97 38 31 71 36
56 94 90 24 13 2 97 36 42 120 100
56 94 63 2 97 38 36 24 120 100
70 56 63 2 36 38 90 24 120
56 63 45 38 24 42 120
94 63 45 2 97 36 42 120 100
56 114 94 90 24 63 45 2 88 38 36 42 100
70 29 41 110 2 36 24 66
70 29 55 110 97 94 90 66 102
70 29 41 94 36 90 57
45 97 38 36 90 120 100
70 55 41 2 94 90 66 57
56 94 71 90 128 1 41 67 97 36 104
29 55 110 2 41 97 36 94 66 102
70 94 110 38 90 24 66 102
39 41 122 94 36 88 31 24 1
70 41 97 90 24 66 102 57
94 63 45 36 90 42 100
5 94 36 38 90 120
16 29 110 55 94 90 24 66 102 57 70 41 2 97 36
94 67 11 38
29 55 97 38 90 24 66 102 57
41 67 36 38 31 104 90 128
70 41 110 2 38 97 36 24 90 57
56 114 63 94 36 38 90 42
70 29 110 90 24 66 102 57
114 63 45 97 36 24 42 120 100
56 114 90 24 63 45 36 88 42 120 100
70 55 94 2 97 38 36 24 102 57
67 97 36 104 90 57 1
94 45 2 90 120 100
70 29 41 110 2 36 24 66 102
70 94 2 38 90 66 57
70 56 114 63 45 36 38 24 42 120
56 41 67 94 97 36 71 90 23
94 2 36 42 120
56 114 94 90 24 45 11 2 36 120 100
114 63 11 97 36 94 90 24 42 120
56 114 45 2 38 36 90 42 120
55 110 90 24 66 57 70 41 2 36 38
56 114 63 94 90 120
56 63 45 2 97 42 120
56 94 63 45 2 38 24 42 120
56 41 67 94 97 38 71 90 57 23
56 114 20 90 24 63 45 2 38 36 120 100
70 29 94 2 97 36 66
70 55 41 110 94 38 66 102
29 55 2 41 38 97 24 66 102 57
56 114 94 45 97 36 120
56 94 90 24 63 45 11 38 97 36 120
56 114 94 90 24 66 63 45 42 120 100
56 94 63 2 97 38 120
56 41 67 36 31 104 71 90 57 23
13 114 63 45 2 94 90 24 42 120
56 94 71 90 128 23 57 1 41 67 36 38 31 104
56 94 90 128 23 41 67 97 38 31 104 36
94 97 90 24 120
114 90 24 13 63 45 97 38 36 42 120
29 110 2 38 97 90 24 66 57
57 56 67 36 38 104 128 1 23
56 94 67 97 71 90 128 57 1
70 29 55 41 97 38 94 90 24 66
29 55 2 97 38 36 90 24 66
56 114 94 24 70 2 36 38 42 120 100
70 29 110 2 38 36 24 102 57
29 55 94 90 66 102 70 41 2 97 38
70 29 2 36 90 66 57
114 94 90 24 63 45 11 2 38 97 42 120 100
70 29 55 94 97 38 36 57
70 29 41 97 38 36 24 66 102
114 94 90 63 45 11 2 38 97 36 42 120
56 63 45 2 38 97 36 120
13 56 63 45 2 97 36 42 120 100
114 94 90 63 11 2 97 36 42 120 100
13 56 63 45 36 90 24 42 120
55 94 110 24 66 102 57 41 2 97 38 36
41 94 110 2 36 24 66 102
41 67 36 104 71 128 23 1
56 114 63 45 2 38 36 94 24 42
70 36 90 24 66 102
70 94 36 90 24 66
114 90 24 63 45 2 38 97 42 120 100
70 29 110 36 24 66 102 57
16 94 110 90 24 66 102 57 70 41 2 36 38
56 94 90 128 23 41 67 97 38 36 104
70 94 110 2 97 36 90 57
70 29 55 41 97 38 36 94 66
56 41 67 97 38 36 104 90 128 1
114 63 2 97 24 42 100
56 41 67 94 31 104 128 1
29 94 110 24 66 102 70 41 97 38 36
56 94 63 45 2 97 24 42 100
70 29 55 110 36 24 66 57
56 114 63 45 97 38 120 100
94 45 2 38 97 36 24 100
56 114 94 71 24 63 45 2 38 97 36 42 120
56 71 90 128 23 57 41 67 36 38 31 104
114 63 11 2 38 36 94 24 120 100
70 41 94 2 97 36 102 57
63 45 97 42 120
56 114 63 45 11 2 97 36 24 120
29 41 94 36 38 66 102 57
56 63 2 97 24 42 120 100
56 114 24 63 11 97 38 36 42 120 100
114 63 45 2 97 24 42
67 36 71 90 23
70 29 55 2 41 97 36 57
70 114 45 2 97 36 90 24 42 120
114 63 11 2 38 90 24 42 120 100
13 56 63 45 36 94 90 42 120 100
70 55 110 2 97 24 66 102 57
114 94 2 42 120 100
55 94 110 90 102 70 41 2 97 38 36
41 67 94 97 36 31 104 71 90
56 114 94 2 38 90 24 120 100
94 63 45 36 120
29 55 110 90 24 57 70 41 2 97 38 36
56 114 63 45 97 38 36 94 120 100
39 79 56 122 90 24 1 36 88 31 100
56 63 2 36 38 42
56 94 90 24 70 45 2 97 36 42 120 100
70 29 41 2 36 94 24 66 57
56 114 94 24 13 63 2 97 38 42 120 100
29 55 110 2 38 90 24 66 102
41 110 97 38 36 90 24 66 102 57
56 114 13 63 45 2 38 97 36 42 120 100
56 94 71 90 128 23 57 1 97 36 104
39 56 94 122 60 90 24 1 41 36 88 31
70 55 94 97 38 36 24 102
56 114 90 63 45 11 2 97 42 120 100
94 67 36 31 71 90 23 1
114 63 2 97 36 94 120
77 114 94 90 24 63 45 2 38 97 36 42 120
56 94 2 36 90 24 42 120 100
94 67 36 38 31 104 71 57 23
70 29 110 97 36 90 102
114 94 2 38 90 24 42 100
114 90 24 66 63 45 2 97 36 120 100
56 41 94 36 104 90 57
56 94 67 38 90 57 23 1
56 94 67 97 38 31 104 71 90
56 94 128 23 57 1 41 67 97 36 31
70 114 63 45 2 38 97 36 42 120
70 29 110 97 90 24 102 57
41 94 110 97 38 36 66 102 57
94 97 36 31 104 90 57 1
70 29 55 2 97 66 102
70 55 41 94 38 66 102
114 63 45 2 38 94 90 42
41 67 38 104 71 90 57 23
114 45 97 38 36 90 42 120
56 114 94 90 24 63 2 67 38 97 36 120
114 63 45 2 38 36 94 90 42 100
70 29 55 94 38 90 24 66 102 57
67 36 104 90 128 57
56 114 94 45 97 42 120
56 94 67 38 104 57 1
70 29 55 41 36 94 24 102 57
13 56 94 45 2 38 36 24 42 120
56 94 63 2 97 36 24 42
114 94 90 63 45 2 88 38 36 120 100
56 114 63 2 36 88 94 24 42 120
39 79 56 122 41 36 88 90 24 1
114 63 45 97 90 42 120 100
114 94 2 36 38 90 24 100
70 55 2 36 90 102 57
114 94 24 13 63 2 97 38 36 42 120 100
57 56 41 67 94 97 71 128 1 23
70 41 110 2 38 97 36 24 66 102
56 94 67 104 71 90 128 23
70 29 55 36 90 24 66 102
29 94 24 66 102 57 70 41 2 36 38
56 114 94 90 63 45 2 88 38 36 120
56 94 90 24 63 45 2 67 38 36 120
94 67 97 36 104 128
70 55 110 2 38 90 66 57
70 41 94 2 97 38 36 90 66 57
67 36 31 104 71 57 23 1
56 94 67 36 38 31 104 71 128 57
56 41 97 38 31 104 36 128 23 57
56 63 2 97 38 24 42 120
56 94 90 128 23 57 1 41 67 36 38 31 104
70 29 41 110 2 97 94 102
114 94 90 66 63 45 2 38 97 42 120 100
70 29 36 38 90 66 102
41 94 36 38 104 90
41 67 97 38 90 1
29 94 110 90 24 66 102 57 70 41 11 2 38 97 36
56 114 94 63 11 2 38 97 36 42 120 100
114 94 45 38 24 120
56 63 11 2 97 36 24 42 120 100
56 90 24 63 45 2 88 38 97 42 120 100
56 71 90 128 1 41 67 97 36 31 104
41 94 97 36 31 104 90 57 1
41 67 94 36 38 31 71 128 57
29 55 110 90 24 66 57 41 2 36 38
56 114 94 90 24 13 63 45 36 38 42 120 100
56 94 67 97 38 31 104 90 23 1
56 94 63 2 97 120
57 56 41 67 97 36 128 1 23
114 94 2 36 38 42 120 100
56 67 97 38 104 71 90 57 23 1
70 55 41 110 97 36 94 66 102 57
70 41 97 90 24 66 57
57 41 67 94 97 38 90 128 1 23
114 45 2 38 90 120 100
55 110 36 38 90 24 66 102
70 94 2 36 90 24 102
45 2 38 97 36 24 42 100
56 71 90 128 23 1 41 67 97 36 104
56 41 67 94 38 31 71 57 23 1
70 56 114 63 45 36 24 42 120 100
114 63 97 90 42 120 100
29 55 110 90 24 66 102 57 41 36 38
70 55 94 110 97 66 57
39 56 41 122 94 36 88 90 24 100
94 2 97 36 90 24 66 102
56 94 67 97 104 71 90 1
114 97 36 24 42 120
56 45 38 90 24 120
56 114 94 90 24 13 45 2 38 97 36 120 100
56 114 94 90 70 63 45 2 38 36 120 100
55 41 110 2 38 94 90 66 102
94 45 2 97 36 24 42 120
56 63 2 97 36 90 24 42 66 120
114 94 45 2 97 36 24 120 100
94 67 97 36 31 104 71 128 57
56 94 90 24 13 63 2 38 42 120 100
70 41 94 97 38 36 90 102 57
56 94 67 38 31 104 128 57
56 41 94 36 31 90 57 23 1
70 55 41 38 66 102 57
94 97 36 90 24 42 120 100
70 29 55 110 2 38 36 66 102
13 114 63 45 56 38 36 42 120 100
70 29 55 90 24 66 102
56 41 67 36 38 31 104 57 23 1
56 114 45 97 36 42 120 100
56 114 63 2 97 38 42 100
29 55 2 41 38 97 90 24 66 102
29 90 24 66 102 57 70 41 2 36 38
56 2 97 24 120 100
36 38 90 24 66
70 29 55 2 41 38 97 66
70 29 55 38 24 102 57
114 63 45 2 36 94 24 120
56 94 67 97 36 31 90 23 1
114 63 45 2 38 24 42 120 100
56 94 67 97 38 104 71 128 23 1
94 97 38 36 24 66
70 29 55 97 38 36 102 57
70 29 41 110 2 38 97 90 24
41 94 36 31 104 90 57
29 55 110 41 38 97 94 66 102 57
29 94 110 97 36 24 66 102
56 114 94 97 38 120 100
114 63 94 97 36 90 120 100
41 36 38 104 71 90 128 57 1
56 114 63 2 97 94 90 42 120 100
63 45 2 38 24 42 120
114 90 24 63 45 36 88 38 42 120 100
29 55 41 36 38 24 66 102
94 63 2 97 38 90 24 100
45 2 36 90 120 100
70 29 55 41 36 38 90 102 57
70 55 110 2 97 36 90 66 102
55 94 110 90 24 66 57 70 2 97 36
70 55 94 2 97 38 36 102 57
94 71 90 23 1 41 67 97 38 31 104
29 55 110 94 90 24 66 57 70 2 38
70 114 63 94 36 38 24 42 120
5 94 67 36 38 104 90 1
56 63 36 38 90 120
41 67 94 97 31 104 71 90 57
41 67 97 38 31 104 71 90 23 1
94 67 97 36 31 104 128 23 1
56 94 24 63 45 97 88 38 36 42 120
29 55 94 90 24 66 57 70 41 97 36
70 55 94 110 2 97 90 24 102 57
70 29 94 110 97 38 90 24 66 57
94 67 97 38 90 120
56 94 24 13 45 2 97 36 42 120 100
29 55 110 2 38 24 66 102 57
57 56 36 38 31 104 90 128 1 23
56 114 94 90 24 86 45 2 38 97 36 42 120
70 29 55 2 97 38 36 90 102
56 97 38 36 104 71 90 23 1
29 55 110 94 66 102 41 2 97 38 36
70 94 110 97 38 66 102 57
70 56 114 63 45 97 36 24 120 100
56 41 67 94 36 31 57
56 63 2 97 38 36 24 42 120
56 94 24 63 11 2 97 36 42 120 100
56 41 67 94 31 104 71 90 57 23
70 41 110 2 38 97 90 24 66 57
56 94 63 2 36 90 24 120 100
70 94 110 38 90 24 102 57
56 41 67 36 31 104 71 90 1
114 20 90 24 63 45 2 38 36 42 120 100
70 29 2 97 24 102 57
41 94 97 38 104 71 90 128 23 57
13 56 63 45 36 38 94 24 42 120
94 67 11 97 38 36 104 90 23
70 29 94 2 90 24 66
56 114 94 90 24 86 45 2 36 42 120 100
29 55 110 97 38 36 94 66 102 57
114 63 45 2 38 97 90 42
70 110 38 90 24 102 57
41 94 97 38 36 104 71 90 1
70 94 2 97 38 36 90 66 120
94 110 90 24 66 102 57 70 41 97 38
56 41 67 36 104 71 90 128 23
56 114 90 24 70 2 36 38 42 120 100
56 94 97 38 36 90 24 42
94 67 97 38 31 71 36 128 23 57
70 55 41 110 97 38 36 94 90 102
56 114 94 90 24 70 63 45 2 36 120
56 114 94 24 63 45 2 67 38 36 120
56 94 128 57 41 67 97 38 31 104 36
39 56 94 60 90 24 1 41 36 88 100
70 41 2 97 38 24 66 102 57
70 41 94 110 2 38 97 36 90 66
114 63 97 38 36 90 24 42 120 100
56 94 20 90 24 63 45 97 38 36 42 120 100
56 90 63 2 97 88 38 36 42 120 100
70 29 41 36 38 24 102
67 104 71 90
114 63 45 2 36 90 24
114 63 45 2 36 90 42 120
29 55 110 94 90 24 70 41 2 97 38
29 94 110 90 24 66 102 57 70 11 2 38 97 36
55 41 110 2 97 36 94 66 102
70 55 94 110 2 90 24 102 57
56 114 94 2 97 38 24 42
56 94 2 36 24 42 120 100
56 114 94 24 66 63 45 36 38 120 100
70 29 110 97 38 66 57
29 55 94 24 102 57 70 41 2 97 36
70 29 55 2 41 38 97 36 94 66
114 63 45 97 38 36 94 42 100
56 114 63 97 120 100
94 45 97 38 36 24 42 120
41 67 36 90
56 114 94 2 36 38 90 42 120
39 56 94 122 24 1 41 97 88 31 36
41 94 38 104 71 90 23
94 67 97 36 31 71 128 57 1
29 55 41 94 38 90 24 66 102
70 29 55 2 41 97 66
70 29 94 110 2 38 36 102 57
29 55 94 36 38 90 24 66 57
56 94 90 128 23 57 1 41 67 97 38 31 36
56 114 94 90 24 63 45 2 97 36 42
56 41 67 94 36 104 90 128 1
56 94 71 90 128 57 41 67 36 38 9 31 104
70 2 38 120
41 97 38 31 104 71 90 128 57 1
114 94 90 24 70 63 45 38 42 120 100
56 114 20 94 24 63 2 97 38 36 42 120 100
56 94 71 90 128 57 1 41 97 38 31 36
70 29 94 110 2 66 102 57
56 90 24 66 45 2 38 97 36 42 120
70 29 94 110 2 97 90 24 102 57
56 63 45 2 42 120 100
56 90 66 63 2 97 38 36 42 120 100
56 114 45 90 24 120 100
56 94 24 70 45 2 38 97 42 120 100
70 29 41 97 36 90 24 66
70 29 55 2 36 38 24 57
56 94 90 128 57 1 41 97 38 31 104
70 55 41 110 2 38 97 36 94
56 114 94 90 24 13 63 45 2 97 42 120 100
39 79 56 122 94 24 1 41 97 88 36
56 94 67 36 31 104 71 90 128 23
70 29 55 41 97 94 90 24 102
67 36 38 31 104 71 90 57 23
36 38 104 90 57
94 63 97 36 120 100
57 56 67 36 128 1 23
56 94 71 24 90 63 45 2 38 97 36 42 120
56 114 63 45 97 38 36 90 120
41 67 94 36 104 71 90 57
29 41 2 97 36 24 66 102 57
56 94 71 90 23 1 41 67 97 38 31 36
56 67 97 38 31 36 90 57
56 41 94 36 31 104 71 90 128 23
114 45 2 38 36 90 24 42 120
56 114 94 90 70 63 45 36 42 120 100
41 67 94 97 38 36 104 71 57 1
70 55 41 2 36 38 90 66 102
41 36 38 104 1
114 63 45 2 97 94 24 100
56 63 45 2 38 36 42 120 100
94 63 2 97 42 120
56 41 38 31 104 71 90 57 23 1
70 55 41 2 97 36 90 24 102 57
29 94 110 24 66 102 57 70 41 11 2 38 97 36
114 63 36 38 90 24 42 120
57 94 67 97 104 128 1 23
114 63 45 36 38 90 42 120
56 114 45 2 38 36 24 100
70 2 97 38 90 66
67 97 38 36 104 71 90 57
56 94 20 90 24 63 2 36 38 42 120 100
114 94 2 97 36 90 24 42 120 100
70 55 94 2 36 38 24 57
56 45 2 38 24 42 120
94 97 38 36 120
55 41 110 2 36 90 66 102 57
16 29 110 94 90 24 66 102 57 70 41 2 97 38
56 114 94 63 11 2 38 97 36 42 120
57 56 94 36 104 128 1 23
56 114 94 90 24 63 2 38 42 120 100
56 41 67 36 38 31 71 90 57 1
56 114 90 13 63 45 97 38 36 42 120 100
70 55 94 110 2 38 97 90 24 102
94 110 97 38 36 90 24 66 102
70 94 36 38 90 24 120
56 94 2 97 38 36 90 24 100
56 114 94 63 45 11 2 38 97 36 120 100
70 29 94 2 97 38 36 24 66 102
56 94 90 24 63 45 2 88 97 42 120
56 114 63 45 2 97 36 24 42
70 29 110 36 24 66
56 114 63 94 97 36 42 120 100
45 2 38 36 24 42 120
57 97 38 36 104 71 128 1 23
56 114 94 90 24 70 45 97 38 42 120
56 114 94 90 24 63 45 97 88 38 36 42 120
13 114 63 45 2 56 38 24 42 120
94 97 38 36 24 120 100
56 94 67 38 104 71 90 128 23 57
114 63 2 36 94 42 120
29 94 110 90 24 102 57 70 97 38 36
56 94 63 97 38 36 24 120 100
70 29 55 110 41 97 94 90 57
56 114 94 36 38 90 24 120
56 41 67 36 38 128 23 57
6 94 97 90
56 94 71 90 128 57 41 67 97 38 31 104
70 94 110 36 38 90 66 57
114 94 24 13 2 97 38 36 42 120 100
114 94 90 24 70 45 2 38 97 36 42 120 100
63 2 90 24 120 100
110 2 38 97 36 90 66 57
70 29 55 2 41 94 66 102
70 29 55 110 2 97 66 102
70 114 63 97 38 36 90 24 42 120
56 94 45 97 24 120 100
94 97 88 36 24
70 29 55 110 41 38 97 90 24 102
56 94 97 36 42 120 100
114 63 97 38 36 90 24 120 100
56 114 36 38 24 120
70 29 55 110 97 38 90 102
29 55 2 41 36 90 24 102 57
70 29 55 2 97 36 94 24 57
56 114 2 38 90 120 100
70 29 41 110 2 36 90 102 57
114 63 11 2 97 36 90 24 42 120
56 114 63 94 97 36 90 42
41 67 97 36
94 97 36 9 90 57
56 114 63 45 2 38 36 94 42 120
70 97 36 24 120
56 114 20 94 24 63 45 2 38 97 42 120 100
70 29 110 2 38 90 102
70 55 41 110 97 36 94 90 24 66
29 55 110 2 41 38 90 66 102 57
70 29 110 2 97 36 90 102 57
94 90 24 13 63 45 36 38 42 120 100
29 94 110 90 24 66 102 57 70 2 97 38
70 29 41 110 36 38 94 24 102
56 94 67 104 90 128 23 1
56 67 97 36 104 90 57 23 1
70 97 38 36 90 24 66 102 57
13 114 63 2 56 38 36 24 42 120
29 55 94 90 24 66 102 57 70 97 38 36
56 94 90 24 86 45 63 2 38 36 120 100
97 88 38 36
70 29 41 97 38 90 24 66 102 57
70 2 38 90 24 66 120
90 24 63 45 2 88 97 36 42 120 100
56 63 38 42 120
55 94 110 24 66 102 41 2 97 38 36
94 63 45 2 36 120
29 110 90 66 102 57 70 41 2 97 38 36 120
70 29 41 110 36 90 102
36 38 104 71 90 57
114 63 45 2 97 94 90 24 100
56 94 71 128 57 67 97 38 31 104 36
56 114 94 45 2 97 36 90 24
94 90 24 70 63 45 2 97 42 120 100
56 41 97 38 31 104 36 90 57 23
41 67 36 31 104 71 57 23
41 36 38 31 104 71 128 57 1
5 94 97 36 90
29 55 110 90 24 66 102 57 70 2 38
56 114 63 45 2 88 36 90 42 120
56 71 90 128 23 57 1 67 38 31 104
56 94 90 24 66 63 45 2 97 36 42 120 100
70 29 41 110 2 38 36 66
56 114 63 94 36 38 24 42 120 100
56 94 67 97 36 31 104 71 128 23
56 94 67 104 71 128 57
114 45 97 38 36 24 42 120 100
29 94 110 90 66 102 57 70 41 36 38
56 45 38 42 120 100
70 29 94 110 36 24 66 102 57
114 63 45 2 38 90 42 120
56 67 36 71 90 128 57
114 94 90 24 70 63 2 97 38 120 100
70 29 41 2 36 66 102 57
63 45 2 36 120 100
29 55 110 66 102 57 70 41 97 38 36
29 94 90 24 66 57 70 2 97 38 36
70 29 94 2 36 38 90 66 57
56 45 2 38 36 90 24 42 120
114 94 24 13 45 2 97 36 42 120 100
56 114 63 45 90 42 120 100
70 29 94 110 97 90 24 66 102 57
56 94 2 97 38 36 90 24
70 29 94 110 36 90 66 102 57
70 29 110 97 24 66 102
56 114 94 97 90 24 120 100
5 94 67 36 38 71 90
56 114 63 45 36 38 24 42
56 63 2 36 38 120
94 63 2 90 24 42 120 100
56 94 90 66 63 45 2 38 36 42 120
39 79 94 122 36 88 24
94 67 97 38 31 71 36 128 57
13 56 63 45 2 36 90 42 120
114 63 38 90 24 42 100
41 67 97 38 31 104 71 36 128 1
56 114 63 94 97 36 24 120 100
70 56 63 45 97 38 90 24 42 120
56 114 94 90 24 66 45 2 97 36 120 100
70 55 110 2 38 97 36 24 102 57
114 63 2 36 24 42
70 41 110 38 90 102 57
70 41 94 2 36 38 102 57
70 29 94 2 36 24 102
56 114 90 24 70 63 45 2 97 36 120
94 97 38 36 71 120
70 41 94 2 36 66 102
56 114 63 45 36 24 120 100
29 55 110 94 90 66 102 57 70 41 2 36 38 9
67 97 38 31 104 71 36 128 57
70 41 110 97 36 24 66 102
11 2 36 90 24 120
57 56 41 67 94 31 104 128 1 23
56 114 94 24 63 2 67 97 36 42 120 100
56 41 94 97 36 31 90 128 57
94 63 11 2 97 36 24 42 120 100
56 67 97 38 31 104 71 36 128 23
70 55 97 36 90 24 66 57
56 114 45 97 36 24 120
36 38 24 66 120
56 114 63 94 97 38 42 120 100
56 114 63 94 97 38 24 120 100
94 67 97 36 104 90
56 114 20 94 90 24 63 2 36 38 42 120
56 114 94 90 24 45 11 2 97 36 42 120
94 63 45 2 36 90 100
79 94 67 36 88 38
70 55 41 2 94 38 90 66
70 55 110 2 97 66 57
56 41 67 94 36 71 128 57
45 97 38 90 42 120
70 29 94 97 90 66 57
56 114 24 66 63 2 97 36 42 120 100
67 36 31 104 71 128 57 1
79 94 36 88 104 90 23
41 67 94 36 104 23 1
114 90 24 66 63 45 2 38 97 36 120
110 90 24 102 57 70 41 2 97 38 36
56 94 36 38 104 71 90 128 57 1
41 67 36 88 104 90 23 1
70 55 41 110 2 38 97 36 24 90
56 94 63 38 90 24 42 100
70 29 55 41 94 90 24 66 102
56 94 71 90 128 57 41 67 97 38 36
56 94 90 66 63 45 2 38 97 42 120 100
56 114 94 45 2 36 24 120 100
56 41 94 36 104 128 23 57
56 114 63 45 38 90 42
29 55 97 38 36 90 66 102 57
94 97 38 90 24 66
94 63 36 38 90 24 42 66 120 100
56 36 31 104 71 128 57 1
70 29 55 41 36 90 24 66 102
70 29 94 110 2 38 36 102
56 94 36 38 104 90 57 23
70 114 63 45 2 36 94 42 120
56 41 67 94 97 36 31 71 90
70 55 110 2 97 90 24 102 57
56 114 63 45 97 38 36 90 42 120
70 55 41 110 2 97 36 90 24
56 114 90 24 42 120
56 41 97 38 31 104 71 36 23 1
70 29 41 97 38 36 66
41 94 97 38 36 104 71 90 23 1
70 29 41 2 97 38 36 90 102
56 41 97 38 31 104 71 36 90 128
70 29 55 110 2 38 94 90 66 57
70 2 36 38 90 66 102
94 67 97 104 23 1
56 41 94 36 38 31 71 90 128 57
56 67 97 36 104 90 23
114 2 97 38 24 42 120
39 56 94 122 60 90 1 97 88 36 100
5 94 11 36 38 90
13 114 63 2 56 97 36 94 24 120
29 55 2 97 36 94 90 66 102
56 114 94 90 24 70 63 2 97 36 42 100
41 67 38 31 104 71 128 23 57
29 94 110 90 24 66 102 57 70 97 38 36
114 94 45 2 97 36 90 24 42 100
114 94 63 45 2 88 38 36 42 120 100
114 90 24 13 63 45 2 97 36 42 120
70 29 41 94 97 38 90 24 102 57
56 67 97 38 31 36 90 57 23
70 29 55 2 41 38 36 94 90
94 63 45 2 36 42 120
56 67 36 38 90 57 23 1
56 41 67 94 97 36 90 1
13 114 63 45 2 56 36 90 42 120
56 41 67 94 36 31 104 57 23 1
56 114 24 13 45 2 38 97 42 120 100
41 97 88 38 104 36 90 23
70 29 55 110 2 36 94 66 102
114 97 38 90 42 120
56 114 94 90 24 66 63 45 2 97 36 42 120 100
56 114 63 36 38 90 42 100
41 67 94 36 31 104 71 23 1
56 41 67 94 36 31 128 57 1
56 94 90 128 41 67 97 38 31 104 36
56 94 71 57 23 1 41 67 36 31 104
41 94 97 38 31 104 90 57 1
56 94 67 97 38 31 36 128 23
55 41 97 38 36 24 66 102 57
94 45 97 38 36 42 120 100
114 63 45 94 24 42 120
56 67 36 128 57 1
56 67 97 36 104 71 128 23 1
57 56 41 36 38 31 104 128 1 23
70 29 41 38 24 66 102 57
70 56 94 2 36 38 90 42 120 100
70 94 110 97 36 24 66 102 57
57 94 36 38 104 71 128 1 23
70 94 2 97 36 24 120
114 63 45 97 36 94 42
39 79 94 122 60 90 1 41 97 88 31 36 100
29 55 110 94 66 102 57 41 2 36 38
70 41 94 110 2 38 97 90 102 57
114 94 24 63 45 2 67 38 36 42 120 100
56 114 94 90 24 70 63 2 97 38 36 120
41 67 38 31 104 90 128 23 1
94 36 104 71 23
29 94 110 2 38 97 36 24 66 90
70 114 63 45 97 36 90 24 42 120
56 114 90 24 70 63 97 38 36 42 120 100
67 36 31 104 90 57 23 1
56 114 63 45 2 38 24 100
56 94 36 38 90 128 57 1
70 29 55 97 38 36 24 66
56 114 94 2 97 38 90 24 42 120
70 55 110 97 90 24 66 102
70 29 41 110 97 36 94 57
56 114 94 90 24 45 2 88 38 42 120
94 2 97 36 24 120 100
56 67 97 31 104 57 23 1
56 63 45 36 38 90 120 100
70 94 97 90 24 66 102 57
41 94 97 38 36 104 90 128 23 57
70 55 41 2 36 38 94 90 66
56 94 67 36 38 31 128 23 57
114 2 97 38 90 24 120 100
70 29 55 110 2 97 24 66 102 57
70 55 2 36 38 24 57
56 114 63 45 36 88 24 42 120 100
94 71 90 57 23 1 67 97 38 31 36
29 94 110 36 38 24 66 57
56 94 71 90 128 23 41 67 97 31 104
29 55 110 94 90 24 66 102 70 2 97 38
94 67 97 38 36 71 57 23
114 90 24 70 63 2 97 38 36 120 100
70 29 55 110 36 94 90 24
70 55 97 38 36 90 24 66
94 67 97 38 31 104 71 36 23 1
41 67 94 97 38 36 104 90
13 114 63 45 2 56 36 24 120
90 128 23 57 1 41 67 97 36 31 104
56 90 24 66 63 45 2 38 42 120 100
41 97 38 36
39 79 94 122 36 88 31 90
56 94 90 24 13 63 45 36 42 120 100
56 20 90 24 63 45 2 38 36 42 120
114 97 36 90 42 120 100
29 41 110 97 38 94 66 102 57
29 55 110 94 90 24 66 57 70 41 2 38
56 94 90 70 63 45 2 36 42 120 100
94 36 31 104 71 90 57 23 1
56 41 67 94 104 71 90 23 1
70 41 36 90 24 66
71 90 128 23 57 1 67 36 38 31 104
56 41 94 97 36 9 31 90 1
70 41 94 36 90 24 66 102 57
70 55 94 110 90 66 102 57
56 114 94 90 24 66 45 2 38 42 120 100
56 114 94 24 45 97 88 38 36 42 120 100
56 114 94 24 66 63 45 2 38 97 36 42 120 100
29 55 110 41 38 36 90 66 57
41 67 97 38 36 104 57
56 71 90 128 57 1 41 67 97 36 104
56 114 63 45 38 90 42 120
56 67 36 38 104 71 90 23 1
56 94 90 24 63 11 2 38 36 42 120 100
70 41 110 97 90 66 57
56 114 94 90 24 63 45 11 42 120 100
56 114 90 24 63 45 11 2 38 36 42 120
70 29 94 2 97 38 24
70 56 63 45 2 36 90 24 120 100
5 97 38 36
29 55 110 2 38 97 36 94 90 57
70 41 97 38 36 90 24 66 102
114 45 97 38 90 42 120
29 55 110 97 38 94 90 24 66 102
94 45 2 38 36 24 42
70 29 41 94 97 38 36 57
70 97 38 36 24 66 120
70 55 41 2 36 38 24 66
56 41 67 104 90 128 57
70 29 55 41 94 38 24 66 57
67 36 31 104 71 57
70 29 55 110 2 41 97 90 66
56 114 94 2 97 38 90 24 42 100
70 29 55 110 41 38 90 102 57
56 45 36 38 24 42 120
114 63 45 2 24 120 100
56 94 97 36 31 104 128 57 1
56 41 67 94 36 31 128 23 1
70 29 41 110 94 90 24 66 57
56 67 36 38 104 71 90
56 114 90 24 66 63 45 97 38 36 42 120 100
56 114 94 45 2 36 24
56 94 71 90 128 23 57 1 41 97 104
94 90 66 102 57 70 41 2 97 38 36
56 94 90 24 63 97 88 38 36 42 120 100
70 94 45 2 97 36 24 42 120 100
56 94 67 36 38 90 23 1
70 55 41 110 97 94 90 66 102
56 114 63 2 36 120 100
41 94 97 38 36 104 90 23 1
56 67 97 36 104 71 128 57 1
56 71 90 128 23 57 1 41 67 97 38 31 36
56 114 94 24 70 63 36 38 42 120 100
29 55 110 90 24 66 102 57 70 6 2 97 36
114 90 24 13 63 45 2 36 42 120 100
56 94 63 97 38 36 90 24 42
114 94 90 70 63 45 97 36 42 120 100
70 41 94 110 38 66 102
63 45 24 120 100
5 94 36 38 90 57
70 29 41 110 2 38 97 94 66
56 94 71 90 128 57 1 41 67 97 36
70 29 41 110 2 94 90 24 102
29 94 110 90 24 66 57 70 2 97 38 9 36
94 67 36 31 104 90 128 23 57
56 41 67 36 38 71 90 57 23 1
56 45 2 97 36 24 120
70 55 110 97 36 24 102 57
56 114 63 2 36 94 90 42 66 120
94 67 36 38 31 104 128
56 114 45 97 38 36 90 24 120 100
63 45 2 38 36 24 42 120
114 63 38 42 120
70 55 41 110 97 36 90 66 57
56 94 67 97 31 104 71 128 57 1
56 71 90 57 23 1 41 97 38 31 104 36
56 114 94 24 13 63 2 97 38 36 120 100
56 63 45 36 90 42 120 100
56 41 67 94 36 38 31 71 128 1
41 67 97 36 31 104 57 23
56 114 90 13 63 45 97 38 36 120 100
36 90 120
55 94 2 97 38 36 24 66 102 57
56 41 94 97 36 31 104 128 57
114 94 90 24 70 45 2 38 97 42 120
56 114 94 90 70 63 45 2 38 97 36 42 120
56 63 45 2 97 90 24 100
56 2 97 90 24 120
36 90 24 120 100
56 114 94 24 63 45 2 38 36 120 100
70 41 94 2 36 24 66 102
56 63 45 97 36 42 120 100
56 97 36 90 42 120 100
41 67 36 31 104 71 90 128 23 57
56 94 63 38 42 120
56 90 24 13 45 2 97 36 42 120 100
56 24 63 45 97 88 38 36 42 120 100
56 94 71 90 57 23 1 41 67 36 104
70 29 41 110 2 90 24 57
70 29 55 41 36 38 94 24 102
63 45 97 38 90 120 100
2 36 38 120 100
70 29 41 2 36 38 94 90 102 57
114 63 45 2 38 36 90
94 63 2 97 38 36 90 120
56 114 94 24 63 11 97 38 36 42 120
94 63 45 2 24 120 100
56 114 45 2 38 90 24 42 120 100
56 94 24 63 45 11 2 97 36 120 100
56 41 94 97 38 36 104 90 128 23
70 55 41 110 2 97 94 90 24 57
56 67 97 36 104 71 57 23
56 94 67 97 38 36 71 90
67 11 36 104 90
41 67 94 36 90 128 57 1
36 38 104 90 128 57 1
41 67 94 97 36 104 71 90 57 23
56 114 94 2 97 38 36 90 24 100
94 71 90 128 23 57 1 41 97 36 104
56 71 90 128 23 41 97 38 31 104 36
56 94 67 97 36 31 104 71 128 1
70 29 41 2 36 94 24 57
29 94 90 24 66 102 57 70 41 97 38 36
70 29 55 110 36 94 66 102 57
94 71 90 128 57 1 41 97 38 36 104
70 41 94 110 2 90 24 66
29 55 110 94 90 24 66 70 41 2 97 36
29 94 2 38 90 24 66 102 57
70 55 94 36 38 90 66 57
94 67 36 104 71 90 57 1
39 41 122 94 36 88 90 24 1
29 55 110 90 24 66 102 70 2 97 36
70 55 97 38 36 90 66 102 57
94 45 2 38 97 90 120 100
56 94 63 45 2 38 90 42
55 2 97 36 90 24 66 102 57
56 94 63 2 38 90 42 120
79 94 67 97 88 38 36
56 94 63 45 2 90 24 120
70 55 41 110 36 66 57
70 29 55 110 2 38 66 102 57
70 29 55 97 36 24 66
70 29 94 110 2 97 36 24 57
114 63 45 38 90 24 42 100
67 97 38 36 104 57 23
56 41 67 97 31 104 71 90 57
56 114 63 2 94 38 24 100
56 94 67 97 36 90 57
70 55 41 110 2 36 94 90 66 102
56 41 67 94 36 31 90 57 1
70 29 55 41 38 90 24 102 57
70 94 63 2 36 90 24 42 120
56 114 63 97 38 36 24 42 120 100
56 114 90 24 13 45 2 36 42 120 100
94 63 2 36 24 42
29 55 110 2 90 24 66 102 57
70 41 94 97 38 36 24 66 102
56 94 67 36 128 23 57
56 94 90 70 63 97 38 36 42 120 100
70 2 97 38 36 90 102 57
56 114 63 2 90 24 42 100
5 94 67 97 38 36 104 71 90 1
56 41 67 36 38 104 71 128 1
56 63 97 36 24 42 120
55 41 94 36 38 90 24 66 57
29 94 110 36 38 90 66 102 57
70 29 55 110 97 36 90 24 102 57
70 94 2 38 90 24 102 57
56 67 38 104 71 57 1
56 94 71 128 23 41 67 97 38 31 104
70 29 55 110 2 41 97 36 102 57
56 114 94 24 63 2 97 38 36 42 120
6 97 36 90 120
56 41 67 97 38 36 104
41 67 94 97 38 104 71 23
57 56 36 104 71 90 128 1 23
56 114 63 45 2 36 94 24 42 100
94 63 45 97 38 36 90 42 120
29 55 110 24 66 102 70 2 97 38 36
56 114 63 45 94 38 24 120 100
70 29 110 97 38 36 90 66
70 29 2 97 36 24 102
56 67 97 31 104 71 90 57
56 41 94 97 36 31 90 128 23 57
56 94 90 24 70 2 97 38 36 120 100
41 67 94 97 36 31 90 128 23 57
36 104 90
70 55 41 110 2 36 94 102 57
56 114 63 94 38 90 24 42 120
70 41 94 97 36 90 24 66 57
57 41 67 36 38 31 71 128 1 23
94 63 45 38 24 120
114 94 90 24 63 45 11 2 38 97 36 120
70 94 36
41 67 94 97 38 31 104 36 57 1
39 79 56 122 94 60 24 1 97 88 36 100
29 55 110 94 66 102 57 70 2 97 36
70 55 41 110 38 66 102 57
114 97 90 24 42 120 100
70 55 41 110 97 94 66 102
29 55 110 94 24 66 102 57 70 41 2 97 36 9
56 90 63 45 97 88 38 36 42 120 100
70 97 36 90 66
56 41 67 94 97 38 104 90 57 1
94 71 90 128 23 57 41 67 36 31 104
56 94 67 36 38 90 57
70 41 94 110 2 36 66 102 57
56 41 67 94 97 104 71 90 128 23
70 29 55 110 2 41 38 36 24
70 110 97 38 24 102 57
29 55 110 2 38 24 66 57
41 67 97 38 104 71 90 57 23 1
56 114 63 2 97 94 42 120 100
94 63 45 2 38 36 90 24 42 120
41 94 110 2 38 97 24 66 102 57
70 94 110 97 38 90 24 66 102
70 41 97 38 36 90 102 57
70 41 94 110 97 36 24 66
70 2 36 90 24 66 102
94 67 97 36 104 71 90 57 1
56 94 67 36 38 31 104 71 90
94 90 24 70 45 2 38 97 36 42 120 100
56 41 67 94 36 71 1
70 55 41 2 97 38 36 90 24 102
56 114 63 94 36 38 90 120 100
56 94 63 45 11 97 36 24 42 120
41 67 97 38 36 23 1
114 45 38 90 24 120 100
56 94 67 97 36 71 90 120
56 45 36 38 24 42 120 100
70 110 2 38 66 102
56 94 128 23 57 1 41 36 38 31 104
70 55 94 110 2 24 57
56 67 38 31 104 90 57 23 1
70 110 90 24 66 57
56 114 45 2 38 97 36 90
57 56 41 97 104 90 128 1 23
94 67 36 31
29 55 90 24 66 102 57 70 2 97 36
5 56 94 67 97 36 90
56 41 67 36 38 104 128 23 1
29 55 110 97 36 94 24 66 57
94 67 97 38 36 71 90 128
56 94 90 128 23 57 1 6 67 41 97 38 31 104 36
70 29 55 110 97 90 24 102
56 94 36 88 38 90 120
13 114 63 2 56 38 36 90 24 120
56 67 36 38 71 128 57 1
56 94 67 97 71 90 128 23 57
114 94 90 24 66 63 2 36 38 42 120
70 94 110 97 24 66 102
29 94 110 90 24 66 57 70 41 2 97 38 36
57 94 67 36 128 1 23
56 41 67 36 38 31 104 71 90 1
56 67 97 104 71 90 57 23
56 94 90 63 45 11 38 97 36 42 120
70 29 41 97 36 90 66
56 94 90 24 70 63 45 2 36 42 120 100
45 2 97 90 42 120
2 36 38 90 24 42
56 94 63 45 2 38 97 120
70 41 94 2 97 38 90 24 102
29 55 110 94 90 24 57 70 41 36 38
56 114 63 45 97 38 24 42
70 41 110 36 38 66 102 57
56 114 63 36 38 90 24 42 66 120
57 41 97 38 31 104 90 128 1 23
70 29 55 110 2 41 36 90 66
70 41 110 2 38 36 24 102 57
56 94 97 104 90 57 23
56 41 67 97 36 90 57
56 63 45 2 97 24 120 100
57 67 104 90 128 1 23
45 2 38 36 90 24 42
56 94 90 24 63 45 2 67 38 97 42 120
29 55 110 2 41 38 97 24 66 36
13 114 63 45 56 38 36 90 42 120
13 114 63 45 56 36 24 42 120 100
67 97 88 38 36 90
94 63 45 11 2 97 36 24 42 120
70 29 41 110 36 94 90 24 102
56 94 63 2 36 38 90 42 66 120
56 67 38 31 104 90 128 57 1
56 94 67 36 104 71 128 1
114 63 45 36 90 120
57 56 41 36 31 104 128 1 23
41 67 94 36 38 104 71 57 23 1
41 67 97 38 31 104 71 36 57
70 29 55 110 97 38 36 90 24 102
56 67 97 36 31 104 57 23
29 55 110 2 97 36 94 90 66
70 29 55 110 2 97 36 94 66 102
56 114 94 24 66 63 45 2 38 36 120 100
97 36 104 71 90 23 1
56 94 63 36 90 24 100
56 67 36 31 104 71 90 128 23 1
29 41 110 2 38 90 24 102 57
56 41 94 97 38 31 104 71 57 23
94 71 90 57 1 41 67 97 36 31 104
56 114 63 45 36 38 94 90 120 100
57 56 41 94 97 104 90 128 1 23
56 24 63 45 11 2 97 36 42 120 100
67 97 36 71 90 57
56 114 24 70 45 2 38 97 42 120 100
29 55 110 94 24 66 57 70 2 36 38
29 55 94 90 24 66 102 57 70 2 36 9
56 114 63 2 97 38 36 24 42 120
114 63 45 2 97 36 94 42
70 94 110 2 38 97 90 66
67 97 38 71 90
114 63 45 94 38 90 24 100
56 114 94 24 70 63 45 2 38 97 36 42 100
56 41 94 36 31 104 128 23 57
97 38 36 42 120 100
13 56 63 45 2 97 36 90 42 120
114 94 45 36 42 120
29 55 110 94 90 24 66 57 70 41 2 97 38 36
56 94 36 38 31 104 128 57
70 29 55 110 41 38 94 66 57
41 67 97 38 36 90 23
55 41 2 94 38 90 24 66 102
94 36 24 66 120
94 63 97 38 90 24 120
29 94 90 66 102 57 70 41 97 38 36
70 114 63 97 38 36 24 42 120 100
16 29 110 55 94 90 66 102 57 70 2 36 38
56 63 2 36 38 120 100
29 55 110 94 24 66 102 70 41 2 36
56 41 67 94 97 36 31 104 57
57 94 36 38 104 71 90 128 1 23
56 94 63 45 2 38 42 120 100
70 41 94 110 97 90 24 66 102 57
70 110 36 38 90 24 66 57
70 94 110 38 24 66
70 55 41 110 36 38 90 24 66
94 128 23 57 1 41 67 97 38 31 104 36
70 55 110 2 38 97 90 66 102 57
70 56 94 45 2 38 36 24 42 120
56 114 24 13 63 45 2 97 36 42 120 100
56 41 67 94 97 36 57 23 1
70 55 94 38 90 66 102
29 55 110 90 66 102 57 41 97 38 36
70 29 41 110 2 38 90 24 102 57
29 94 110 90 24 66 102 57 70 41 2 38 120
56 41 67 97 38 36 90 128
56 67 97 38 36 104 90
56 94 67 36 38 104 128 23
70 110 2 36 90 24 66
57 56 94 36 31 104 128 1 23
56 94 2 97 38 42 120
94 63 45 11 2 38 36 24 90 120
94 63 36 24 120
70 29 55 2 38 90 66 102 57
56 67 36 31 104 71 90 128 23
56 94 67 38 104 128 23 1
56 114 63 45 2 36 90 24
56 41 67 97 38 36 71 128 23 1
114 63 45 36 38 90 120 100
70 29 55 41 36 38 90 24
56 41 67 31 104 71 57 23
70 55 2 36 24 66 102
29 55 110 94 90 24 66 70 97 38 36
114 63 45 2 38 94 90 24 120 100
41 67 97 36 31 104 71 90 23 1
56 94 67 36 38 57 23 1
79 67 36 38 104 90 23
29 110 2 38 66 102 57
56 114 94 13 63 2 36 38 42 120 100
56 94 67 97 36 71 57 23 1
63 45 97 36 90 24 42 120 100
56 67 97 38 104 71 128 23 57
114 63 36 38 24 42 100
67 36 38 31 104 1
70 29 110 97 38 24 66
94 67 11 38 104 90 23
56 114 63 45 36 38 94 90 42
114 63 45 2 97 36 120 100
56 114 90 24 66 2 36 38 42 120 100
29 55 110 94 90 24 66 102 57 2 36
56 94 63 2 97 36 42 100
70 29 41 110 2 66 102 57
56 94 67 97 104 90 57 1
13 63 97 38 36 90 24 42 120 100
114 94 90 24 70 63 45 2 97 42 120 100
70 29 55 110 41 38 97 94 66 57
29 55 2 97 38 36 94 24 66 102
56 114 94 90 24 70 63 45 97 38 120 100
56 114 94 90 63 45 2 38 97 36 42 120
56 94 90 24 63 45 97 38 36 42 120 100
56 94 71 90 128 1 41 97 38 36 104
29 55 110 94 24 66 57 70 41 2 97 36
41 67 94 36 104 71 128 23
70 29 55 2 97 36 94 24 66
56 41 36 38 31 104 90 128 23
56 94 67 36 38 31 104 71 57 1
56 114 94 24 70 63 2 97 36 42 120
56 94 97 36 31 104 71 128 57 1
70 55 2 97 24 66 57
56 94 90 63 45 97 38 36 42 120 100
56 94 67 97 38 104 57
56 71 90 128 23 57 1 41 67 36 38
29 41 110 97 38 36 24 66 102
57 67 36 38 104 128 1 23
29 110 2 38 36 66 57
56 114 63 45 2 38 36 42 120
56 94 45 36 24 120
70 29 55 2 97 38 36 102
55 110 36 38 90 24 66 102 57
39 56 94 122 60 90 1 41 36 88 31 100
94 2 97 36 90 24
70 41 94 110 97 66 102 57
70 110 2 38 36 24 102
70 29 55 110 41 38 36 102
56 94 71 90 128 23 57 1 41 67 97 36 31 104
70 29 55 110 2 97 36 94 90 66
94 97 36 104 71 90 57
70 29 41 36 90 24 66 102 57
2 97 36 90 24 66
114 94 90 63 45 2 38 97 36 42 120 100
41 67 11 97 38 36 104 94 1
56 90 128 23 57 1 41 67 97 38 31 104 36
114 63 45 2 38 97 36 90 42 120
41 67 36 38 104 90 128
56 114 63 45 36 120
56 94 45 2 38 90 24 100
94 63 45 2 38 36 24 42
56 90 70 63 45 2 38 97 42 120 100
29 110 90 24 66 102 57 70 6 41 2 36 38
56 94 97 38 31 104 36 23 1
70 94 2 97 38 36 66 102
56 94 67 97 104 90 128 1
29 41 110 2 38 97 24 66 102
56 94 90 57 23 41 67 97 38 31 104 36
67 11 36 38 104
70 29 55 94 97 38 24 66 102
114 63 2 36 38 90 24 42
56 94 36 38 24 120 100
94 90 24 66 102 57 70 2 97 38 36
70 29 41 2 97 38 36 94 24 102
29 55 110 94 90 24 66 57 41 2 97 38 36
56 45 38 90 42 120 100
56 114 94 90 24 63 45 11 2 97 42 120
55 94 110 2 24 66 102 57
56 114 45 2 97 90 120
114 63 38 42 120 100
70 41 94 2 24 66 102 57
94 36 88 104 1
13 63 45 2 38 36 24 42 120 100
70 29 110 2 38 36 24 66
29 55 110 2 38 97 36 90 66 57
29 55 110 94 24 102 57 70 41 2 36
39 79 56 122 94 60 90 24 97 88 36
56 114 63 97 38 36 120 100
56 94 90 24 63 2 97 38 36 42 120 100
41 94 97 38 36 104 71 57 23
29 55 90 24 102 70 41 2 97 38 36
56 41 67 38 104 71 90 128 57 1
70 29 55 2 38 90 24 66 102
56 63 97 38 36 90 42 100
70 29 55 110 2 41 97 94 90 102
70 55 41 110 36 38 66
56 41 67 94 97 31 71 57 23 1
39 79 56 122 24 1 41 36 88 31 100
56 97 38 36 104 90 128 57
70 29 55 41 94 90 66 102
29 94 90 24 66 57 70 41 2 97 38 36
70 29 55 2 41 38 97 90 66 102
41 67 94 97 36 104 128 57 1
56 63 45 97 38 36 90 24 42 120
114 94 45 97 36 90 42 120 100
13 114 63 45 2 38 36 94 24 120
29 41 110 97 36 94 90 24 66 57
29 55 110 24 66 57 70 41 2 97 36
56 114 24 70 63 45 2 38 97 36 120 100
94 110 36 38 90 24 66 102
41 67 94 97 36 31 71 90 23 1
114 63 45 2 88 38 36 24 90 120
29 110 2 90 66 102 57
70 29 110 2 97 36 90 66 57
56 90 13 63 45 2 38 97 42 120 100
70 36 24
94 67 97 104 1
29 94 110 24 66 57 70 2 97 38 36
79 41 67 94 36 88
56 114 94 90 24 66 63 45 2 38 36 42 120
70 29 41 110 97 38 24 66 57
56 114 94 24 2 97 88 38 36 42 120 100
56 114 94 45 36 38 42 100
94 63 36 38 42 120 100
56 41 67 94 36 38 31 90 128 23
29 41 110 2 97 36 66 57
56 41 67 97 36 104 128 57 1
29 55 2 94 38 90 24 66 57
70 29 55 2 97 38 36 94 90 66
70 41 97 38 36 90 24 102
56 114 63 94 97 38 24 42 120 100
70 41 94 110 2 36 90 24 66 102
70 55 94 36 90 24 66 102 57
56 114 94 90 66 63 45 2 38 36 120 100
70 41 94 110 97 38 36 90 24 66
56 90 128 23 57 1 41 67 97 38 31 36
94 36 38 104 71 90 57 23
56 94 63 45 11 2 38 97 36 42 120 100
70 94 2 97 36 24 57
114 63 45 2 38 36 24 120 100
56 94 71 23 41 67 97 38 31 104 36
56 63 45 2 38 97 36 90
56 41 94 97 38 36 104 71 128
70 29 55 41 97 38 36 90 24 102
29 55 110 41 97 36 24 66 102 57
94 63 2 36 90 24 42 100
55 41 110 36 90 24 66 102 57
94 67 36 38 90 128 57 1
56 94 90 66 63 45 2 38 97 36 120
56 94 70 63 45 97 38 36 42 120 100
94 97 88 90 1
55 94 110 90 24 66 41 2 97 38 36
56 94 63 45 2 38 24 120
114 97 36 90 24 42 120
114 63 2 94 90 24 42 120
70 94 2 38 24 102 57
56 94 63 97 36 24 120
70 29 94 97 36 90 24 102 57
70 29 55 97 24 66 57
94 90 24 63 45 97 88 38 36 42 120
56 90 24 63 45 2 88 97 36 120 100
70 29 55 110 2 94 24 102 57
29 55 110 94 66 102 57 70 41 2 36 38 120
94 71 90 128 23 57 1 41 67 36 38 9 31 104
70 29 94 110 2 38 97 24
29 94 110 90 24 66 102 70 41 2 97 38
41 67 94 36 38 104 90 57 1
56 114 63 45 94 90 24 42
114 94 24 70 63 45 2 38 97 42 120
70 41 110 2 36 90 24 102 57
67 36 31 104 71 128 23 57
63 45 2 38 97 36 90 120 100
56 114 94 45 2 97 36 42 120
56 41 94 36 38 104 128 23 1
56 71 90 128 57 1 41 67 97 31 104
56 94 63 2 97 38 36 90 42
56 94 97 36 31 71 90 128 57 1
114 94 36 38 90 24 120
56 114 94 90 63 45 97 88 36 42 120 100
56 94 63 38 24 120
94 67 97 88 38 104 36 90 1
56 94 71 90 57 1 41 67 97 38 31 104
70 29 55 110 94 66 57
70 55 110 38 90 24 66 57
114 94 90 24 13 63 97 38 36 120 100
41 67 36 38 31 90 128 57 1
94 97 36 90 120 57
70 94 110 97 38 24 102 57
56 41 94 36 38 31 104 90 1
56 94 90 24 70 63 2 36 38 120 100
70 55 41 110 97 90 24 66 102
70 55 41 110 2 24 66 102
57 41 67 94 38 31 71 128 1 23
70 29 110 2 97 24 66 102 57
70 55 94 36 90 24 102 57
56 94 67 97 38 31 104 36 128 1
56 94 67 97 38 36 104 71 128 23
114 94 90 24 13 63 45 2 38 97 36 120
56 114 24 63 11 2 38 97 36 42 120
70 94 110 2 36 24 57
41 94 97 38 104 71 90 57 23
67 97 36 31 104 90 128 23
56 41 67 36 104 71 90 57 23
41 67 97 38 31 104 36 57 23
63 2 97 38 36 90 120 100
56 114 94 90 24 66 63 45 97 36 42 120 100
41 67 97 38 31 104 71 57 1
70 55 41 97 90 24 66 102 57
94 2 36 90 42 120
70 94 63 45 2 36 24 42 120
41 67 97 38 31 104 90 128 23 57
56 67 97 38 71 90 128 57 1
56 2 97 38 90 120
5 97 38 36 90
70 55 41 2 97 38 94 66 102 57
56 114 94 90 24 70 45 2 38 36 120
56 94 71 128 57 1 41 67 97 31 104
29 55 110 94 66 102 57 70 6 41 2 97 38 36
94 36 88 90
70 56 63 45 36 90 24 42 120
29 55 110 90 24 66 102 57 70 2 97 38 9
114 45 2 38 97 36 24 42 90 100
114 45 2 97 36 24 120
56 71 90 128 23 57 1 41 97 38 31 104 36
70 29 55 110 2 38 36 102 57
56 94 71 90 57 23 41 67 97 38 31 104
70 29 55 110 36 38 94 66 102 57
41 94 36 88 71 90 1
70 29 41 94 24 66 57
70 29 55 2 41 97 24 66 57
56 94 63 45 2 97 36 90
67 36 88 1
56 114 24 67 45 2 38 97 36 42 120 100
70 29 55 110 41 94 66 102 57
70 94 110 2 97 36 24 66
70 29 94 2 97 38 36 66 57
70 29 55 110 2 41 90 102
29 55 110 94 24 66 102 57 22 70 41 2 97 38 36
56 114 63 45 97 38 90 24 100
70 55 94 2 97 36 90 57
41 67 94 31 90 1
114 2 97 38 36 120 100
56 114 90 24 13 63 45 36 42 120 100
41 67 88 38 104 90 23
70 29 55 110 2 41 97 36 66 102
70 55 94 110 97 66 102 57
70 110 2 38 36 24 57
56 94 90 128 23 57 1 41 97 36 31
56 114 94 24 63 45 2 67 97 36 42 120
29 55 110 2 36 94 90 66 102
94 67 36 31 104 71 90
56 114 63 2 36 94 42
67 97 38 31 104 71 90 128 23 57
55 41 2 36 90 24 66 102 57
56 114 94 90 24 70 63 45 97 38 42 120 100
70 29 55 110 41 97 90 24 66
70 29 55 110 2 41 36 94 90
29 94 110 2 38 36 90 66 57
56 67 97 31 104 90 57 23 1
70 114 63 45 2 38 36 24 120 100
70 29 41 110 2 38 36 94 57
56 114 90 24 70 2 97 38 42 120 100
70 55 94 97 38 36 24 66 102
70 36 38 90 66 102 57
90 24 13 63 45 2 38 97 42 120 100
55 110 90 24 102 57 70 41 2 97 38
94 45 2 38 97 24 42 120 100
56 114 70 63 45 2 38 97 36 42 120
56 94 90 128 57 1 67 97 36 104 120
114 63 97 36 90 24 42 120 100
41 110 2 36 24 66 102 57
114 63 2 94 38 90 42 120
56 114 94 90 66 63 45 36 38 42 120
70 29 94 2 36 38 24 66 102
56 41 67 94 97 31 104 128 23
70 55 110 2 38 97 66 102 57
70 29 55 110 2 41 97 94 24
29 41 2 97 36 94 24 66 102
56 94 67 97 38 104 71 90 1
56 94 63 38 42 120 100
94 45 2 38 90 24 42 120 100
56 94 128 1 41 67 97 38 31 104 36
41 94 36 38 104
39 94 122 90 24 1 41 36 88 31 100
56 90 128 23 57 1 41 97 38 31 104 36
94 110 90 24 66 102 57 70 41 97 38 9 36
56 41 67 97 104 71 90 128 23 1
56 114 2 36 38 90 42 120
114 94 90 24 63 2 97 38 36 120 100
63 90 24 42 120
114 63 2 38 90 24 42 120
56 114 94 66 63 2 97 38 36 42 120
114 63 45 2 38 97 36 24 42 120
70 29 55 2 41 38 97 24 66
114 94 45 2 38 42 120
67 38 31 104 90 128 57
70 29 55 94 24 66 102 57
70 55 110 38 90 66 102 57
41 94 110 2 36 90 66 57
94 67 97 38 31 104 71 36 90
5 94 36 90
70 29 55 94 90 24 66
70 29 55 110 38 90 66 57
114 45 2 38 97 36 120
70 29 94 110 2 38 97 24 66 57
56 114 90 24 13 63 45 2 38 97 42 120
56 114 94 45 36 38 90 42
55 94 110 2 38 97 90 66 102 57
70 29 55 2 36 94 90 24 57
56 114 63 2 36 38 94 90 24 100
56 97 38 31 104 71 36 90 57 23
56 114 90 24 66 63 45 38 42 120 100
70 29 55 110 41 38 36 66 57
70 55 41 2 97 90 24 66 102 57
56 114 94 90 70 45 2 38 42 120 100
41 94 11 36 38 104 90 1
56 90 66 63 45 2 38 36 42 120 100
56 67 97 36 104 128 57
71 90 128 23 57 1 41 67 97 38 36
56 114 94 90 24 63 11 2 97 36 42 120
56 45 2 36 120
41 67 94 97 31 104 71 57 1
70 29 41 94 36 38 90 66
56 114 94 90 24 63 45 2 88 38 36 42 120
41 67 94 97 38 31 36 90 128 23
70 94 2 90 24
114 63 2 97 94 90 24 42
94 36 88 31 90 1
56 114 94 2 97 90 24 42 120 100
56 114 63 94 97 36 90 24 120
70 94 2 36 90 24 66 120
56 114 63 94 97 38 36 42 120 100
55 94 110 90 24 102 57 70 97 38 36
70 55 41 110 97 94 90 24 57
70 29 55 2 97 38 94 66 102
70 55 41 110 36 38 94 24 66 57
41 94 36 38 31 104 90 57 23
57 56 41 67 94 36 31 128 1 23
56 114 94 90 24 63 45 36 38 42 100
90 24 63 45 11 2 97 36 42 120 100
39 79 41 122 94 36 88 31 24
29 55 2 38 90 66 102 57
70 114 63 45 36 90 24 42 120 100
56 90 128 23 1 41 67 97 38 31 104 36
70 55 94 110 97 90 24 102 57
114 94 2 36 38 90 42
70 55 41 2 97 38 66 102
94 45 97 38 36 90 24 120
56 114 94 90 24 63 2 97 38 42 120 100
55 41 110 2 97 36 90 66 57
56 63 45 97 38 24 42 120
29 55 41 97 38 94 90 24 66 57
55 110 2 38 97 36 90 66 57
56 114 20 94 24 63 45 2 36 42 120
41 67 36 38 31 104 57 1
56 41 67 94 38 104 90 57 23 1
56 114 94 90 24 66 63 2 42 120 100
39 79 56 122 60 90 24 1 41 97 88 31 36 100
63 45 2 97 36 24 42
56 94 13 63 45 2 38 36 42 120 100
56 114 90 63 11 2 38 36 42 120 100
29 55 2 41 38 97 36 94 66 90
39 56 94 122 97 88 36 90 24 100
56 94 67 38 31 71 90 128 23 1
56 114 94 2 97 36 42 100
56 41 97 36 104 90 57 23 1
56 114 63 97 38 90 24 42 120 100
56 94 45 97 38 24 42 120 100
56 114 94 90 24 70 63 45 2 38 120 100
94 67
56 114 94 90 24 63 45 2 38 97 36 42 120
70 29 94 36 38 24 66 102
56 41 94 97 38 36 71 90 57 1
67 97 88 36 104
56 45 2 97 36 90 42 100
56 94 90 128 23 57 1 41 67 36 38 31
56 94 67 36 38 104 128 57
114 63 2 97 36 90 24 42
114 94 24 66 63 45 2 38 36 42 120 100
114 94 90 24 63 67 97 38 36 42 120 100
56 114 94 45 38 24 42 120 100
94 36 38 24 66
70 29 41 110 97 90 24 66
56 114 94 36 38 90 120 100
56 90 24 13 63 45 2 38 97 36 42 100
70 55 41 110 97 36 66 102
114 94 45 36 38 24 42 120
94 63 45 2 38 90 42 100
56 114 94 2 97 36 90 120 100
56 41 67 97 38 31 104 128 57 1
70 55 41 110 97 38 36 66
94 63 2 97 38 36 90 42 100
