56 114 90 24 13 45 2 38 36 120 100
67 97 88 36 104 90 23
41 67 94 36 104 71 128 1
70 55 110 2 97 36 90 102 57
70 55 2 36 38 24 66 102 57
114 2 90 24 42 120
63 45 2 97 90 42 120 100
56 114 94 90 24 63 45 2 38 36 42 120
56 114 90 24 70 63 45 2 38 42 120
70 29 55 2 36 38 90 57
56 94 71 90 128 23 41 67 97 36 104
56 97 38 31 104 71 36 128 23 1
114 63 45 36 90 24 42 100
29 55 94 90 24 102 57 70 41 2 97 38
56 114 94 24 45 2 88 38 97 36 120 100
41 67 38 31 104 71 90 57
70 29 55 110 2 41 97 94 24 90
94 2 24 66 120
70 29 55 110 2 41 97 24 66
56 71 90 128 23 41 67 97 38 31 104 36
56 114 94 45 2 36 24 42 66 120
94 63 2 36 90 24 120
114 63 97 38 36 120 100
55 41 2 97 36 94 90 24 66 57
56 114 90 24 2 36 88 38 42 120 100
41 67 94 88 104 90
70 55 41 110 2 97 90 24 66 102
70 2 97 24 66 102 57
57 67 97 38 104 71 128 1 23
70 29 94 110 97 90 66 102
57 41 94 97 38 31 36 128 1 23
56 41 94 97 38 36 90 57 23 1
70 55 41 110 97 24 102 57
70 55 2 97 38 24 66 102 57
29 55 94 36 90 66 102 57
94 67 97 38 36 104 71 90 57 1
56 114 94 90 70 45 2 38 97 36 120 100
56 94 67 97 38 36 57 23 1
79 94 67 97 88 38 104 36
70 114 63 94 36 38 90 24 42 120
29 55 110 41 38 97 36 90 66 102
56 41 67 36 104 128 23 57
56 41 67 36 31 71 128 23 57
41 67 38 104 57 23 1
41 94 36 88 104 23
56 45 97 36 42 120 100
29 55 110 94 90 24 102 57 70 97 36
41 94 36 9 90
29 55 110 36 94 24 66 102 57
56 114 63 45 97 38 36 24 42
57 56 41 67 94 38 31 128 1 23
70 41 94 2 36 38 90 24 102
57 56 94 38 104 71 90 128 1 23
56 94 128 57 41 67 97 38 31 104 36
56 67 97 38 31 104 71 128 23 1
114 94 45 2 38 36 90 120
29 41 94 97 38 36 90 66 57
41 36 38 90 57
56 114 94 90 24 63 45 2 88 38 36 42 100
13 56 63 45 36 38 94 90 24 120
70 29 41 110 2 38 97 24 66 57
56 114 94 45 2 38 90 42
56 90 24 63 2 97 38 36 42 120 100
56 114 63 45 11 36 24 42 120 100
70 41 110 97 90 66 102
56 41 67 94 97 38 36 90 128 23
70 55 41 2 94 38 66 57
114 90 24 63 45 2 38 97 36 42 100
29 41 110 2 90 66 102 57
94 67 97 38 36 104 90 1
70 55 41 110 2 36 90 66
70 29 55 110 2 41 24 102
56 94 36
39 56 41 122 36 88 60 24 100 1
56 114 90 70 63 2 97 38 42 120 100
13 114 63 45 2 56 36 90 120 100
56 94 71 90 128 23 1 67 97 36 31
56 114 94 90 24 45 2 88 38 36 120 100
114 94 2 97 90 24 120
70 55 94 110 97 36 24 66 102 57
29 55 110 94 90 24 102 57 70 41 38
56 114 94 24 63 11 2 38 97 36 42 120 100
94 90 24 63 45 11 97 36 42 120 100
70 29 2 97 38 36
56 63 45 36 38 24 120
56 41 67 94 31 90 57 23 1
41 94 36 104 57 23
94 2 97 38 90 24 42 120 100
56 67 36 38 31 104 90 128
29 55 110 2 41 38 97 36 66 102
56 114 94 2 97 38 24 120
56 94 90 24 63 2 97 88 38 42 120 100
94 67 97 38 36 104 71 128 23 1
41 67 94 97 36 104 71 90 57 23
56 41 94 97 36 31 104 57 23 1
29 55 110 2 36 94 90 24 66 57
56 114 94 2 36 38 120 100
56 63 2 36 38 24 42
56 94 63 45 2 36 42 66 120 100
114 63 45 2 36 94 90 24 120
56 41 67 94 36 38 31 71 90 23
41 67 97 104 71 90 128 23 57
114 2 24 42 120
56 71 90 128 23 57 1 41 67 97 38 36 104
56 41 67 94 38 31 104 128 23 57
56 114 63 45 94 90 120
56 94 67 38 104 71 57 1
70 94 110 97 36 24 66
56 94 67 97 31 104 90 128 23 1
94 2 97 38 90 24 120 100
94 45 36 38 90 24 120
70 55 2 36 38 66 102
56 114 94 24 70 63 45 97 38 36 120
70 41 2 97 38 90 24 66
114 63 45 97 36 94 24 100
41 67 11 97 38 36 104 94 1
56 94 90 128 23 57 1 67 36 31 104
56 114 90 24 66 45 2 38 36 42 120
56 63 45 2 38 36 90 42
56 114 94 24 67 45 2 97 36 42 120 100
94 45 2 38 97 36 90 42 100
70 29 94 2 36 24 66 57
70 41 110 2 38 24 102
41 67 36 104 90 23
56 114 45 2 38 97 36 90 42 120
39 79 56 122 94 60 90 24 1 41 97 88 36
56 94 90 24 13 63 45 2 97 36 42 120
56 94 63 45 11 2 97 36 42 120 100
56 94 63 97 36 24 120 100
114 45 38 90 24 42 120
97 38 31 104 71 36 128 57 1
56 67 36 90 57 1
114 63 97 38 36 90 120 100
70 55 94 2 36 24 102
41 67 94 36 88 38 90 1
70 29 41 2 97 94 66 57
56 94 90 24 13 45 2 97 36 120 100
70 41 94 2 97 36 90 66 102 57
70 29 55 2 41 36 24 66
41 67 36 38 31 104 71 90 1
94 45 2 38 36 90 24 42 100
29 55 110 94 90 24 66 57 41 2 36 38
70 41 94 110 2 97 36 90 24 66
114 63 94 36 90 24 42
55 94 110 90 24 66 102 57 41 2 36
56 41 67 36 90 57
55 41 110 97 36 94 90 24 66 57
41 97 38 36 104 71 90 1
56 94 63 45 97 36 90 24
114 94 90 24 63 11 2 38 42 120 100
70 29 2 97 24 102 57
70 29 55 110 2 38 94 90 102 57
56 114 94 2 90 24 120 100
29 55 2 36 38 90 24 102 57
41 110 2 38 97 36 24 66 90 57
56 63 2 97 24 120 100
70 29 55 41 97 38 24 66
56 41 67 94 97 36 104 1
56 36 90 42 120
114 90 24 63 45 97 38 36 42 120 100
70 29 55 2 41 38 97 36 94 66
56 94 67 38 31 104 71 57 1
56 63 97 38 42 120 100
29 55 110 90 24 66 102 57 41 2 36 38
67 11 36 38 104 90 23 1
70 56 114 45 2 36 90 42 120 100
56 94 63 36 90 24 42 120 100
41 67 94 36 38 31 104 23
70 114 63 45 97 38 36 94 42 120
94 90 24 63 11 2 97 36 42 120 100
70 29 55 36 90 24 66 57
63 45 36 38 24 120 100
56 94 90 24 63 11 2 38 97 36 42 120
56 114 94 90 66 63 2 97 36 42 120 100
56 114 63 45 2 94 90 42 100
79 114 56 94 90 24 63 45 2 38 97 36 120 100
29 110 2 97 36 90 24 102 57
63 2 36 90 120 100
70 29 55 110 2 36 94 90 102 57
57 56 67 97 38 31 90 128 1 23
70 94 2 38 66 102 57
29 55 110 94 24 66 102 57 70 97 38 9 36
56 67 36 38 71 90 57 1
94 24 66 63 45 2 38 97 36 42 120 100
29 55 94 24 66 57 70 41 97 38 36
29 55 2 36 38 90 66 102 57
70 29 55 36 38 24 102
56 94 71 90 128 23 57 41 67 11 36 38 31 104
114 97 36 90 42 120 100
56 114 94 90 70 63 45 36 38 42 120
114 63 45 97 38 36 90 24 42 100
56 63 45 11 38 36 24 42 120 100
56 41 97 36 104 71 90 128 23 1
79 94 67 97 88 36 71
45 38 24 42 120 100
70 29 41 110 2 97 94 90 24 57
29 55 110 24 66 57 70 41 2 97 38 9 36
70 29 94 2 97 24 66 102 57
56 114 94 90 63 45 2 97 36 42 100
94 2 97 38 36 24 120 100
2 38 24 42 120
56 94 71 90 128 57 41 36 38 31 104
70 29 55 41 97 38 36 24 102 57
114 94 38 24 120 100
67 36 88 104 90 1
114 63 45 36 94 120 100
56 41 94 97 38 104 71 90 57
94 63 90 24 120
114 63 45 38 24 120 100
56 41 67 94 97 104 71 90 23
56 114 63 2 97 38 94 24 42
56 94 90 57 23 1 97 38 31 104 36
56 114 63 45 2 36 90 100
94 110 90 24 66 57 70 41 2 97 36
56 94 63 45 36 38 120
56 114 94 90 24 45 2 38 97 42 100
70 41 110 2 38 36 66 102
70 55 41 2 94 38 66 102 57
41 67 94 97 36 31 104 71 128 23
114 63 2 94 90 42 100
70 55 94 97 36 90 24 66 102 57
56 94 63 2 36 38 90 24 100
56 41 67 94 97 104 90 128 23
70 29 94 110 97 38 66
94 67 88 1
56 114 63 45 2 94 24 42 120
94 63 2 24 42 120 100
56 114 20 94 24 63 45 2 36 42 120 100
114 94 24 63 45 11 38 97 36 42 120 100
41 67 97 31 104 71 128 57 1
70 29 55 2 41 38 94 90 57
70 29 55 2 66 102
70 29 55 110 2 41 94 102 57
41 67 94 97 38 36 90 1
56 94 67 36 38 31 104 71 90
70 29 94 110 2 97 90 24 66
94 97 38 36 90 120 57
56 41 67 94 36 38 31 104 71 57
70 97 38 90 24 66 57
56 41 67 94 97 31 90 1
94 71 90 128 23 1 67 97 38 31 36
114 90 24 66 63 45 2 38 42 120 100
94 110 97 36 24 66 102 57
70 55 41 2 38 24 66 57
56 67 97 36 104 1
70 55 41 110 97 38 36 94 66 102
41 67 94 97 36 90 57 23 1
56 114 63 94 97 36 42
56 45 2 36 24 42 120
41 67 97 38 31 104 36 90 128 57
70 55 94 97 36 66 102 57
56 41 67 97 38 104 71 128 23 1
70 29 94 110 97 38 90 24 66 102
114 63 45 36 94 42 120 100
114 63 94 38 42 120 100
41 67 94 36 38 31 71 90 128 1
70 94 45 2 38 36 90 24 42 120
56 114 63 2 36 38 94 100
29 94 110 90 24 102 57 70 41 2 97 38
29 55 110 94 90 24 66 102 57 70 11 97 38 36
67 36 104 71 90 23
56 114 63 2 36 38 94 90 24 100
70 29 41 110 36 94 24 66
70 56 114 63 45 2 36 90 120 100
56 71 90 128 23 57 1 41 67 36 38 31 104
56 114 63 2 97 38 36 94 90 120
94 67 97 38 31 104 71 36 90 57
94 71 90 128 23 57 1 41 67 36 31
41 67 94 36 104 71 90
56 94 90 128 23 57 1 6 67 41 36 38 31 104
56 114 94 45 2 97 36 42 100
41 67 94 36 23
56 63 45 2 38 24 42 120 100
56 114 94 24 70 63 97 38 36 42 120 100
70 41 110 2 36 66 102
13 56 63 2 94 90 24 42 120 100
56 114 90 24 2 97 88 38 36 42 120
56 94 128 23 1 41 67 97 38 36 104
70 29 41 110 97 36 94 102 57
29 55 110 24 66 102 70 2 97 38 36
56 114 63 45 2 38 90 42
56 114 45 97 38 24 42 120 100
56 114 94 90 24 70 45 2 38 42 120
70 29 55 2 41 97 90 24 66
70 110 2 38 24 66
56 114 94 45 2 97 36 90 24 42
56 94 71 90 128 23 57 1 36 38 104
29 94 2 97 38 36 90 120
70 29 41 110 2 38 36 90 66
56 41 94 97 31 104 71 90 128 57
70 29 55 2 36 90 24 57
70 110 2 97 36 90 24 102
56 94 90 24 70 63 45 2 97 42 120
56 94 67 97 36 104 23 1
56 114 90 24 66 45 2 38 97 36 120 100
56 94 24 63 45 2 67 36 42 120 100
29 55 110 94 90 102 57 41 97 38 36
56 94 97 36 104 71 57 1
70 41 94 110 2 24 57
70 110 24 66 57
5 29 55 110 94 90 24 66 102 57 70 2 97 38 36
114 63 2 97 38 36 24 42 100
29 55 94 24 66 102 57 70 41 11 2 38 97 36
70 55 94 110 36 38 90 66
56 114 94 90 24 63 45 2 88 36 42 100
56 41 67 38 104 71 90 128 23
56 114 94 90 24 63 45 97 38 36 42 120 100
70 29 55 110 2 36 57
114 63 45 2 38 97 42 120 100
56 94 63 97 38 36 90 24 42 120
41 67 97 36 31 104 90 57 1
114 63 2 97 38 36 42 120
70 41 94 110 2 38 24 66 102
70 29 55 2 94 38 24 66 102 57
56 41 67 94 38 104 71 90 128 57
114 45 2 97 90 42 120
41 67 36 38 104 71 128 23 1
56 94 45 97 36 90 24 120 100
70 29 2 97 90 24 66 57
56 114 90 24 70 63 45 97 36 42 120
41 67 94 97 38 31 90 128 57
70 29 55 110 41 36 94 90 102
70 29 55 41 97 36 94 24 66 57
56 114 63 94 97 38 24 42 100
56 114 20 90 24 63 45 2 38 36 120 100
70 114 94 45 2 36 90 24 42 120
94 2 36 38 90 24 66 120
56 94 90 128 23 57 1 41 67 97 36 31 104
56 114 63 45 2 24 100
56 114 63 45 97 94 24 120
114 94 36 38 120 100
56 114 94 63 11 2 38 36 42 120 100
56 114 63 45 2 97 90 24 42 120
56 41 94 36 38 31 104 128 23 1
29 55 2 97 38 94 24 66 57
114 94 90 24 45 2 38 97 36 42 120
56 94 67 104 57 23 1
56 94 36 38 104 71 90 23
56 36 38 31 104 71 57 23
70 110 97 36 90 24 66 57
41 94 11 36 38 104 90 23 1
70 29 94 2 97 38 90 66
56 114 94 97 38 90 120 100
67 36 31 104 71 90 57 1
70 94 36 38 90 24 66 102 57
56 2 36 90 120
39 56 41 122 94 36 88 60 90 24
56 41 36 38 31 104 90 57 23
114 45 11 2 38 36 24 42 120 90
56 63 2 36 90 120 100
29 94 90 24 102 57 70 41 97 38 36
56 94 63 2 97 36 24 100
56 114 45 36 38 90 42 100
55 94 110 90 24 102 57 70 2 36 38
56 94 67 97 36 90 128 57
70 29 41 110 2 38 24 66 57
94 90 128 23 1 41 67 36 38 31 104
56 114 94 24 63 2 36 88 42 120 100
56 41 97 36 90 1
56 94 2 36 38 90 24 100
67 36 38 31 104 71 90 57
70 55 41 2 97 38 36 24 66 57
114 90 24 63 45 11 2 38 97 36 42 120
56 41 97 38 104 71 90 57 23 1
70 29 94 2 24 66 102
56 114 2 97 90 24 42 120
56 114 90 86 45 63 2 38 97 36 42 120
56 94 97 38 36 90 24 42 120 100
55 41 110 2 38 36 94 90 66 102
70 94 2 36 38 102 57
56 94 90 24 63 45 2 38 97 36 120 100
94 36 38 24 66
70 94 110 2 90 24 66 102 57
94 2 97 38 36 90 24 42 120
56 114 94 97 38 36 24 120 100
55 94 110 90 24 66 57 41 2 97 36
29 94 110 2 38 36 90 66 57
39 79 56 122 94 90 1 97 88 31 36 100
70 29 110 2 38 97 36 57
70 56 63 2 36 90 42 120 100
2 36 38 90 42 120
55 41 110 2 38 90 24 66 102
56 94 63 45 36 90 24 42 120
29 94 110 36 24 66 102 57
94 67 97 104 90 23 1
56 114 97 36 90 42 120 100
56 71 90 128 23 57 1 67 97 36 104
56 94 97 38 36 104 90 128 57 1
41 67 97 38 104 57 23
56 63 45 11 2 38 97 36 42 120
56 114 63 45 11 2 38 97 36 120 100
41 67 97 104 90 23
70 41 97 36 24 102 57
94 67 36 38 104
56 67 38 31 104 57 1
70 29 41 38 90 66 102 57
56 114 24 70 2 97 38 36 42 120 100
70 41 94 110 2 38 90 24 66 102
70 29 55 110 41 97 36 94 24 66
70 41 110 97 36 90 24 66
114 90 66 63 45 2 38 36 42 120 100
56 114 63 2 97 94 90 24 120 100
114 94 90 24 63 45 2 97 36 42 120 100
29 94 90 66 57 70 41 2 97 38 36
56 114 24 63 45 11 38 97 36 42 120
56 41 67 97 31 104 71 90 128
56 90 24 66 63 45 97 36 42 120 100
56 114 94 45 97 38 36 42
56 41 36 104 71 90 128 57
70 55 110 2 97 36 90 66 102
56 94 67 36 38 31 104 128 57 1
94 63 45 2 24 120 100
114 63 94 97 36 42 120
56 114 94 90 24 70 63 45 38 42 120
56 41 67 104 90 128 57 1
56 94 90 57 23 1 41 67 97 36 104
55 41 94 36 24 66 102 57
70 29 94 110 2 97 36 90 57
56 94 67 38 31 104 71 90 57 1
5 94 67 97 36 104 90 23 1
70 55 94 2 38 90 24 66 102
56 114 63 2 97 38 90 24 120
56 114 94 90 24 70 63 45 2 97 36 42 120 100
70 55 94 2 97 38 36 90 24
56 94 63 45 2 38 24 42 120 100
63 45 2 38 36 90 24 42 120 100
56 90 24 70 45 97 38 36 42 120 100
70 29 41 110 2 97 90 24 66
56 94 71 90 57 1 67 97 36 104 120
70 29 41 94 38 90 24 102
36 88 38
56 41 67 94 104 71 90 128 23 1
70 29 41 110 2 97 94 24 57
70 41 94 110 2 90 24 57
94 63 45 2 90 120
70 29 41 110 2 36 90 66 57
94 57 23 1 41 67 97 38 31 104 36
56 41 94 36 38 31 104 90 128 1
56 114 63 45 97 94 90 42 120 100
114 94 90 24 86 45 63 2 38 36 120 100
29 55 110 2 38 94 24 66 57
114 63 36 38 90 24 42 66 120 100
56 114 63 2 36 90 24
70 29 41 110 2 38 90 24
56 94 67 36 38 71 90 23
56 41 67 94 36 71 90 128 57 1
70 29 55 110 2 41 94 66 57
56 36 38 104 71 90 128 57
56 94 67 97 38 36 104 71 57 23
114 63 45 94 38 90 120 100
56 94 67 31 104 90 57 23
114 63 2 36 24 42 120 100
94 63 45 2 36 90 24 42
29 55 110 90 24 66 102 57 70 2 36 9
56 94 90 63 45 2 38 97 36 42 120 100
56 94 90 24 63 45 2 38 42 120 100
70 29 110 38 24 66 102 57
70 29 55 110 94 38 102 57
63 45 36 120 100
56 67 38 31 104 71 57 23
70 94 97 38 36 90 24 102 57
114 94 45 2 97 36 24 100
56 94 2 97 36 24 120 100
70 55 110 2 97 36 90 57
63 38 90 24 42 120
29 55 110 94 90 66 57 70 41 2 38
56 114 94 36 38 120 100
70 97 36 90 24 66 57
114 90 24 66 63 45 2 36 42 120 100
56 114 90 24 63 45 97 88 38 36 120
70 29 55 2 41 90 24 66 57
79 56 94 97 88 36 90
56 114 63 97 38 36 90 24 100
55 2 97 38 36 90 24 66 57
56 114 94 36 24 120 100
56 94 24 70 2 97 38 36 42 120 100
29 55 110 2 41 97 90 66 102
70 55 41 2 97 38 36 24 102 57
41 94 36 90
56 94 67 97 104 90 57 23
56 94 90 128 23 41 67 97 38 31 104
94 97 36
56 94 71 128 23 57 1 41 97 31 104
70 41 94 110 2 38 90 66
114 63 2 97 38 94 90 24 42
56 114 45 97 38 120 100
70 55 41 2 97 38 90 24 66
56 41 67 94 38 104 128 23 57
57 56 67 36 38 128 1 23
29 55 110 41 38 97 36 66 57
2 36 38 24 66
114 94 45 2 38 97 36 90 42 100
70 29 55 97 38 66 102 57
70 55 41 110 2 36 24 66
56 63 45 2 97 36 90 100
70 29 55 2 41 38 94 66 102 57
29 41 110 2 38 97 36 90 66
56 94 45 2 90 120 100
56 114 94 90 24 45 11 38 36 42 120 100
70 55 94 97 38 24 66 102 57
56 114 94 45 2 38 97 36 42 120 100
56 114 94 90 24 70 45 2 38 97 36 42 120
