49 20 40
10445
49 1601 40
5290
375 40
80 40
49 10445 40
49 250
49 40 1579
49 226
650 40
49 2959 40
39 49 171 33 40
33 271
171 111 40
39 49 90 40
4643
39 49 148
61 40
49 40 271
549 33
49 256 40
49 807 40
171 42 40
310 40
186 40
784
1815 40
1328 49 40
4699 40
49 4699
49 810 40
298 40
476 238
49 1482
49 66 42 40
443
49 3271
39 49 311
49 33 271
39 287
38
108
311 42
39 49 42 37 40
39 171
414 42
1104
49 1931 40
39 171 90 40
49 3152
63
39 56 49 40
49 810
15833 40
1147
33 102 40
40 53
49 42 238
49 16011 42 16012 40
12947 40
42 439 40
49 42 102 40
49 238
49 439
1147 40
49 262
39 49 272 40
39 49 271
1199
49 928 40
33 476 42
49 985
