1024 1446 1236 237 287 414 1340 1512 271
277 1315 1153 106
980
94 1024 404 1236 237 414 244 1340 1512
267
1446 1236 237 287 414 1340 1512 271
1024 1446 1236 237 404 287 414 1340 1436
684 1456 441 917
773 481 620 1096 1077 664 594 327 617
1342
1024 1446 1236 237 404 287 244 414 1340 1512
271 94 1186 1024 1236 287 414 1340 1512 1436
1456 1140 1527 917
1446 1236 237 287 414 244 1340 1512 271
1186 1446 1236 237 287 414 244 1340 1512
1373 773 1096 664 594 1342 617
773 481 1096 664 594 327 617
94 1236 237 287 414 1340 1512 271
271 1186 1446 1236 237 287 414 1340 1512 1436
1024 404 1236 287 414 244 1340 1512
1427
1236 237 287 414 244 1340 1512
94 1446 1236 237 287 414 1340 1512
1340
1373 773 481 620 1096 1077 594 1342 617
617
1373 773 481 620 1096 594 327 1342 617
773 620 1077 664 594 327 617
1373 773 481 1077 664 594 1342 617
414
407 1093 478 382
1386
1186 1446 1229 87 1342 1163
94 1446 1236 1340 271 1024 237 414 244 1512 1436
773 481 620 1077 321 594 1342 617
94 1024 404 1236 287 414 244 1340 1512
1024 1446 1236 237 404 287 244 414 1340 1436
1024 1446 1236 237 404 287 1340 1512 1436
1446 404 1236 287 414 244 1340 1512 271
773 481 1077 321 594 327 1342 617
1373 773 1096 620 594 327 1342 617
985 991 845 862 569
773 1096 620 1077 321 594 327 1342
1024 1236 237 287 414 244 1512
94 1024 1446 1236 237 404 287 244 414 1436
1046 1412 1516 863 447
94 1186 1236 237 287 414 244 1340 1512 1436
773 481 1077 664 321 594 1342 617
1373 773 481 620 1096 664 594 1342
218 1400 728 1044 1543
1024 1446 1236 237 404 287 414 1340
773 664 594 327 1342 617
1527
728
94 1186 1024 1236 237 287 414 1512
1512
333 1159 1076 970 100
1320 1353 267 743
1373 773 481 620 594 1342 617
1236
419
87
94 1024 404 1236 237 287 414 1512
1172 779 783 962 1161 130
1373 773 1096 664 321 594 617
1024 1446 1236 237 287 414 1340 1512
772 1431 1281
773 481 1096 1077 664 594 327 1342
94 1186 404 1236 287 271 1024 237 414 244 1436
773 620 594 327 1342 617
1024 404 1236 237 287 414 244 1340
783
1186 1024 1236 287 414 244 1340 1512 1436
94 1186 404 1236 237 287 414 244 1512
1289 873 191 1472 280
94 1024 1236 237 287 414 1340 1512 271
287
94 1024 1236 237 287 414 244 1340 1512 1436
773 594 327 1342 617
271 1186 404 1236 237 287 414 244 1512 1436
445 349 17 439
