56 29 7 58 52 60 46 40 34 36 62
56 29 7 58 60 40 48 34 36 9 62
56 29 36 52 9 60 58 62 40
34 29 58 52 9 60 62 40
29 7 36 52 9 60 58 62 40
5 56 29 7 25 58 52 60 40 48 34 62
56 29 7 25 58 52 60 40 48 34 62
64 56 29 7 58 52 60 40 34 31 62
5 56 29 7 58 60 66 40 48 34 36 62
56 29 7 58 52 60 66 40 34 36 31 9 62
56 29 7 58 52 31 60 66 62 40
5 56 29 7 58 52 60 40 34 36 31 62
56 29 7 58 52 60 66 40 36 9 62
5 56 34 29 58 52 60 62 40
34 56 29 58 52 60 62 3 40 48
34 56 29 7 36 52 60 58 62
5 34 29 7 58 52 31 60 62 40
5 56 29 7 58 52 60 40 34 36 31 62 3
5 56 29 58 52 60 40 34 36 62 3
5 56 29 7 58 52 60 66 40 34 36 62 3
5 56 34 7 29 52 60 66 62 40
