260 33 194 73 424 527 522
260 402 493 990 194 842 198 424 527
260 402 33 990 578 424 527
260 695 898 990 71 492 511 842 286 780 198 355 468 162
260 402 493 990 194 578 198 424 527
260 402 990 578 198 424 527 73 522
33 990 194 578 842 527 73 522
260 402 33 990 578 198 424 842 527 73
402 493 33 194 842 198 424 527 73
402 493 33 990 194 578 424 527 522
402 990 194 578 73 424 527
402 493 33 990 578 842 527 522
402 493 33 990 73 527
402 33 990 194 73 198 424 527
402 33 990 194 842 424 527
754
402 990 842 73 424 522
402 493 990 73 198 522
260 493 33 194 73 424 527 522
402 33 990 578 198 424 527
33 990 194 578 198 424 527 73
260 402 194 578 198 424 527 73
260 402 493 990 194 578 198 424 842 73
402 493 33 990 578 842 527 73 522
402 33 990 73 198 522
33 194 842 73 424 527 522
402 493 33 990 194 578 198 527 73
260 695 898 990 71 492 9 355 286 780 575 198 468 162
260 402 33 194 578 842 424 527 73
493 33 990 194 578 198 424 527
260 402 194 578 198 424 527 73 522
260 402 578 198 424 842 73 522
260 402 493 990 73 198 424 522
260 695 898 990 141 492 9 842 286 198 355 468 162
260 695 898 990 71 141 492 511 9 842 286 780 198 355 468
260 402 33 990 194 578 424 527
260 493 33 990 73 198 424 527 522
