33 990 194 578 198 424 842 527
260 493 33 990 194 424 522
260 402 493 33 194 198 424 522
493 33 990 194 578 198 424 522
260 990 424 522 493 194 578 198 842 527 73
33 990 578 73 424 522
402 33 990 578 198 842 73 522
260 402 33 194 578 73 424 522
260 493 33 842 73 424 522
260 402 493 33 990 73 198
260 402 578 198 424 842 73 522
260 402 493 33 198 424 522
260 990 578 198 424 842 73 522
260 493 33 990 578 198 424 842 73
493 990 194 578 73 424 527
260 493 33 990 73 198 527
33 990 578 198 424 73
260 33 990 73 198 424
402 493 990 194 578 73 424 522
260 402 493 33 990 842 198 424 527 73
260 493 33 990 842 198 424
260 402 990 194 842 198 424 527
990 194 73 198 424 527 522
493 33 990 578 198 842 527 73
493 33 990 194 842 198 527 73
402 33 194 578 198 424 73 522
260 402 493 33 990 578 842 424 527
260 33 194 198 424 527 522
33 578 198 424 842 73 522
260 402 493 990 194 842 73 424 527 522
493 990 73 198 527 522
