56 63 45 2 38 36 24 42 120 100:3.4217587e7
63 45 2 36 90 24 42 120 100:3.1597978e7
56 114 24 45 2 38 97 36 42 120 100:3.3118837e7
55 94 110 90 24 66 102 57 70 41 2 36:3.1765469e7
56 114 94 45 2 38 97 36 24 120:2.9857859e7
56 114 63 2 97 38 36 90 24 120:3.1382173e7
114 63 45 2 38 36 24 42 120:3.2078328e7
56 71 90 128 23 57 1 41 67 97 38 31 104 36:3.0753109e7
29 55 110 90 66 102 57 70 41 2 36:3.0444968e7
94 63 2 36 38 90 24 42 120 100:3.3651858e7
94 63 45 36 90 24 42 120 100:3.0403087e7
56 94 63 45 2 38 97 36 120 100:3.0149307e7
114 94 24 63 45 2 38 36 42 120 100:3.5584705e7
56 114 63 45 2 97 36 94 120 100:3.0227226e7
29 55 110 94 24 66 102 57 70 36 38:3.0751831e7
114 63 45 2 38 97 36 42 120 100:3.1271026e7
114 63 45 2 36 94 24 42 120:3.1997265e7
56 114 63 45 2 97 36 24 120 100:3.1464264e7
94 63 2 36 38 90 42 120 100:3.0433698e7
56 114 63 45 36 38 90 42 120 100:3.2042722e7
29 55 94 90 24 66 57 70 2 97 38 36:2.9957694e7
114 63 45 2 97 94 90 24 42 120:3.0913932e7
56 114 63 45 2 97 36 90 120 100:3.0325308e7
94 45 2 97 36 90 24 42 120 100:3.0340246e7
94 2 97 38 36 90 24:3.0621803e7
114 94 90 63 45 2 38 97 36 42 120:3.3629877e7
56 114 94 90 45 2 97 36 42 120 100:3.1898818e7
56 94 90 24 63 45 2 97 42 120 100:3.3053191e7
56 114 24 63 45 2 38 97 36 120 100:3.3467709e7
56 114 94 90 63 45 2 38 97 36 42 120 100:3.78505e7
29 94 110 24 66 102 57 70 41 2 36:3.1577742e7
56 94 67 97 36 90:3.0488186e7
56 114 63 2 36 38 90 24 42 120:3.4213415e7
56 114 94 90 24 63 45 97 36 120 100:3.2289837e7
29 55 110 94 90 24 66 70 41 2 97 38 36:3.0577488e7
29 55 110 94 24 66 102 70 41 2 97 38 36:3.1897209e7
56 114 63 97 38 36 24 42 120 100:3.1427796e7
56 94 71 90 128 57 1 41 67 97 38 31 104 36:3.1778933e7
114 94 90 24 63 2 36 38 42 120 100:3.576896e7
56 94 63 45 36 90 24 42 120:3.145572e7
56 63 2 97 38 36 90 24 42 120:3.2900174e7
29 94 110 90 24 66 102 57 70 2 97 36:3.2635191e7
56 94 63 45 97 38 36 90 24 120:3.0627923e7
94 2 36 38 24 120:3.0973681e7
94 63 45 2 38 97 90 24 42 120:3.0836013e7
56 63 2 36 90 24 42 120 100:3.1712601e7
94 67 36 88:3.3967486e7
56 114 94 90 24 63 45 97 38 42 120:3.2436732e7
56 114 94 90 24 63 45 2 38 97 36 42 100:3.3234621e7
56 114 90 24 45 2 38 36 42 120 100:3.4371178e7
29 55 110 24 66 102 57 70 97 38 36:2.995462e7
56 114 94 90 24 63 2 36 38 42 120 100:3.7719792e7
56 94 71 90 128 23 57 1 41 67 36 38 31 104:3.1857616e7
29 94 110 90 24 66 102 57 70 97 38 36:3.187712e7
56 94 63 45 2 36 90 42 120 100:3.2997568e7
56 114 63 45 97 94 90 24 42 120:3.0433287e7
114 90 24 63 2 97 38 36 42 120 100:3.4590203e7
56 94 90 63 45 97 38 36 42 120 100:3.2651863e7
56 114 63 2 36 38 94 90 42 120:3.2976377e7
56 63 45 2 38 97 36 24 42 120:3.3401715e7
56 114 94 45 2 38 97 36 42 120 100:3.1881799e7
29 94 110 90 24 66 102 57 70 41 97 36:3.1450426e7
56 63 45 2 97 36 42 120 100:2.9822845e7
29 94 110 90 24 66 102 57 70 41 2 38:3.1630936e7
114 94 24 63 45 2 38 97 36 42 120:3.4768833e7
114 63 45 97 36 94 90 24 42 120:3.1668579e7
56 94 90 24 45 2 38 97 36 120 100:3.1380954e7
56 94 97 38 36 120:2.9890246e7
114 63 2 97 38 36 90 24 42 120:3.2975981e7
29 94 110 90 66 102 57 70 41 97 38 36:3.065357e7
56 94 63 45 97 90 24 42 120 100:2.9935918e7
56 45 2 38 36 90 24 42 120:3.0705819e7
56 94 90 63 45 2 38 97 42 120 100:3.1897216e7
56 94 63 45 2 97 90 24 42 120:3.1469196e7
29 55 110 94 24 102 57 70 41 2 97 38 36:2.9894768e7
56 114 94 45 36 38 90 42 120 100:3.0016867e7
114 94 45 2 38 97 36 24 42 120:3.0820596e7
45 2 38 97 36 24 42 120 90 100:3.0421309e7
56 114 94 63 45 2 97 36 42 120 100:3.3826591e7
94 90 24 66 102 57 70 41 2 97 38 36:3.0539122e7
29 94 110 24 66 57 70 41 2 97 38 36:3.0790588e7
56 114 63 45 2 38 97 36 120 100:3.0308289e7
94 2 36 38 90 24 120:3.3844753e7
56 114 63 45 2 97 94 90 24 120:2.9951195e7
114 63 45 97 38 36 94 42 120 100:3.0076135e7
94 97 38 90 120:3.0570299e7
29 55 110 94 24 66 102 70 2 36 38:3.0253848e7
56 63 45 36 38 24 42 120 100:3.1100314e7
29 94 90 66 102 57 70 41 2 36 38:3.0015832e7
56 114 24 63 45 2 38 97 36 42 120:3.5483079e7
29 55 110 24 66 102 70 41 2 97 38 36:3.0518337e7
94 63 45 2 38 97 36 90 42 120:3.1548513e7
56 114 2 97 38 36 24 42 120 100:3.0596832e7
56 94 63 2 36 90 24 42 120 100:3.3634983e7
94 63 2 36 38 24 42 120:2.997678e7
97 88 36 90:3.2781009e7
29 55 110 90 24 66 102 57 70 2 36:3.1668518e7
56 114 94 90 24 63 97 38 36 42 120 100:3.5370642e7
56 114 63 45 97 38 36 42 120 100:3.0790381e7
56 114 94 90 24 45 2 38 97 36 120 100:3.3462318e7
29 55 94 90 24 66 57 70 41 2 97 38 36:3.1019394e7
56 63 2 97 38 36 90 42 120:2.9740754e7
55 94 110 90 24 66 102 70 2 97 38 36:3.0029376e7
56 94 63 97 36 90 24 42 120 100:3.1285833e7
94 97 38 36 90 24 120:3.1445751e7
56 114 63 45 2 90 24 42 120:3.0860055e7
56 94 90 128 23 57 1 67 97 38 31 104 36:3.0704821e7
56 114 90 24 63 45 2 97 36 42 120 100:3.7084093e7
29 94 110 24 66 102 70 2 97 38 36:2.9841649e7
94 110 24 66 102 57 70 2 97 38 36:3.0242476e7
56 114 45 2 38 36 90 24 120 100:3.0771813e7
56 114 94 63 45 2 38 97 42 120 100:3.1958116e7
56 114 63 45 97 38 90 24 42 120:3.051435e7
29 110 90 24 66 102 57 70 2 97 38:2.9772025e7
56 114 94 90 24 45 2 97 36 42 120 100:3.5058238e7
56 114 63 45 36 94 90 42 120:3.0377664e7
56 114 90 24 63 45 2 38 36 42 120 100:3.8319415e7
114 94 2 97 38 36 90 24 42 120:3.0911069e7
56 94 90 128 57 1 41 67 36 38 31 104:3.0484418e7
56 94 63 45 2 38 97 42 120 100:2.9876752e7
56 90 24 63 45 97 38 36 42 120 100:3.3888901e7
114 94 45 2 36 90 24 42 120:3.0069492e7
56 114 94 90 24 63 45 2 38 97 36 120 100:3.7410555e7
114 63 2 36 90 24 42 120:3.0154788e7
114 94 90 63 45 2 97 36 42 120 100:3.3210427e7
114 63 45 2 38 36 94 90 120 100:3.0846384e7
56 114 90 24 63 2 36 38 42 120 100:3.579741e7
114 94 90 24 63 45 2 97 42 120 100:3.2497927e7
29 55 110 24 66 102 57 70 41 97 38 36:3.101632e7
29 55 94 90 24 66 102 70 2 97 38 36:3.0070455e7
56 114 63 45 36 94 24 42 120 100:3.3100615e7
29 55 110 94 90 24 66 102 57 70 41 36 38:3.3351019e7
29 55 110 94 24 66 102 57 70 41 2 36:3.2571602e7
56 114 94 90 63 45 2 97 42 120 100:3.1975135e7
29 94 110 66 102 57 70 41 2 97 36:2.9874153e7
56 90 24 63 45 2 38 97 42 120 100:3.3134254e7
29 94 90 24 66 102 57 70 41 2 97 36:3.1394349e7
56 94 63 45 2 36 42 120 100:3.0977104e7
29 55 94 90 24 66 102 57 70 41 2 36:3.1806548e7
56 114 63 45 2 97 36 42 120 100:3.1904209e7
94 90 24 45 2 38 97 36 42 120 100:3.2343691e7
56 114 94 90 63 97 38 36 42 120 100:3.2211222e7
56 63 36 38 90 24 42 120 100:3.0598773e7
56 114 45 2 38 36 90 24 42 120:3.2787183e7
29 55 110 94 24 66 102 70 41 2 36:2.9827154e7
114 63 45 2 38 97 36 24 120 100:3.0831081e7
56 94 63 2 97 38 24 42 120 100:3.0514167e7
94 97 88 36 90:3.7330455e7
29 94 110 24 66 102 57 70 41 36 38:3.0819671e7
56 114 63 45 2 36 94 90 42 120:3.3494937e7
29 55 110 90 66 102 57 70 41 97 38 36:3.0268558e7
56 94 71 90 57 23 1 41 67 36 38 31 104:3.0377788e7
56 114 94 24 2 97 38 36 42 120 100:3.2519214e7
63 45 2 38 97 36 90 42 120 100:3.1210126e7
70 29 94 110 2 36 90 66 102 57:2.976828e7
56 94 71 90 128 23 57 1 41 67 97 36 31 104:3.0628194e7
56 114 45 2 36 90 24 42 120 100:3.2367733e7
56 114 63 45 2 38 97 36 94 120:3.0646676e7
56 94 45 2 38 36 90 42 120 100:3.1052776e7
67 36 38 104 90:3.0223797e7
94 63 45 2 36 90 42 120 100:3.036094e7
56 114 94 90 45 2 38 97 36 42 120 100:3.3902263e7
29 55 94 90 24 66 102 70 41 2 97 38 36:3.1132155e7
29 55 110 94 90 66 102 57 70 2 97 38 36:3.2832195e7
56 114 94 90 24 2 97 38 36 42 120 100:3.4539678e7
56 114 94 24 45 2 38 97 42 120 100:3.1169299e7
56 114 90 63 45 97 38 36 42 120 100:3.2810845e7
55 94 110 24 66 102 57 70 41 2 97 38 36:3.2298036e7
29 55 110 24 66 57 70 41 2 97 38 36:3.0405576e7
29 55 94 90 24 66 57 70 41 2 36 38:3.0437733e7
56 114 2 36 38 90 24 42 120:3.0265178e7
114 94 90 24 63 45 97 38 36 42 120:3.3672024e7
114 63 45 2 38 36 42 120 100:3.0502903e7
29 55 110 94 90 24 66 102 57 70 41 2 36:3.410909e7
41 67 94 36 38 104 71 90 23:2.9879504e7
114 90 24 63 45 2 97 36 42 120 100:3.4447465e7
56 94 90 24 63 45 2 36 42 120 100:3.6156988e7
29 110 90 24 66 102 57 70 41 2 36 38:3.3224752e7
94 90 24 63 45 2 38 97 36 42 120 100:3.6291928e7
29 55 110 94 90 24 66 102 57 70 2:3.0074702e7
56 114 45 2 38 97 36 42 120 100:2.9959417e7
56 94 90 24 63 97 38 36 42 120 100:3.3289278e7
94 63 45 2 97 36 90 24 42 120:3.2704488e7
56 114 63 45 36 90 24 42 120 100:3.3198697e7
56 114 90 63 45 2 38 97 36 120 100:3.2328753e7
55 94 110 90 24 66 102 57 70 36 38:2.9945698e7
56 114 94 90 24 63 45 97 38 36 120:3.2709287e7
29 55 110 94 24 66 102 57 70 2 38:3.0025608e7
56 94 45 2 38 97 36 24 42 120:3.137586e7
29 55 110 94 90 24 66 102 70 41 2 97 36:3.1946303e7
56 114 45 2 38 90 24 42 120 100:3.0499258e7
114 63 2 97 36 90 24 42 120:3.0936033e7
56 63 45 2 90 24 42 120 100:3.0362686e7
94 63 45 2 97 36 24 42 120:3.0684024e7
56 114 94 90 24 63 45 2 38 97 36 120:3.582656e7
56 114 45 2 97 36 24 42 120 100:3.1115392e7
56 94 90 63 45 2 38 36 42 120 100:3.5001013e7
56 94 45 2 38 97 36 42 120 100:2.9800435e7
56 94 90 57 23 1 41 67 97 38 31 104 36:3.0627943e7
63 45 2 38 97 36 24 90 120 100:3.0770181e7
56 94 63 45 2 90 24 42 120 100:3.2285068e7
56 94 63 45 36 24 42 120 100:3.1019251e7
56 114 63 2 97 36 94 90 24 120:3.130111e7
56 114 63 45 2 38 90 42 120 100:3.1288075e7
56 94 90 128 57 1 67 97 38 31 104 36:2.9853803e7
56 114 63 45 2 38 36 94 120:2.9878553e7
56 94 63 2 38 90 24 42 120:3.0182513e7
114 94 45 2 38 90 24 42 120 100:2.9785012e7
29 94 110 90 24 66 102 70 2 97 36:2.9890743e7
94 67 97 88 36:3.198103e7
29 55 94 90 66 102 57 70 2 97 38 36:3.0529653e7
56 114 63 45 36 38 94 42 120 100:3.194464e7
114 94 90 24 63 45 2 38 97 36 120:3.3189932e7
56 114 63 45 2 97 36 24 42 120:3.3479634e7
94 2 36 90 120:3.0823667e7
94 110 90 24 66 102 57 70 2 97 38 36:3.1779964e7
56 114 63 2 36 94 90 42 120:3.0972932e7
56 114 94 90 24 63 45 2 36 120 100:3.4638987e7
29 55 110 90 24 66 102 57 70 36 38:3.0910447e7
29 55 110 90 24 66 102 57 70 2 38:3.0184224e7
29 55 94 24 66 102 57 70 2 36 38:3.0695754e7
56 114 94 45 2 38 36 24 42 120:3.2689101e7
29 55 110 94 90 24 66 70 41 2 36 38:2.9995827e7
29 55 110 90 24 66 57 70 2 97 38 36:3.0881364e7
56 94 90 128 23 57 1 41 67 97 38 36 104:3.1076803e7
70 110 2 38 36 90 24 66 102 57:2.9819431e7
114 63 45 36 38 94 90 42 120:2.9744481e7
114 94 63 45 2 38 97 36 42 120 100:3.3193408e7
56 114 94 24 63 45 2 97 42 120 100:3.3114091e7
29 55 110 24 66 102 57 70 41 2 97 38:3.0290097e7
56 114 94 24 63 45 2 38 97 36 42 100:3.1214157e7
29 55 110 94 24 66 102 57 70 41 2 36 38:3.4059996e7
114 94 24 63 45 97 38 36 42 120 100:3.3235555e7
56 114 45 2 38 97 36 24 42 120:3.1534842e7
29 94 110 90 24 102 57 70 41 2 36 38:2.9856735e7
114 63 45 2 36 24 42 120 100:3.1658878e7
56 114 94 2 38 90 24 42 120 100:2.9899635e7
56 63 45 2 38 36 90 24 120 100:3.2638686e7
56 114 90 24 63 45 97 38 36 42 120:3.438627e7
114 63 45 2 97 36 90 42 120 100:3.1288045e7
94 36 38 90 24 120:3.03222e7
94 36 38 90:3.7573587e7
56 114 63 45 2 38 36 42 120:3.1555536e7
29 55 110 90 66 102 57 70 41 2 97 36:3.1026629e7
94 110 90 24 66 102 57 70 41 2 36:3.0771609e7
56 45 2 97 36 90 24 42 120 100:3.1054492e7
114 94 90 24 63 45 2 38 97 36 42 100:3.0597993e7
94 63 45 2 97 90 24 42 120 100:3.0416563e7
94 110 90 24 66 102 57 70 41 2 36 38:3.2260003e7
56 114 94 24 63 45 2 38 36 42 120:3.6637338e7
56 94 63 45 2 38 36 24 120:3.0956609e7
56 114 94 24 45 2 38 36 42 120 100:3.4273096e7
56 94 63 45 2 36 90 42 120:3.1413573e7
29 94 110 90 24 66 102 57 70 2 97 38:3.1150897e7
55 94 110 90 24 66 102 57 70 2 97 38:2.9801136e7
56 114 63 45 94 90 24 42 120 100:3.1249159e7
56 114 94 90 24 45 97 38 42 120 100:3.007249e7
29 55 110 94 90 66 57 70 2 97 38 36:2.9974986e7
114 94 90 24 63 45 97 36 42 120 100:3.3252574e7
56 114 24 63 45 2 38 36 42 120 100:3.6298951e7
29 55 110 94 24 66 102 57 70 41 36:3.0325137e7
56 114 94 90 24 63 45 2 38 97 36 42 120:3.9425925e7
56 114 63 45 97 90 24 42 120 100:3.00949e7
56 114 63 45 97 36 90 42 120 100:3.08074e7
94 63 45 2 38 36 24 42 120 100:3.3503341e7
56 94 63 45 97 38 36 90 42 120:3.1067868e7
29 55 110 94 24 66 57 70 2 36 38:3.0141087e7
56 114 45 97 36 90 24 42 120 100:3.0018583e7
56 94 24 63 45 2 38 36 42 120 100:3.6139969e7
56 114 94 24 45 2 38 97 36 42 120:3.3457224e7
29 55 110 94 90 66 102 57 70 41 97 36:3.0159036e7
94 67 97 36:2.9968871e7
29 55 110 94 90 24 102 57 70 41 2 97 36:2.9943862e7
29 55 110 94 90 24 66 102 57 70 41 97 36:3.2444286e7
56 94 90 24 63 45 2 38 36 42 100:3.0385134e7
55 110 24 66 102 57 70 41 2 36 38:3.0337503e7
56 114 63 2 36 94 24 42 120 100:3.3695883e7
94 63 45 36 38 90 24 42 120:3.0822537e7
29 55 110 90 24 66 102 70 41 97 38 36:2.980936e7
56 114 45 97 38 36 24 42 120 100:3.0001564e7
29 94 110 66 102 57 70 41 2 36 38:3.0780886e7
29 55 90 24 66 102 57 70 41 2 36 38:3.191607e7
56 94 71 90 57 23 1 41 67 97 38 36 104:3.0119155e7
56 114 94 90 24 63 45 2 38 36 42:3.0882503e7
56 63 97 38 36 90 24 42 120 100:3.1366896e7
56 114 63 2 36 94 42 120 100:3.0536463e7
114 94 90 24 63 45 2 38 97 42 120 100:3.4501372e7
114 63 94 36 90 24 42 120 100:3.0551984e7
56 94 90 24 63 45 2 38 97 36 120:3.3745196e7
114 90 24 63 45 2 38 97 42 120 100:3.257899e7
56 94 63 45 36 38 42 120 100:2.9863276e7
114 63 45 36 38 94 90 42 120 100:3.1328476e7
29 55 90 24 66 102 57 70 2 97 36:2.9947637e7
56 114 94 90 24 63 2 97 38 120 100:3.101663e7
56 114 63 2 94 38 90 42 120 100:3.0688452e7
114 63 2 97 38 36 94 24 120 100:3.0827229e7
56 114 63 45 2 36 90 42 120:3.1572555e7
56 114 90 24 63 2 97 36 42 120 100:3.4562088e7
29 94 110 90 24 66 102 70 41 2 36 38:3.1859176e7
56 114 63 45 36 38 24 42 120 100:3.3181678e7
56 63 2 38 90 24 42 120 100:2.9844126e7
56 94 63 2 36 38 90 24 120 100:3.2039063e7
29 55 110 94 90 24 66 102 70 2 36:3.0302942e7
56 114 94 24 63 45 2 38 42 120 100:3.4349413e7
114 63 2 97 38 90 24 42 120 100:3.0643211e7
56 114 94 90 24 45 2 38 42 120 100:3.242164e7
114 94 45 2 97 36 90 24 42 120:3.0837615e7
56 114 94 90 24 45 2 38 97 36 42 120:3.5477688e7
63 45 2 38 36 90 24 42 120:3.2017428e7
56 94 90 24 63 2 97 38 36 42 120:3.4822556e7
29 94 110 90 66 102 57 70 41 2 97 38:2.9927347e7
56 114 63 45 97 38 24 42 120 100:3.0077881e7
67 36 88 90:3.4284988e7
56 114 94 90 24 63 45 2 36 42 120:3.6654357e7
29 55 110 94 90 24 66 57 70 41 2 97 36:3.1833542e7
56 114 63 45 97 38 36 94 42 120:3.1128768e7
114 94 90 24 63 45 36 38 42 120 100:3.4487896e7
56 94 63 45 2 38 36 42 120:3.1396554e7
29 55 110 94 24 66 57 70 41 2 97 38 36:3.1784448e7
56 114 94 45 97 36 24 42 120 100:2.9920501e7
56 114 90 24 63 45 2 38 97 36 42:2.9728244e7
56 114 63 2 36 94 90 24 120 100:3.2116982e7
56 63 2 97 36 90 24 42 120 100:3.2480724e7
56 114 94 90 63 2 97 38 42 120 100:3.1456575e7
56 114 63 45 2 38 97 90 42 120:3.0472203e7
56 94 90 24 63 45 2 38 42 120 100:3.4288513e7
56 2 36 38 90 24 42 120 100:2.9767809e7
29 94 110 90 24 66 102 70 41 97 38 36:3.0194372e7
114 94 90 63 45 2 38 36 42 120 100:3.4445749e7
56 114 94 24 63 45 2 38 97 42 120 100:3.5117536e7
90 24 63 45 2 38 97 36 42 120 100:3.4369546e7
56 63 45 2 97 36 90 24 120:2.9819369e7
94 63 97 38 36 90 24 42 120:3.0071677e7
114 63 94 36 38 24 42 120 100:3.0531076e7
29 55 110 94 66 102 57 70 41 2 36:3.0286352e7
114 94 24 63 45 2 97 36 42 120 100:3.4349383e7
56 94 45 97 36 90 24 42 120 100:2.9859601e7
114 63 2 97 94 90 24 42 120 100:3.0563265e7
29 55 110 24 66 102 70 41 2 36 38:2.9936676e7
29 110 90 66 102 57 70 41 2 36 38:3.0939502e7
29 94 110 90 24 66 57 70 2 97 36:2.9777982e7
94 110 90 24 66 102 57 70 41 2 97 38 36:3.2841664e7
56 114 94 90 24 45 2 38 97 42 120 100:3.3189763e7
94 63 45 2 38 90 24 42 120:3.006789e7
56 114 94 2 36 90 24 42 120:3.0184115e7
56 114 94 45 36 38 90 24 42 120:3.1592292e7
56 94 63 2 97 38 36 42 120 100:3.1226667e7
56 114 45 2 36 90 24 42 120:3.0783738e7
29 55 90 24 66 102 57 70 2 97 38 36:3.1436031e7
56 114 94 90 24 63 45 2 38 97 120:3.195464e7
29 55 110 90 24 66 57 70 2 36 38:3.0299703e7
56 114 94 90 24 63 97 38 42 120 100:3.1498722e7
56 114 94 45 2 97 36 90 24 120:2.9874878e7
56 114 63 45 2 38 90 24 120 100:3.084813e7
29 55 110 94 90 24 66 102 57 70 41 36:3.1862625e7
56 114 63 36 38 90 24 42 120:3.1096142e7
56 114 94 63 2 97 38 36 42 120 100:3.3308031e7
114 90 63 45 2 38 97 36 42 120 100:3.329149e7
56 114 63 2 97 38 36 90 42 120:3.1822118e7
56 114 63 2 36 24 42 120 100:3.1773501e7
56 71 90 128 57 1 41 67 97 38 31 104 36:2.9902091e7
56 94 24 63 45 2 38 97 36 120 100:3.3308727e7
63 45 97 38 36 90 24 42 120 100:3.1252273e7
94 45 2 38 97 36 24 42 120 100:3.0323227e7
55 94 110 90 24 66 102 70 41 2 97 38 36:3.1091076e7
56 114 24 63 45 2 38 97 36 42 120 100:3.7067074e7
56 63 45 2 36 90 24 42 120 100:3.4234606e7
114 63 2 97 36 94 90 24 42 120:3.2896035e7
29 94 110 90 66 102 57 70 2 97 36:3.0349941e7
56 114 2 36 38 24 42 120 100:2.9828709e7
114 94 90 63 45 97 38 36 42 120 100:3.2096599e7
56 114 63 2 36 90 42 120 100:3.0634545e7
114 94 90 24 63 2 97 38 42 120 100:3.2603213e7
56 114 94 90 24 63 45 97 36 42 120 100:3.5889202e7
56 114 63 36 90 24 42 120 100:3.0676692e7
29 55 24 66 102 57 70 41 2 97 38 36:3.0960243e7
56 94 63 45 2 90 24 42 120:3.0701073e7
56 94 63 45 2 24 42 120 100:3.0264604e7
56 94 71 90 128 57 1 41 67 36 38 104:2.997563e7
94 36 88:3.399253e7
56 94 71 90 128 23 57 1 67 36 38 31 104:3.0454666e7
29 94 24 66 102 57 70 41 2 97 38 36:3.1345255e7
56 114 94 2 36 38 90 24 120 100:3.017219e7
2 36 38 90 120:3.0451501e7
56 114 63 94 97 36 90 24 120 100:2.9767832e7
56 114 63 2 36 38 94 42 120 100:3.2539908e7
56 94 45 36 38 90 24 42 120 100:3.1094923e7
56 114 63 45 2 38 97 36 42 120 100:3.3907654e7
56 114 63 45 36 38 94 42 120:3.0360645e7
114 24 63 45 2 38 97 36 42 120 100:3.4430446e7
56 94 90 24 63 45 2 38 36 42 120 100:3.8160433e7
114 94 90 24 63 2 97 38 36 42 120 100:3.6550205e7
94 36 90:3.7087308e7
56 94 90 24 63 45 2 38 97 36 42 120 100:3.8928556e7
56 94 63 45 2 38 24 42 120:3.0684054e7
29 94 24 66 102 57 70 41 2 97 36:2.9856861e7
63 2 36 38 90 24 42 120 100:3.1691856e7
56 114 24 63 45 2 38 97 42 120 100:3.3195154e7
114 63 45 2 38 36 90 24 120 100:3.2083422e7
56 94 90 24 63 45 97 38 36 120 100:3.2211918e7
56 94 63 2 36 90 42 120 100:3.0475563e7
56 94 24 63 45 2 38 97 36 42 120:3.5324097e7
29 55 94 90 24 66 102 57 70 41 2 97 36:3.2388209e7
56 63 45 2 97 36 24 42 120 100:3.2982265e7
56 94 63 45 2 36 90 24 120:3.0973628e7
94 63 2 97 38 36 24 42 120:3.0758025e7
29 55 94 90 24 66 102 57 70 36 38:2.9986777e7
56 114 94 90 24 45 97 38 36 120 100:3.0345045e7
56 114 63 45 36 90 42 120 100:3.0039277e7
94 63 45 2 38 97 36 24 42 120:3.2687469e7
29 55 110 90 24 66 102 57 70 41 36:3.0483753e7
94 2 36 90 24 120:3.1623199e7
56 94 63 45 2 97 36 90 24 120:3.1741751e7
56 114 94 90 24 63 45 2 38 36 120 100:3.6642432e7
56 114 94 90 24 45 2 97 36 42 120:3.3474243e7
94 67 97 38 36 104 71 90:3.1815297e7
29 55 110 90 24 66 57 70 41 2 97 38 36:3.1943064e7
56 114 94 45 2 90 24 42 120 100:3.0418195e7
56 114 63 2 36 38 90 24 120:3.061405e7
56 94 90 24 63 45 2 38 36 42 120:3.6576438e7
29 55 90 24 66 102 70 41 2 97 38 36:2.9753283e7
56 114 94 90 24 63 2 97 38 42 120:3.3032e7
56 94 63 2 97 36 24 42 120 100:3.2382642e7
94 97 36 120:3.2075886e7
56 114 63 94 97 38 36 90 42 120:3.0627227e7
94 67 97 36 90:3.5566943e7
2 97 38 36 90 24 120:3.2214466e7
114 63 45 36 90 24 42 120 100:3.0562069e7
94 110 90 24 66 102 57 70 41 97 38 36:3.0595199e7
29 94 110 24 66 57 70 2 97 38 36:2.9728888e7
29 55 110 94 90 24 66 102 57 70 36:3.0800925e7
56 114 90 24 63 45 97 38 36 120 100:3.23709e7
56 94 63 2 97 90 24 42 120 100:3.0531186e7
56 114 94 45 2 36 90 24 120 100:3.069075e7
56 94 90 24 63 45 36 38 42 120 100:3.504316e7
55 94 90 24 66 102 57 70 41 2 97 38 36:3.1532982e7
56 94 63 2 36 38 90 24 120:3.0455068e7
56 114 90 24 63 45 2 36 42 120 100:3.631597e7
29 94 110 90 66 102 57 70 41 2 97 36:3.1411641e7
114 94 45 2 38 36 90 24 120 100:3.0057567e7
114 63 45 36 94 24 42 120 100:3.0463987e7
56 94 63 45 2 38 36 90 42 120:3.3417018e7
56 94 71 90 128 23 57 1 41 67 36 38 104:3.0826648e7
56 94 71 90 128 23 57 1 41 67 97 38 36 104:3.1598983e7
114 94 90 24 63 45 97 38 36 42 120 100:3.5256019e7
56 114 63 97 36 90 24 42 120:2.986082e7
29 94 110 90 24 66 57 70 41 2 97 38 36:3.2328076e7
29 94 110 90 66 102 57 70 2 97 38 36:3.1838335e7
29 55 94 24 66 102 57 70 41 2 36 38:3.1757454e7
29 55 110 90 24 66 57 70 41 2 36:2.9873009e7
29 55 24 66 102 57 70 41 2 36 38:3.0378582e7
56 114 63 45 2 38 97 90 24 120:3.0032258e7
29 55 94 24 66 102 57 70 2 97 38 36:3.1277415e7
56 114 94 36 38 90 24 42 120 100:3.0654282e7
29 110 90 66 102 57 70 41 2 97 38 36:3.1521163e7
56 114 94 90 24 63 45 2 38 36 42 100:3.2466498e7
29 55 110 90 24 66 102 57 70 41 2 38:3.1245924e7
114 63 45 36 94 90 24 42 120 100:3.2484451e7
29 55 110 24 66 102 57 70 41 36 38:3.0434659e7
29 55 110 94 90 24 102 57 70 41 2 36 38:3.0850595e7
56 114 63 94 36 90 24 42 120 100:3.2599074e7
56 114 63 45 2 38 36 94 120 100:3.1462548e7
29 55 94 90 24 66 102 57 70 41 2 38:3.0322254e7
55 94 110 90 66 102 57 70 41 2 97 38 36:3.1550274e7
56 114 94 90 24 45 36 38 42 120 100:3.3176287e7
94 63 45 97 36 90 24 42 120 100:3.117121e7
56 114 63 2 36 94 90 42 120 100:3.2556927e7
56 114 94 90 24 63 45 2 97 36 42 120:3.742248e7
56 63 45 2 38 90 24 42 120:3.0782136e7
56 63 45 36 90 24 42 120 100:3.1117333e7
56 94 97 36 90 120:3.1019635e7
56 114 63 94 36 24 42 120 100:3.057861e7
56 114 63 45 2 38 24 42 120:3.0843036e7
29 94 90 24 66 57 70 41 2 97 38 36:3.0025534e7
41 67 94 97 38 36 104 90 1:3.1647363e7
56 114 94 90 24 63 45 2 97 36 120:3.3823115e7
56 94 63 36 38 24 42 120 100:3.0500691e7
56 114 63 2 97 38 36 42 120 100:3.1385649e7
56 114 94 2 36 90 24 42 120 100:3.176811e7
114 2 97 38 36 90 24 42 120 100:3.0565289e7
56 94 24 63 45 2 97 36 42 120 100:3.4904647e7
29 55 110 94 90 24 66 102 57 70 41 2 97 38 36:3.6179145e7
56 94 71 90 128 57 1 41 67 36 38 31 104:3.1006598e7
70 94 2 97 38 36 90 24 66:3.1936515e7
114 63 45 2 38 94 90 24 120 100:3.0133884e7
56 114 45 2 38 36 24 42 120:3.0766719e7
56 114 94 90 24 63 2 97 42 120 100:3.261255e7
56 114 63 45 2 38 36 90 42 120:3.3576e7
94 63 45 97 38 36 24 42 120 100:3.1154191e7
56 114 63 2 36 38 24 120 100:3.0177581e7
55 94 24 66 102 57 70 41 2 97 38 36:2.9995494e7
29 55 110 94 90 24 102 57 70 2 97 38 36:3.0370556e7
56 114 94 90 63 45 2 38 42 120 100:3.3210457e7
29 55 110 90 24 66 102 57 70 2 97 38 36:3.3738573e7
56 45 2 36 90 24 42 120 100:3.0286369e7
56 94 63 2 36 38 90 42 120:3.0895013e7
56 114 94 45 2 36 90 42 120 100:3.1130695e7
29 55 110 90 24 66 57 70 41 2 97 36:3.045467e7
70 94 2 36 38 90 24:3.0982556e7
114 63 2 36 38 94 24 42 120:3.2093882e7
56 114 94 90 24 63 45 38 42 120 100:3.3252604e7
67 97 38 36 90:3.012249e7
29 94 110 24 66 102 57 70 97 38 36:3.0339632e7
56 94 63 2 97 36 24 42 120:3.0798647e7
114 63 45 97 38 36 94 90 42 120:3.0512604e7
94 90 24 66 102 57 70 41 2 36 38:2.9957461e7
70 29 94 110 36 90 24 66 102 57:2.9807065e7
56 114 94 90 24 45 2 38 97 42 120:3.1605768e7
56 114 63 45 36 38 24 42 120:3.1597683e7
56 114 94 90 45 97 38 36 42 120 100:3.078499e7
29 55 110 94 90 24 66 57 70 97 38 36:3.0013771e7
56 114 94 24 63 2 97 38 42 120 100:3.2595531e7
29 55 94 90 24 66 102 57 70 2 97 36:3.1326509e7
94 63 45 2 38 36 90 24 42 120:3.393981e7
41 94 97 38 36 90 57:3.0015133e7
29 94 110 90 24 66 102 57 70 41 97 38 36:3.293882e7
29 55 110 90 24 66 102 57 70 41 97 36:3.1065414e7
56 114 63 45 2 38 94 24 42 120:3.2765418e7
56 114 63 45 36 38 94 24 120:2.99207e7
56 114 94 97 38 36 90 24 42 120:2.983841e7
56 94 63 45 36 38 90 24 42 120:3.3459165e7
29 55 110 94 90 66 102 57 70 41 2 97 38 36:3.3893895e7
56 94 45 2 97 36 24 42 120 100:3.095641e7
94 24 63 45 2 38 97 36 42 120 100:3.4271464e7
56 114 90 24 63 45 2 97 36 42 120:3.5500098e7
56 114 90 45 2 38 97 36 42 120 100:3.1979881e7
56 114 94 90 24 63 36 38 42 120 100:3.4602519e7
56 114 90 24 63 45 2 38 97 36 120:3.3904178e7
114 94 90 24 45 97 38 36 42 120 100:3.1307782e7
114 94 90 24 63 45 97 38 36 120 100:3.1656654e7
63 2 36 38 90 24 42 120:3.0077634e7
56 114 63 45 2 36 94 90 120 100:3.1479567e7
56 114 94 90 24 63 45 97 42 120 100:3.2017282e7
29 55 94 66 102 57 70 41 2 97 38 36:3.0053865e7
56 114 94 2 97 36 24 42 120 100:3.0515769e7
56 114 63 2 97 36 90 24 42 120:3.2978093e7
56 94 63 2 90 24 42 120 100:2.9763063e7
94 67 36 38 104 90 23:3.2935129e7
29 55 90 24 66 102 57 70 2 36 38:3.085437e7
114 63 45 2 97 36 24 42 120 100:3.2427001e7
56 114 45 97 38 36 90 24 42 120:3.0438033e7
29 55 110 90 24 66 102 70 41 2 36 38:3.1474164e7
56 114 94 90 24 63 45 2 38 120 100:3.2770512e7
56 114 94 90 63 2 36 38 42 120 100:3.4560372e7
79 94 97 88 36 90:3.1113134e7
29 110 90 24 66 102 57 70 41 36 38:3.0978287e7
63 45 2 38 36 90 24 42 120 100:3.3601423e7
56 114 63 45 2 97 94 42 120 100:2.9954671e7
94 67 36 38 104 90 23 1:3.0143614e7
94 110 24 66 102 57 70 41 2 36 38:3.0722515e7
114 94 45 2 38 36 24 42 120:3.0052473e7
114 2 36 38 90 24 42 120 100:2.9784044e7
29 94 110 90 24 66 102 57 70 2 38:3.0569236e7
55 94 110 90 24 66 102 57 70 41 2 97 38 36:3.3835524e7
94 63 45 97 38 36 90 24 42 120:3.159066e7
56 114 63 2 97 38 36 24 120 100:3.0945704e7
56 114 63 2 36 38 94 24 120 100:3.2099963e7
29 94 110 90 24 66 102 57 70 2 36:3.205353e7
56 94 63 45 2 97 36 90 42 120:3.2181696e7
56 114 2 97 36 90 24 42 120 100:3.0613851e7
56 114 94 2 36 24 42 120 100:2.9747646e7
56 114 94 90 24 63 45 2 38 36 120:3.5058437e7
56 114 94 24 63 45 2 38 97 36 120:3.3806096e7
56 114 94 45 2 36 24 42 120:3.0685656e7
56 63 45 97 38 36 90 42 120 100:3.0729481e7
56 114 63 45 2 38 94 24 120 100:3.0750048e7
114 63 2 36 38 90 24 120 100:3.0146838e7
97 38 36 90 120:3.4746359e7
55 90 24 66 102 57 70 41 2 97 38 36:3.015411e7
63 45 2 36 90 24 42 120:3.0013983e7
29 55 110 90 24 66 102 57 70 2 97 38:3.0765885e7
55 94 110 90 66 102 57 70 2 97 38 36:3.0488574e7
94 63 45 2 36 90 24 120 100:2.9920995e7
94 90 24 63 45 97 38 36 42 120 100:3.3174655e7
29 55 110 90 24 66 102 57 70 41 2 97:3.0339191e7
114 63 45 2 38 36 94 24 120 100:3.198534e7
94 67 36:3.0489464e7
56 45 2 38 97 36 90 42 120 100:2.9898517e7
114 94 24 63 45 2 38 97 36 42 120 100:3.6352828e7
56 94 71 90 128 57 1 41 67 97 38 36 104:3.0747965e7
56 114 94 90 63 45 97 36 42 120 100:3.2729782e7
56 114 94 24 63 2 97 38 36 42 120 100:3.6467451e7
114 94 45 2 38 36 24 42 120 100:3.1636468e7
56 114 94 90 24 63 2 97 36 42 120:3.4900475e7
29 55 90 66 102 57 70 41 2 97 38 36:3.0212481e7
56 114 63 2 36 94 24 42 120:3.2111888e7
97 38 36 90:3.1643633e7
56 94 90 63 45 2 38 97 36 42 120:3.4185141e7
56 114 63 45 97 36 94 24 42 120:3.2284743e7
56 114 63 45 36 38 94 90 24 120:3.1941164e7
56 63 45 97 38 36 24 42 120:3.0284442e7
41 94 36 90:3.0246516e7
114 90 24 63 45 2 38 36 42 120 100:3.5682787e7
114 63 2 36 38 94 90 24 120:3.0492618e7
56 114 94 90 24 63 45 2 38 36 42 120 100:4.0241797e7
56 114 94 45 2 97 36 90 42 120:3.0314823e7
63 2 97 36 90 24 42 120 100:3.0433153e7
56 114 94 24 63 45 97 36 42 120 100:3.3868738e7
94 110 24 66 102 57 70 41 2 97 38 36:3.1304176e7
56 94 24 63 45 2 38 97 36 42 120 100:3.6908092e7
114 63 94 97 38 36 90 24 42 120:3.1758955e7
70 94 2 97 36 90 24 66:2.9944886e7
56 94 90 63 45 2 38 97 36 120 100:3.2169771e7
56 114 94 90 45 2 38 36 42 120 100:3.313414e7
94 63 45 97 38 36 90 42 120 100:3.0015235e7
56 114 94 2 36 38 90 42 120 100:3.0612135e7
29 55 110 90 24 66 57 70 41 2 36 38:3.1361403e7
29 55 110 90 24 66 102 57 70 41 2 97 38 36:3.4800273e7
56 94 45 97 38 36 90 24 42 120:3.0279051e7
29 94 110 90 24 66 102 57 70 97 36:3.0388726e7
63 45 2 38 97 90 24 42 120 100:3.0497626e7
56 114 63 2 97 38 94 90 42 120:2.987258e7
29 55 110 94 90 66 102 57 70 41 97 38 36:3.164743e7
56 114 63 2 97 38 36 94 42 120:3.1724036e7
114 63 45 97 36 90 24 42 120:2.9746197e7
114 63 45 2 97 36 94 24 90 120:3.1186487e7
56 114 94 90 24 63 45 2 38 97 120 100:3.3538635e7
29 94 110 90 24 66 102 57 70 2 36 38:3.3541924e7
56 114 63 2 94 38 24 42 120:3.0243413e7
56 114 63 94 36 90 24 42 120:3.1015079e7
29 55 110 94 90 24 66 102 70 41 2 38:2.9880348e7
94 67 36 90:3.6589736e7
114 94 90 63 45 2 38 97 36 120 100:3.1614507e7
56 90 24 63 45 2 38 97 36 42 120 100:3.7006174e7
56 114 94 90 24 45 97 36 42 120 100:3.1940965e7
56 114 94 90 63 45 36 38 42 120 100:3.3965104e7
29 55 94 90 66 102 57 70 2 36 38:2.9947992e7
56 114 63 94 97 36 90 42 120 100:3.0207777e7
114 63 45 2 38 36 94 42 120:3.084129e7
56 94 63 45 2 38 36 24 120 100:3.2540604e7
29 55 110 90 66 102 57 70 2 97 38 36:3.1453323e7
114 63 2 36 38 90 42 120 100:3.0590798e7
29 55 110 94 90 24 66 102 57 70 2 97 36:3.3629051e7
56 114 94 24 63 45 2 38 36 42 120 100:3.8221333e7
94 97 88 36:3.2393559e7
29 55 110 94 90 24 66 102 57 70 2 36 38:3.4535784e7
56 94 71 90 57 1 41 67 97 38 31 104 36:3.0299105e7
56 114 94 90 24 63 2 36 38 42 120:3.6135797e7
56 114 94 90 63 45 97 38 42 120 100:3.0861307e7
114 45 2 38 36 90 24 42 120:3.0150555e7
94 63 45 2 38 36 90 24 120 100:3.192444e7
56 114 90 24 63 45 97 38 36 42 120 100:3.5970265e7
114 63 45 36 38 90 24 42 120:3.0981519e7
56 114 63 2 36 90 24 42 120 100:3.3793965e7
56 114 63 2 36 90 24 120 100:3.01946e7
63 45 2 97 36 90 24 42 120:3.0782106e7
94 63 36 38 90 24 42 120 100:3.047483e7
29 55 110 94 90 24 66 102 70 41 2 97 38 36:3.3434697e7
55 110 90 24 66 102 57 70 41 2 36:3.0386597e7
56 94 63 45 2 36 24 120 100:3.0537159e7
114 63 45 2 36 24 42 120:3.0074883e7
56 94 90 24 63 45 2 97 36 42 120 100:3.6925111e7
56 94 90 128 23 57 1 41 67 36 38 31 104:3.1335436e7
114 94 45 2 38 36 90 42 120 100:3.0497512e7
56 94 45 2 36 90 24 42 120 100:3.2208751e7
114 63 45 97 38 36 94 24 90 120:3.0072659e7
55 94 90 24 66 102 57 70 2 97 38 36:3.0471282e7
56 94 45 2 38 36 90 24 120 100:3.0612831e7
56 114 90 24 63 45 2 38 36 120 100:3.472005e7
56 114 63 2 97 38 94 24 42 120:3.1011536e7
94 2 97 36 24 120:2.981185e7
56 94 90 63 45 2 38 97 36 42 120 100:3.5769136e7
56 94 63 97 38 36 90 24 42 120:3.1705283e7
56 63 45 2 38 36 90 42 120:3.1494636e7
56 114 94 90 24 63 2 97 38 36 120 100:3.488855e7
56 114 94 90 24 2 36 38 42 120 100:3.3771555e7
29 55 110 66 102 57 70 41 2 36 38:3.0395874e7
56 63 45 2 38 97 24 42 120 100:3.111379e7
56 94 90 57 23 41 67 97 38 36 104:3.0222869e7
55 94 110 90 24 66 102 57 70 97 38 36:3.0527359e7
56 114 63 45 36 38 90 24 42 120:3.3618147e7
29 55 110 94 90 24 66 102 57 70 2 38:3.1563096e7
29 55 110 94 24 66 102 57 70 41 2 97 36:3.3153263e7
56 94 90 57 23 1 41 67 36 38 31 104:2.9855608e7
56 94 71 90 128 57 41 67 97 38 31 104 36:3.0050315e7
114 94 90 24 63 45 2 38 97 36 120 100:3.4773927e7
29 94 110 24 66 102 57 70 41 2 36 38:3.3066136e7
94 110 24 66 102 57 70 41 2 97 36:2.9815782e7
56 114 2 97 38 36 90 24 42 120:3.1033301e7
56 114 63 97 38 36 90 24 42 120:3.1864265e7
29 110 90 24 66 102 57 70 2 97 38 36:3.2744713e7
56 114 63 45 2 38 90 24 42 120:3.28635e7
56 114 94 2 97 38 36 90 42 120:2.9796263e7
56 63 2 36 38 24 42 120 100:3.1695582e7
56 94 90 24 63 2 97 38 36 42 120 100:3.6406551e7
56 94 71 90 128 23 57 41 67 97 38 31 104 36:3.0901333e7
114 63 45 2 36 94 90 42 120 100:3.2442304e7
56 114 94 90 63 45 2 97 36 42 120:3.426306e7
56 63 45 2 38 36 24 42 120:3.2633592e7
29 55 94 90 66 102 57 70 41 2 97 38 36:3.1591353e7
56 94 63 45 2 38 97 36 90 120:3.0585776e7
56 114 63 45 97 36 94 24 120 100:3.0269373e7
55 94 110 90 24 66 102 57 70 2 36:3.0703769e7
56 114 63 45 36 38 94 90 42 120:3.2381109e7
56 94 71 128 23 57 1 41 67 97 38 31 104 36:3.0586375e7
29 55 110 90 24 66 102 57 70 2 36 38:3.3156912e7
56 94 63 45 36 90 24 42 120 100:3.3039715e7
55 94 110 90 24 66 102 57 70 41 36 38:3.1007398e7
56 114 94 24 63 45 2 38 97 120 100:3.1518171e7
56 90 24 63 45 2 38 36 42 120 100:3.6238051e7
94 67 97 36 104 90:3.236594e7
94 90 24 63 45 2 38 97 36 120 100:3.2692563e7
56 90 24 45 2 38 97 36 42 120 100:3.3057937e7
29 94 110 90 66 102 57 70 41 2 36 38:3.2318374e7
94 71 90 128 23 57 1 41 67 97 38 31 104 36:3.0007675e7
29 55 110 90 66 102 57 70 2 36 38:3.0871662e7
29 94 110 66 102 57 70 41 2 97 38 36:3.1362547e7
29 55 110 94 90 24 66 102 70 97 38 36:3.0126532e7
56 94 90 24 2 97 38 36 42 120 100:3.2458314e7
114 63 45 97 36 94 90 42 120 100:3.0093154e7
114 63 2 36 94 90 24 42 120 100:3.3729012e7
55 94 110 66 102 57 70 41 2 97 38 36:3.0012786e7
94 63 45 2 36 90 24 42 120 100:3.352036e7
114 94 90 63 45 2 38 97 36 42 120 100:3.5213872e7
114 94 90 45 2 38 97 36 42 120 100:3.1265635e7
29 55 110 24 66 102 57 70 41 2 97 38 36:3.3262785e7
29 24 66 102 57 70 41 2 97 38 36:2.9966383e7
56 114 94 90 63 45 2 36 42 120 100:3.5078932e7
114 63 45 2 90 24 42 120 100:2.9807422e7
56 114 63 45 36 24 42 120 100:3.1178233e7
56 114 94 63 45 2 38 97 36 42 120:3.4246041e7
56 114 94 90 24 63 45 2 36 42 100:3.0463053e7
114 63 45 97 38 36 90 42 120 100:3.0174217e7
56 114 94 90 24 45 2 97 36 120 100:3.1458873e7
29 55 110 94 90 24 66 57 70 41 36 38:3.049381e7
29 55 110 94 66 102 57 70 2 97 38 36:3.1294707e7
56 63 45 97 38 36 90 24 42 120:3.2304906e7
114 94 2 36 38 90 24 42 120 100:3.1744046e7
29 94 90 24 66 102 57 70 2 97 36:3.0332649e7
114 63 2 36 38 24 42 120 100:3.1748102e7
56 63 2 36 38 90 42 120 100:3.0556626e7
56 71 90 128 23 57 1 41 67 36 38 31 104:2.9980774e7
94 2 36 38 90 120:3.3544261e7
56 114 2 36 38 90 24 42 120 100:3.1849173e7
56 114 63 45 2 24 42 120 100:3.0423586e7
63 45 36 38 90 24 42 120 100:3.048415e7
114 63 45 2 97 36 24 42 120:3.0843006e7
29 55 110 94 90 24 66 102 57 70 41 2 36 38:3.5597484e7
55 94 110 90 24 66 102 57 70 41 97 38 36:3.1589059e7
56 94 71 90 128 57 1 67 97 38 31 104 36:3.0375983e7
36 38 90:3.0369951e7
56 114 94 24 45 2 38 97 36 120 100:3.1441854e7
56 94 2 97 36 90 24 42 120 100:3.0454869e7
29 55 110 90 24 66 102 57 70 2 97 36:3.2250179e7
29 55 110 94 24 66 57 70 41 2 36 38:3.1202787e7
94 63 2 36 38 24 42 120 100:3.1591002e7
29 94 110 90 24 66 102 57 70 41 2 97:3.0724203e7
56 114 63 94 36 38 90 42 120:2.9859104e7
114 63 45 2 94 90 24 42 120:3.0145809e7
56 114 63 2 97 36 94 24 42 120:3.2880011e7
114 63 2 36 38 94 90 42 120 100:3.25508e7
29 55 110 94 90 24 66 102 57 70 2 97 38:3.2144757e7
56 114 63 45 2 36 94 24 42 120:3.4633893e7
56 94 45 2 97 36 90 42 120 100:2.9817454e7
56 94 63 2 36 38 42 120 100:3.0458544e7
56 63 45 2 38 36 90 24 120:3.1054691e7
56 94 63 45 2 97 90 42 120 100:2.9893771e7
114 63 45 2 36 94 90 42 120:3.0858309e7
29 55 110 90 24 66 102 57 70 41 2 36 38:3.4218612e7
55 94 110 24 66 102 57 70 2 36 38:3.0654675e7
29 94 90 24 66 102 57 70 2 97 38 36:3.1821043e7
94 63 45 2 38 97 36 24 90 120:3.1108568e7
29 94 110 90 24 66 57 70 2 36 38:3.0684715e7
56 114 63 45 2 97 36 24 120:2.9880269e7
114 63 45 2 38 90 24 42 120:3.0226872e7
114 94 90 24 45 2 38 97 36 42 120 100:3.4425055e7
56 94 63 45 36 38 24 42 120:3.1438701e7
56 114 63 45 2 38 36 90 24 120:3.3136055e7
114 63 45 2 38 97 36 94 42 120:3.1609413e7
56 94 71 90 57 23 1 41 67 97 38 31 104 36:3.1150123e7
94 63 45 36 38 90 24 42 120 100:3.2406532e7
94 90 24 63 2 97 38 36 42 120 100:3.4433103e7
29 55 110 94 90 24 66 102 57 70 97 36:3.1382586e7
114 63 45 2 38 94 24 42 120 100:3.1712785e7
55 94 110 90 24 66 102 57 70 2 36 38:3.2192163e7
94 97 38 36 90:3.8481167e7
114 63 45 2 97 94 24 42 120 100:3.0477463e7
29 110 90 24 66 102 57 70 41 2 97 36:3.2318019e7
29 55 110 94 90 66 102 57 70 36 38:3.0004069e7
94 67 36 104 90 23:3.0575045e7
29 55 94 90 24 66 102 57 70 41 2 36 38:3.3294942e7
56 114 94 24 63 45 97 38 36 42 120 100:3.5872183e7
114 94 90 24 63 45 2 38 97 120 100:3.0902007e7
56 94 90 128 23 57 1 41 67 36 38 104:3.0304468e7
56 114 63 45 2 36 94 24 120:3.1034528e7
94 36 120:3.1022839e7
56 114 63 45 2 97 90 42 120 100:3.0052753e7
56 114 94 90 63 45 2 38 97 36 42 100:3.0075201e7
110 90 24 66 102 57 70 2 97 38 36:3.0401092e7
56 94 63 45 2 38 97 36 42 120:3.2164677e7
56 114 63 45 2 38 97 94 24 120:2.9934176e7
114 63 45 2 36 90 24 120 100:3.0079977e7
56 94 63 45 2 97 36 90 120 100:3.0166326e7
56 114 63 2 94 38 90 24 120 100:3.0248507e7
56 114 63 45 2 97 36 90 24 120:3.1900733e7
56 114 63 2 94 90 24 42 120:3.0260432e7
56 94 90 24 63 45 97 38 42 120 100:3.1939363e7
56 94 90 24 63 45 2 38 36 120 100:3.4561068e7
29 55 110 94 24 66 102 57 70 2 97 38:3.0607269e7
114 94 90 24 63 45 2 38 36 42 120 100:3.7605169e7
41 67 94 97 38 36 104 90 23:3.220562e7
56 114 63 45 2 38 97 94 42 120:3.0374121e7
41 67 94 97 38 36 104 71 90 1:2.9835966e7
56 114 94 90 63 45 2 38 97 42 120:3.2394585e7
29 55 94 90 24 66 102 57 70 97 38 36:3.0568438e7
56 114 94 90 24 63 45 2 38 97 42 120:3.5554005e7
56 94 63 2 97 38 90 24 42 120:3.0950636e7
114 63 45 2 38 94 90 24 42 120:3.2149254e7
56 114 94 90 63 45 2 38 97 36 120 100:3.4251135e7
114 63 45 2 36 94 24 42 120 100:3.358126e7
56 114 94 24 45 2 38 97 36 42 120 100:3.5041219e7
56 90 24 63 45 2 38 97 36 120 100:3.3406809e7
56 94 90 24 45 2 97 36 42 120 100:3.2976874e7
94 67 36 38 104 90 1:3.0113415e7
56 114 90 24 63 97 38 36 42 120 100:3.344826e7
56 63 45 2 38 36 90 24 42 120:3.4654056e7
114 63 45 36 38 94 24 42 120 100:3.2467432e7
56 94 63 2 36 24 42 120 100:3.1614519e7
56 114 63 45 97 36 24 42 120:3.0362361e7
94 63 45 2 97 36 24 42 120 100:3.2268019e7
29 94 110 24 66 102 70 41 2 97 38 36:3.0903349e7
41 67 94 97 36 104 90 23 1:2.9998344e7
41 67 94 97 38 36 104 90 23 1:3.283756e7
56 63 2 36 38 90 24 120 100:3.0116681e7
29 55 110 94 90 24 66 102 57 70 41 38:3.0378331e7
56 114 63 45 36 38 94 90 120 100:3.0365739e7
114 94 24 45 2 38 97 36 42 120 100:3.2404591e7
56 94 90 24 63 45 97 36 42 120 100:3.3807838e7
114 63 45 2 38 36 90 42 120 100:3.2523367e7
70 29 110 2 36 90 24 66 102 57:3.0674658e7
94 63 2 97 38 36 90 24 42 120:3.2818881e7
56 114 63 97 38 36 24 42 120:2.9843801e7
94 67 97 38 36 104 90 1:3.0890684e7
56 114 90 24 63 45 2 38 97 36 42 120 100:3.9087538e7
29 55 110 94 90 24 102 57 70 41 2 97 38 36:3.1432256e7
114 94 90 24 63 45 2 36 42 120 100:3.5601724e7
56 114 90 63 45 2 38 36 42 120 100:3.5159995e7
63 2 97 38 36 90 24 42 120:3.0858879e7
94 67 97 38 36 104 90 23 1:3.086161e7
56 114 90 24 63 45 2 97 42 120 100:3.3212173e7
56 94 63 45 36 38 90 42 120:3.0299745e7
56 114 94 24 63 45 36 38 42 120 100:3.510406e7
114 63 2 36 38 94 90 42 120:3.0936578e7
29 55 110 90 66 102 57 70 2 97 36:2.9964929e7
55 110 90 24 66 102 57 70 41 2 97 36:3.0968258e7
56 94 90 24 45 97 38 36 42 120 100:3.1863046e7
56 114 94 90 24 63 45 2 97 42 120 100:3.5134555e7
56 114 63 94 36 38 24 42 120:3.099806e7
56 94 90 24 45 2 38 36 42 120 100:3.4212196e7
56 114 63 45 38 90 24 42 120:2.9746227e7
56 94 63 45 38 90 24 42 120 100:3.117124e7
56 114 94 90 63 45 97 38 36 120 100:3.1133862e7
56 114 45 2 38 36 90 42 120 100:3.1211758e7
56 63 45 2 97 36 90 42 120 100:3.1843309e7
29 94 110 90 24 66 102 57 70 41 2:3.0142542e7
56 114 63 45 2 38 36 94 24 120:3.3037973e7
56 94 63 2 36 38 24 42 120 100:3.3617964e7
29 55 94 90 24 66 102 70 41 2 36 38:3.0550494e7
56 114 94 90 63 45 2 38 36 42 120:3.5498382e7
56 94 71 90 128 23 57 41 67 97 38 36 104:2.9870365e7
67 36 38 104 90 23:2.9728915e7
56 114 63 45 36 38 94 24 42 120:3.3520065e7
56 114 63 45 36 90 24 42 120:3.1614702e7
56 114 63 45 97 38 36 94 24 120:3.0688823e7
56 114 63 94 97 36 90 24 42 120:3.1783202e7
56 114 94 90 24 63 2 38 42 120 100:3.3847872e7
114 94 24 63 45 2 38 97 42 120 100:3.2480908e7
56 94 63 45 2 38 90 24 42 120:3.2704518e7
56 114 63 94 97 36 24 42 120:2.9762738e7
56 94 63 2 36 38 24 120 100:3.0018599e7
56 94 45 2 97 36 90 24 42 120:3.1392879e7
67 97 38 36 104 90 23:2.9965661e7
55 94 110 24 66 102 57 70 41 2 97 36:3.0809642e7
56 114 94 24 45 2 97 36 42 120 100:3.3037774e7
114 63 2 97 38 36 24 42 120 100:3.2529347e7
56 114 63 94 97 38 36 24 42 120:3.1766183e7
114 94 90 24 63 45 2 38 97 36 42 120 100:3.8373292e7
56 114 94 2 97 38 36 24 42 120:3.0935219e7
56 114 63 2 36 38 24 42 120 100:3.3776946e7
56 114 94 90 24 63 45 97 38 42 120 100:3.4020727e7
29 55 110 94 90 24 66 57 70 41 2 36:3.1251881e7
56 94 128 23 57 1 41 67 97 38 31 104 36:3.0064195e7
29 94 110 90 66 102 57 70 41 2 97 38 36:3.2900035e7
29 94 90 24 66 102 57 70 41 2 36:3.0812688e7
29 55 110 94 90 24 66 57 70 41 2 36 38:3.2740275e7
56 114 94 90 24 2 97 38 36 120 100:3.0940313e7
29 94 90 24 66 102 57 70 41 97 38 36:3.0636278e7
56 63 45 2 97 36 24 42 120:3.139827e7
56 63 2 97 36 24 42 120 100:3.046026e7
29 55 110 94 90 24 66 57 70 2 36:3.0190181e7
114 94 90 24 63 2 97 38 36 120 100:3.2888085e7
94 97 36 90:3.7726371e7
94 45 2 38 97 36 24 42 120 90:3.0759696e7
56 94 90 63 2 97 38 36 42 120 100:3.3247131e7
56 114 63 45 97 36 90 24 42 120:3.2382825e7
56 94 63 45 2 36 24 42 120 100:3.4136524e7
114 63 2 36 38 90 24 42 120:3.2194736e7
56 94 63 45 97 38 36 24 42 120:3.2206824e7
94 67 97 36 104 71 90:3.0657823e7
56 94 45 2 38 36 24 42 120 100:3.2191732e7
94 67 36 38:3.010582e7
56 114 63 45 2 36 24 120 100:3.0696141e7
110 90 24 66 102 57 70 41 2 97 36:2.9974398e7
56 114 94 90 24 45 97 38 36 42 120:3.2360415e7
56 114 94 90 2 97 38 36 42 120 100:3.1380258e7
114 94 90 24 63 2 97 36 42 120 100:3.4510257e7
114 63 2 97 38 94 90 24 42 120:3.0988991e7
56 94 63 2 36 38 90 24 42 120:3.4054433e7
56 114 63 45 2 97 36 94 42 120:3.2242596e7
56 2 97 38 36 90 24 42 120 100:3.0535932e7
56 94 90 24 63 45 2 38 97 36 42 120:3.7344561e7
2 97 36 90 24 120:2.9970232e7
29 55 90 24 66 102 57 70 41 2 97 38 36:3.2497731e7
55 94 90 24 66 102 57 70 2 36 38:2.9889621e7
56 114 63 2 36 38 42 120 100:3.0617526e7
56 114 63 2 97 36 24 42 120:3.0957629e7
29 94 90 24 66 102 57 70 41 36 38:3.0054617e7
29 55 110 94 90 24 66 102 70 41 97 38 36:3.1188232e7
29 55 110 94 90 24 66 102 70 41 2 36:3.1364642e7
114 94 2 36 38 90 24 42 120:3.0129824e7
29 55 110 90 24 66 102 70 41 2 36:2.998577e7
56 63 45 2 38 97 36 90 42 120:3.2262759e7
56 94 63 45 2 36 24 42 120:3.2552529e7
56 114 63 45 36 38 94 24 120 100:3.1504695e7
56 94 63 45 2 38 36 24 42 120:3.4555974e7
29 90 24 66 102 57 70 41 2 36 38:3.092221e7
56 114 63 45 2 38 36 24 42 120:3.4714956e7
114 63 45 2 36 94 90 24 120 100:3.2002359e7
56 114 90 24 63 2 97 38 42 120 100:3.2693613e7
56 114 63 45 2 38 97 24 42 120:3.1611159e7
29 55 110 90 24 66 102 57 70 41 2 97 38:3.1827585e7
94 63 45 2 38 36 24 120 100:2.9903976e7
94 67 97 38 36 104 90:3.3901664e7
56 114 94 90 63 45 2 38 97 36 120:3.266714e7
29 94 110 90 24 66 102 57 70 41 2 97 38 36:3.5185285e7
94 90 24 63 45 2 38 97 42 120 100:3.2420008e7
114 63 94 97 36 90 24 42 120 100:3.1333229e7
114 63 45 2 38 94 24 42 120:3.012879e7
56 114 63 45 2 38 94 90 42 120:3.1626462e7
114 63 45 36 38 94 24 42 120:3.0883437e7
2 36 38 90 24 120:3.1125421e7
94 67 97 38 36 90:3.4423446e7
56 63 45 2 38 36 42 120 100:3.1058167e7
56 94 63 45 97 38 24 42 120 100:2.9918899e7
94 67 88 90:3.042139e7
56 114 63 2 38 90 24 42 120 100:3.192549e7
56 94 45 2 36 24 42 120 100:3.0188287e7
114 63 2 97 38 36 90 24 120 100:3.0928083e7
56 94 63 45 2 38 90 42 120 100:3.1129093e7
29 94 90 24 66 102 57 70 2 36 38:3.1239382e7
56 114 63 2 94 38 90 24 42 120:3.2263877e7
56 114 63 97 38 36 90 24 120 100:2.9848895e7
56 94 63 2 38 24 42 120 100:2.9746044e7
29 94 110 90 66 102 57 70 41 36 38:3.0071909e7
114 63 2 97 38 36 94 42 120 100:3.1271189e7
56 94 63 45 97 36 90 42 120 100:3.0648418e7
56 94 63 2 36 38 90 42 120 100:3.2479008e7
29 94 110 90 24 66 102 70 41 2 97 38 36:3.2440837e7
56 114 94 90 24 45 2 38 97 36 42 120 100:3.7061683e7
29 55 110 24 66 102 57 70 41 2 97 36:3.1774391e7
56 114 63 45 97 36 90 24 120 100:3.0367455e7
56 114 94 90 24 63 45 97 38 36 120 100:3.4293282e7
56 94 71 128 57 1 41 67 97 38 31 104 36:2.9735357e7
29 94 110 90 24 66 102 57 70 41 97 38:2.9966132e7
56 24 63 45 2 38 97 36 42 120 100:3.498571e7
56 63 45 97 38 36 90 24 120 100:3.0289536e7
114 94 90 24 63 45 2 97 36 120 100:3.2770482e7
29 55 110 24 66 102 57 70 2 97 36:3.0712691e7
70 94 2 36 38 90 24 66:3.1166124e7
56 94 71 90 128 23 57 1 41 67 97 38 31 104 36:3.2629951e7
56 114 63 45 97 38 36 24 120 100:3.0350436e7
67 36 90:3.0980792e7
56 114 94 90 24 63 45 97 38 36 42 120:3.6308652e7
56 63 45 97 38 36 24 42 120 100:3.1868437e7
56 114 63 45 2 36 94 90 24 120:3.3054992e7
56 94 63 45 36 38 90 24 120 100:3.1443795e7
29 55 110 94 24 66 102 57 70 41 2 97 38:3.1668969e7
29 55 94 90 66 102 57 70 41 2 36 38:3.1009692e7
56 114 45 2 38 36 24 42 120 100:3.2350714e7
29 55 110 94 90 66 102 57 70 41 2 38:3.0339546e7
56 114 63 45 97 38 36 24 42 120:3.2365806e7
114 63 94 97 38 36 24 42 120 100:3.1312321e7
56 63 2 97 38 36 90 24 120 100:3.0884804e7
29 94 110 24 66 102 57 70 41 97 38 36:3.1401332e7
56 94 90 63 45 2 97 36 42 120 100:3.3765691e7
56 94 63 45 2 38 36 42 120 100:3.2980549e7
94 110 90 24 66 102 57 70 41 2 97 36:3.135327e7
56 94 63 45 36 38 90 42 120 100:3.188374e7
114 63 45 97 36 94 24 42 120 100:3.123211e7
29 55 110 90 24 66 102 57 70 41 2 97 36:3.3311879e7
114 63 2 36 38 94 24 42 120 100:3.3708104e7
56 114 94 24 63 45 2 38 36 120 100:3.4621968e7
56 114 90 24 63 45 2 38 97 36 42 120:3.7503543e7
56 63 45 2 38 97 36 24 120 100:3.1386345e7
29 94 110 90 66 102 57 70 41 2 36:3.082998e7
56 114 94 90 24 63 45 2 38 42 120 100:3.6369877e7
29 55 110 24 66 102 57 70 2 36 38:3.1619424e7
114 63 45 2 38 36 24 120 100:3.0062958e7
94 97 36 90 24 120:2.9904406e7
56 114 94 2 36 38 24 42 120 100:3.1751091e7
56 114 90 24 63 45 97 38 42 120 100:3.2098345e7
41 67 94 97 38 36 104 90:3.0947783e7
114 63 2 97 38 36 24 42 120:3.0915125e7
56 114 90 24 63 45 2 38 36 42 100:3.0544116e7
56 94 90 24 63 45 2 38 97 42 120 100:3.5056636e7
56 63 97 38 36 90 24 42 120:2.9782901e7
114 94 45 2 97 36 24 42 120 100:3.0401146e7
29 55 94 24 66 102 57 70 41 2 97 38 36:3.2339115e7
63 45 2 38 36 90 24 120 100:3.0002058e7
56 63 2 36 38 90 24 42 120:3.2132051e7
94 63 45 2 38 36 42 120 100:3.0343921e7
56 114 94 45 2 36 24 42 120 100:3.2269651e7
55 110 90 24 66 102 57 70 41 97 38 36:3.0210187e7
56 114 63 45 2 97 24 42 120 100:3.1191709e7
114 63 2 36 94 90 24 42 120:3.211479e7
29 110 24 66 102 57 70 41 2 97 38 36:3.2268925e7
56 94 90 24 45 2 38 97 42 120 100:3.1108399e7
114 94 90 24 63 45 2 38 36 42 100:2.982987e7
56 114 63 45 2 97 36 94 24 120:3.1802651e7
114 94 90 24 63 45 2 38 97 36 42 120:3.6789297e7
94 45 2 38 36 90 24 42 120 100:3.1575568e7
70 29 2 36 38 90 24 66 102 57:2.986051e7
56 114 63 45 2 36 94 90 120:2.9895572e7
56 114 63 2 36 94 90 24 120:3.0532987e7
114 94 90 24 63 45 2 38 42 120 100:3.3733249e7
114 63 2 94 38 90 24 42 120 100:3.1821968e7
29 55 90 24 66 102 57 70 41 2 36:3.0427676e7
114 94 45 2 36 90 24 42 120 100:3.1653487e7
56 114 63 45 97 36 24 42 120 100:3.1946356e7
29 94 110 24 66 57 70 41 2 36 38:3.0208927e7
29 94 110 90 24 66 57 70 41 97 38 36:3.0081611e7
29 55 110 94 24 66 102 70 2 97 38 36:3.0835509e7
114 94 90 24 45 2 38 97 36 42 120:3.284106e7
56 114 94 45 2 38 90 24 42 120:3.0837645e7
56 63 45 2 38 97 36 90 120 100:3.0247389e7
29 55 110 94 90 66 102 57 70 2 36:3.076214e7
56 63 2 97 38 36 24 42 120:3.087971e7
94 63 2 97 38 36 90 42 120 100:3.1214943e7
56 114 90 24 63 45 2 38 97 36 120 100:3.5488173e7
29 55 110 94 90 24 66 102 57 70 41 2:3.1136402e7
56 114 94 90 24 63 97 36 42 120 100:3.3367197e7
56 94 90 24 63 45 97 38 36 42 120:3.4227288e7
29 55 110 94 66 102 57 70 41 2 97 36:3.0868013e7
29 94 110 90 24 102 57 70 41 2 97 38 36:3.0438396e7
63 45 2 38 90 24 42 120 100:2.9729503e7
56 63 45 2 97 36 90 24 120 100:3.1403364e7
56 114 94 24 63 45 2 38 36 42 100:3.0446034e7
114 63 45 2 38 97 36 24 90 120:3.126755e7
29 55 24 66 102 57 70 2 97 38 36:2.9898543e7
56 114 94 24 63 45 2 38 97 36 120 100:3.5390091e7
29 55 110 94 90 24 66 102 57 70 41 97 38:3.0959992e7
70 29 110 2 38 36 90 66 102 57:2.9877802e7
29 55 110 90 24 66 102 57 70 97 36:3.0003714e7
36 88 90:3.4416052e7
29 55 110 90 24 66 102 70 41 2 97 36:3.0567431e7
56 94 36 38 90 120:3.1858465e7
55 94 110 90 24 66 102 57 70 2 97 38 36:3.2773824e7
56 114 63 2 97 38 36 94 90 120:3.0145135e7
55 94 110 24 66 102 57 70 2 97 38 36:3.1236336e7
56 94 90 24 63 2 36 38 42 120 100:3.5638428e7
94 36 38 90 120:3.803653e7
29 55 110 94 90 24 66 102 70 41 2 36 38:3.2853036e7
29 110 90 24 66 102 57 70 41 2 97 38 36:3.3806413e7
114 63 2 36 38 94 90 24 120 100:3.210684e7
29 110 24 66 102 57 70 41 2 97 36:3.0780531e7
55 94 90 24 66 102 57 70 41 2 36 38:3.0951321e7
56 94 71 90 57 23 1 67 97 38 31 104 36:2.9747173e7
114 63 45 2 38 36 24 42 120 100:3.3662323e7
29 110 90 66 102 57 70 41 2 97 36:3.0032769e7
55 94 90 24 66 102 57 70 41 2 97 36:3.0044588e7
29 55 110 90 24 66 102 57 70 41 97 38 36:3.2553808e7
94 67 36 88 90:3.8029366e7
29 94 110 90 24 66 102 57 70 41 2 36 38:3.4603624e7
56 94 63 45 97 36 24 42 120:3.0203379e7
114 63 97 38 36 90 24 42 120 100:3.1413175e7
114 63 45 97 36 90 24 42 120 100:3.1330192e7
114 90 24 45 2 38 97 36 42 120 100:3.2502673e7
56 94 63 45 97 38 36 24 120 100:3.0191454e7
29 55 110 66 102 57 70 41 2 97 38 36:3.0977535e7
29 55 110 90 24 66 102 70 2 97 38 36:3.0994125e7
56 114 63 2 97 36 94 24 120 100:3.0864641e7
114 63 45 2 97 36 94 24 120 100:3.0750018e7
56 114 94 90 24 63 45 36 38 42 120 100:3.7124524e7
56 114 63 45 36 38 42 120 100:3.0022258e7
56 114 63 45 97 38 36 90 24 120:3.0786905e7
56 114 94 24 63 45 2 38 97 36 42 120 100:3.8989456e7
56 94 2 97 38 36 90 24 42 120:3.0874319e7
29 94 24 66 102 57 70 41 2 36 38:3.0763594e7
114 63 2 36 38 94 42 120 100:3.0489944e7
29 55 110 94 90 66 57 70 41 2 36 38:3.0455025e7
56 45 2 38 36 24 42 120 100:3.026935e7
29 94 110 90 24 66 102 57 70 41 36:3.0868765e7
56 114 90 24 63 2 97 38 36 120 100:3.2966168e7
114 63 45 2 38 36 94 24 90 120:3.2421809e7
56 114 90 24 45 2 38 97 42 120 100:3.1267381e7
56 63 45 2 38 90 24 42 120 100:3.2366131e7
56 114 94 24 63 2 97 38 36 120 100:3.2868086e7
114 94 90 24 63 45 97 38 42 120 100:3.1384099e7
114 63 45 97 38 36 90 24 120 100:2.9734272e7
29 55 110 94 90 24 66 102 57 70 2 36:3.304739e7
56 114 90 63 45 2 97 36 42 120 100:3.3924673e7
114 94 90 24 63 45 2 97 36 42 120 100:3.6369847e7
56 114 63 45 2 36 90 42 120 100:3.315655e7
56 114 63 94 97 38 36 90 24 120:3.0187282e7
63 45 2 97 36 24 42 120 100:3.0345637e7
114 63 2 36 94 24 42 120 100:3.1668156e7
94 63 2 97 38 36 90 24 120 100:3.0770983e7
55 94 110 90 66 102 57 70 41 2 97 36:3.006188e7
114 63 45 2 38 36 94 24 42 120:3.400071e7
56 94 90 24 63 2 97 38 36 120 100:3.2807186e7
36 38 90 120:3.390625e7
56 114 90 24 63 45 2 38 97 120 100:3.1616253e7
56 114 94 90 24 63 45 2 97 42 120:3.355056e7
56 94 63 36 38 90 24 42 120:3.093716e7
41 67 94 36 38 104 90:3.0976926e7
56 114 63 94 36 38 90 24 120 100:3.1003154e7
56 94 90 128 23 57 41 67 97 38 31 104 36:3.0379153e7
29 90 24 66 102 57 70 2 97 38 36:3.0442171e7
56 114 90 24 45 2 38 97 36 120 100:3.1539936e7
114 63 45 36 38 94 90 24 42 120:3.2903901e7
56 114 63 36 38 90 24 42 120 100:3.2680137e7
56 114 90 63 45 2 38 97 42 120 100:3.2056198e7
56 114 45 36 38 90 24 42 120 100:3.1253905e7
56 114 63 2 97 94 90 24 42 120:3.1028555e7
56 114 63 45 36 94 90 24 120 100:3.1521714e7
56 63 2 36 90 24 42 120:3.0128606e7
56 63 45 2 38 36 90 42 120 100:3.3078631e7
29 110 90 24 66 102 70 41 2 97 38 36:3.1061965e7
56 114 63 45 2 97 36 94 90 120:3.0663695e7
114 63 2 36 38 94 24 120 100:3.0045984e7
29 55 110 90 24 66 102 70 41 2 97 38 36:3.2055825e7
56 114 45 2 36 24 42 120 100:3.0347269e7
94 63 45 2 36 90 24 42 120:3.1936365e7
63 45 2 38 97 36 24 42 120 90:3.2785551e7
56 94 90 45 2 38 97 36 42 120 100:3.1820899e7
56 114 63 45 36 94 24 42 120:3.151662e7
56 94 63 45 2 38 24 42 120 100:3.2268049e7
56 114 94 90 63 2 97 36 42 120 100:3.332505e7
29 94 110 24 66 102 57 70 41 2 38:3.0093448e7
56 114 63 2 97 38 36 90 120 100:2.9806748e7
2 97 38 36 90 120:3.0872973e7
29 55 110 90 24 66 102 57 70 41 2:2.975753e7
56 114 63 45 2 38 36 24 120 100:3.2699586e7
29 55 110 94 24 66 102 57 70 41 36 38:3.1813531e7
114 63 45 2 38 36 90 24 120:3.0499427e7
94 67 36 38 90:3.5131492e7
70 94 2 97 38 36 24 66:2.9895099e7
56 114 63 45 97 94 24 42 120 100:2.9996818e7
56 94 63 45 97 38 90 24 42 120:3.0355368e7
56 114 94 90 63 45 2 38 97 36 42 120:3.6266505e7
56 114 94 90 63 45 97 38 36 42 120 100:3.4733227e7
56 114 63 45 97 36 94 90 42 120:3.1145787e7
56 114 90 24 63 45 36 38 42 120 100:3.5202142e7
56 63 45 97 36 24 42 120 100:2.9864992e7
70 29 110 36 38 90 24 66 102 57:2.9916587e7
29 55 110 94 24 66 102 57 70 41 2 38:3.1087308e7
29 55 110 90 24 66 102 57 70 41 2 36:3.2730218e7
114 94 45 2 38 36 90 24 42 120:3.2072937e7
29 55 110 90 24 66 102 57 70 41 36 38:3.1972147e7
56 114 63 2 36 38 94 90 24 120:3.2536432e7
114 94 45 36 38 90 24 42 120 100:3.0539659e7
56 94 63 45 2 38 97 24 42 120:3.1452177e7
56 94 63 45 2 38 90 24 120 100:3.0689148e7
29 55 94 90 66 102 57 70 41 2 97 36:3.0102959e7
55 94 110 90 24 66 102 57 70 41 2 97 38:3.0862836e7
56 114 63 45 97 36 94 42 120 100:3.0709318e7
29 55 110 94 66 102 57 70 2 36 38:3.0713046e7
56 45 2 38 97 36 24 42 120 90:3.1473942e7
56 114 2 36 90 24 42 120 100:2.9845728e7
29 55 110 94 24 66 102 57 70 41 97 36:3.0906798e7
56 114 63 45 94 38 24 42 120 100:3.123214e7
56 114 63 94 36 38 90 42 120 100:3.1443099e7
94 90 24 63 45 2 38 97 36 42 120:3.4707933e7
56 94 63 45 2 36 90 24 42 120:3.4572993e7
56 94 63 2 97 38 36 90 42 120:3.1663136e7
94 110 90 66 102 57 70 41 2 36 38:2.9974753e7
56 90 24 63 45 2 97 36 42 120 100:3.5002729e7
56 114 63 45 36 38 90 42 120:3.0458727e7
114 63 2 97 38 36 90 42 120 100:3.1372043e7
114 63 2 97 36 94 24 42 120:3.0835179e7
29 110 90 24 66 57 70 2 97 38 36:2.9887504e7
94 97 36 90 24:3.0579879e7
114 63 2 97 36 24 42 120 100:3.0489399e7
56 114 63 2 97 36 94 90 120 100:2.9725685e7
56 114 63 94 97 38 90 24 42 120:2.9914727e7
56 114 63 45 2 38 97 36 90 120:3.0744758e7
56 114 94 90 24 63 45 97 38 36 42 120 100:3.7892647e7
56 114 94 90 24 63 45 2 97 120 100:3.153519e7
56 114 94 90 24 45 2 97 42 120 100:3.1186318e7
29 55 110 94 90 66 102 57 70 41 2 36:3.182384e7
114 63 45 2 38 36 94 42 120 100:3.2425285e7
56 114 94 90 24 2 97 38 42 120 100:3.0667758e7
56 114 63 45 2 94 90 24 42 120:3.2782437e7
56 114 94 90 63 45 2 97 36 120 100:3.224769e7
56 114 63 2 97 90 24 42 120 100:3.0690168e7
56 114 45 2 97 36 90 42 120 100:2.9976436e7
94 67 97 38 36 104 90 23:3.3057233e7
29 55 110 94 24 66 102 57 70 41 2 97:3.0180575e7
114 94 90 24 63 45 2 38 36 120 100:3.4005804e7
56 63 45 2 97 36 90 24 42 120:3.3418734e7
114 63 45 97 38 36 90 24 42 120:3.1749642e7
94 63 2 97 36 90 24 42 120:3.0778933e7
114 63 45 2 36 90 24 42 120 100:3.3679342e7
56 114 63 45 2 38 24 42 120 100:3.2427031e7
56 94 71 90 128 23 57 1 41 67 36 31 104:2.9855859e7
29 94 110 24 66 102 70 41 2 36 38:3.0321688e7
55 94 110 90 66 102 57 70 2 36 38:2.9906913e7
55 94 110 90 66 102 57 70 41 2 36 38:3.0968613e7
29 110 90 24 66 102 57 70 41 97 38 36:3.1559948e7
56 114 94 90 63 45 2 97 36 42 120 100:3.5847055e7
55 94 110 90 24 66 102 57 70 2 97 36:3.128543e7
114 63 45 97 38 36 24 42 120:2.9729178e7
56 114 63 45 2 38 97 42 120 100:3.0035734e7
56 94 63 45 2 38 97 36 24 120:3.1724732e7
114 63 94 36 38 90 24 42 120:3.097771e7
94 2 97 36 90 24 120:3.2734114e7
29 55 110 90 66 102 57 70 41 2 97 38 36:3.2515023e7
114 63 2 97 36 94 90 42 120 100:3.1292097e7
56 94 63 45 2 97 36 24 120 100:3.1305282e7
94 63 45 2 38 36 24 42 120:3.1919346e7
56 94 63 2 36 90 24 42 120:3.2050988e7
29 55 110 24 66 102 57 70 2 97 38 36:3.2201085e7
94 2 36 38 120:3.0274453e7
29 110 24 66 102 57 70 41 2 36 38:3.1687264e7
94 2 97 38 36 90 120:3.3883761e7
29 94 110 90 24 66 102 57 70 41 2 97 36:3.3696891e7
55 94 110 24 66 102 57 70 41 2 36 38:3.1716375e7
114 63 45 2 97 36 94 90 42 120:3.1626432e7
114 94 2 97 36 90 24 42 120 100:3.0485343e7
67 97 38 36 104 90:3.0599618e7
56 114 94 45 2 38 36 24 120 100:3.0673731e7
56 114 63 2 97 38 36 94 24 120:3.1284091e7
56 94 90 24 45 2 38 97 36 42 120:3.3396324e7
56 63 45 2 38 97 36 24 120:2.980235e7
114 45 2 36 90 24 42 120 100:2.9731105e7
114 63 2 97 38 36 94 24 90 120:3.1273863e7
114 63 2 97 38 94 24 42 120 100:3.0542357e7
56 114 94 24 63 45 2 97 36 42 120 100:3.6986011e7
56 114 94 63 45 2 38 97 36 120 100:3.2230671e7
29 94 110 24 66 102 57 70 41 2 97 36:3.2159403e7
56 114 94 90 24 63 45 36 38 42 120:3.5540529e7
29 94 110 90 66 102 57 70 2 36 38:3.1256674e7
41 67 94 36 38 104 71 90 23 1:3.0346207e7
29 55 94 90 24 66 102 57 70 2 97 38 36:3.2814903e7
29 55 110 94 90 66 102 70 41 2 36 38:3.0567786e7
56 94 90 24 45 2 38 97 36 42 120 100:3.4980319e7
56 63 2 97 38 36 24 42 120 100:3.2463705e7
94 110 90 24 66 102 70 41 2 97 38 36:3.0097216e7
29 55 94 90 24 66 102 57 70 41 2 97 38:3.0903915e7
56 114 94 90 24 45 97 38 36 42 120 100:3.394441e7
56 114 94 24 63 45 97 38 42 120 100:3.2000263e7
94 67 36 88 104 90:3.1539692e7
29 110 90 24 66 102 57 70 41 2 38:3.0252064e7
114 94 90 24 63 97 38 36 42 120 100:3.3373177e7
29 55 110 94 90 24 66 102 57 70 2 97 38 36:3.5117445e7
29 55 110 90 24 102 57 70 41 2 97 38 36:3.0053384e7
29 110 90 24 66 102 57 70 2 36 38:3.2163052e7
56 114 94 24 63 45 2 38 97 36 42 120:3.7405461e7
56 63 2 97 38 90 24 42 120 100:3.0612249e7
29 94 90 24 66 102 57 70 41 2 97 38 36:3.2882743e7
63 45 2 38 36 90 42 120 100:3.0442003e7
56 94 63 2 36 38 24 42 120:3.2033969e7
114 63 2 97 38 36 94 24 42 120:3.2875127e7
56 94 63 45 97 36 90 24 42 120:3.2223843e7
56 94 71 90 128 57 1 41 67 97 36 31 104:2.9777176e7
55 94 110 90 24 66 102 57 70 41 2 38:3.0281175e7
56 114 94 24 63 2 97 36 42 120 100:3.4464006e7
94 67 97 38 36 104:3.0304616e7
114 63 45 2 38 97 94 90 42 120:2.9757957e7
29 55 110 94 90 24 66 102 57 70 36 38:3.2289319e7
56 114 63 45 36 38 90 24 120:3.0018782e7
63 2 97 38 36 90 24 42 120 100:3.2473101e7
29 94 110 90 24 66 102 57 70 41 2 36:3.311523e7
29 94 110 90 24 66 102 70 41 2 36:3.0370782e7
114 63 45 2 38 36 94 24 120:3.0401345e7
29 55 110 94 90 66 102 57 70 2 36 38:3.2250534e7
29 55 110 94 24 66 102 57 70 41 2 97 38 36:3.4641657e7
29 94 110 90 24 66 102 70 2 97 38 36:3.1379137e7
56 114 63 45 2 97 36 90 42 120:3.2340678e7
94 63 2 36 90 24 42 120 100:3.161191e7
56 114 90 24 63 2 97 38 36 42 120 100:3.6565533e7
29 55 110 94 90 24 66 57 70 2 97 36:3.0771842e7
94 2 97 38 36 90 24 42 120 100:3.0408189e7
94 97 36 90 120:3.6630894e7
94 110 90 66 102 57 70 41 2 97 38 36:3.0556414e7
56 114 90 63 45 2 38 97 36 42 120 100:3.5928118e7
56 114 63 2 36 38 90 24 120 100:3.2198045e7
56 114 63 45 2 38 94 42 120 100:3.1189993e7
29 110 90 66 102 57 70 2 97 38 36:3.0459463e7
114 63 45 2 94 90 24 42 120 100:3.1729804e7
29 55 110 94 90 66 102 57 70 41 36 38:3.1065769e7
29 55 94 24 66 102 57 70 41 2 36:3.026906e7
63 45 2 38 36 24 42 120 100:3.1580959e7
56 114 63 2 97 38 24 42 120 100:3.0673149e7
94 63 2 97 38 90 24 42 120 100:3.0486111e7
56 114 94 90 24 45 2 36 42 120 100:3.4290115e7
29 55 94 24 66 102 57 70 41 97 38 36:3.009265e7
56 94 90 128 23 57 1 41 67 97 38 31 104 36:3.2107771e7
56 114 94 2 97 36 90 24 42 120:3.0952238e7
56 114 90 24 63 45 2 38 42 120 100:3.4447495e7
114 94 90 24 63 45 2 38 97 42 120:3.2917377e7
94 2 97 38 36 120:3.0702297e7
29 94 110 24 66 102 57 70 2 97 38 36:3.2586097e7
114 63 2 36 90 24 42 120 100:3.176901e7
56 63 45 97 36 90 24 42 120 100:3.1885456e7
94 63 45 2 97 36 90 24 120 100:3.0689118e7
56 114 94 90 24 63 45 2 38 36 42 120:3.8657802e7
56 114 94 90 24 45 2 38 36 42 120 100:3.629356e7
56 63 45 97 38 90 24 42 120 100:3.0016981e7
114 63 94 97 38 36 90 42 120 100:3.0155017e7
67 97 36 90:3.0435377e7
56 114 94 90 24 45 2 38 36 42 120:3.4709565e7
56 114 63 45 2 97 94 24 42 120:3.1530096e7
56 63 45 2 38 97 90 42 120 100:2.9974834e7
29 94 110 24 66 102 57 70 2 97 36:3.1097703e7
56 114 63 45 2 38 97 36 24 120:3.1883714e7
56 94 63 45 2 38 97 90 42 120:3.0313221e7
29 55 110 94 66 102 57 70 41 97 38 36:3.0109942e7
29 110 90 24 66 57 70 41 2 97 38 36:3.0949204e7
56 94 90 24 63 45 2 97 36 42 120:3.5341116e7
56 114 94 90 24 63 2 36 42 120 100:3.5716347e7
114 63 2 36 38 24 42 120:3.013388e7
110 90 24 66 102 57 70 41 2 36 38:3.0881131e7
56 114 94 90 24 63 45 2 38 97 36 42 120 100:4.100992e7
56 114 63 94 36 38 90 24 42 120:3.3018524e7
29 55 110 94 90 24 66 102 70 41 36 38:3.0606571e7
29 94 110 90 24 66 102 70 41 2 97 36:3.0952443e7
56 114 94 90 45 2 38 97 36 120 100:3.0302898e7
114 63 45 2 38 36 94 90 42 120:3.2861754e7
56 94 63 2 97 38 36 24 42 120:3.2802092e7
94 63 2 97 36 24 42 120 100:3.0332299e7
94 67 36 38 104 71 90:3.1703131e7
56 114 63 2 97 38 36 42 120:2.9801654e7
55 94 110 90 24 66 102 70 41 2 36 38:3.0509415e7
29 55 110 94 90 66 102 57 70 41 2 97 38:3.0921207e7
29 55 110 94 90 24 66 57 70 2 36 38:3.1678575e7
114 63 45 2 97 90 24 42 120 100:3.0575545e7
56 63 45 2 38 97 90 24 42 120:3.1550259e7
56 94 45 2 38 90 24 42 120 100:3.0340276e7
94 2 97 38 36 24 120:3.2062726e7
56 94 63 45 2 97 24 42 120 100:3.1032727e7
29 55 110 94 24 66 102 57 70 97 36:2.9845098e7
29 55 110 24 66 102 57 70 41 2 36 38:3.2681124e7
29 55 110 94 90 24 66 102 57 70 2 97:3.0656363e7
55 110 24 66 102 57 70 41 2 97 38 36:3.0919164e7
29 55 110 94 90 66 57 70 41 2 97 38 36:3.1036686e7
56 114 94 2 36 38 90 24 42 120:3.218756e7
29 55 110 90 66 102 70 41 2 97 38 36:2.9770575e7
56 114 63 2 90 24 42 120 100:2.9922045e7
29 55 110 94 90 24 66 102 57 70 41 97 38 36:3.393268e7
56 94 2 97 38 36 24 42 120 100:3.043785e7
41 67 94 36 38 104 90 23 1:3.2148664e7
29 55 110 94 24 66 102 57 70 2 97 36:3.2091563e7
114 63 45 2 97 36 94 42 120 100:3.1189963e7
56 114 63 97 36 90 24 42 120 100:3.1444815e7
79 94 36 88 90:3.336299e7
56 114 94 90 24 45 2 38 97 36 120:3.1878323e7
94 36 90 24:3.0596328e7
114 63 45 2 38 97 24 42 120 100:3.0558526e7
94 36 38:2.9775555e7
94 45 2 38 36 90 24 42 120:2.9991573e7
56 114 63 45 2 94 90 42 120 100:3.1207012e7
56 94 24 63 2 97 38 36 42 120 100:3.4386087e7
56 114 63 45 2 90 24 42 120 100:3.244405e7
29 55 94 90 24 66 102 57 70 2 36:3.0744848e7
29 55 110 90 66 102 57 70 41 2 36 38:3.1933362e7
114 94 90 24 45 2 38 97 36 120 100:3.082569e7
29 94 110 90 24 66 102 57 70 41 2 97 38:3.2212597e7
56 114 63 94 36 38 24 42 120 100:3.2582055e7
56 114 94 90 24 63 2 97 36 42 120 100:3.648447e7
56 45 2 38 97 36 24 42 120 100:3.1037473e7
55 110 90 24 66 102 57 70 41 2 36 38:3.1874991e7
114 63 45 36 38 24 42 120 100:3.054505e7
29 55 110 94 24 66 57 70 41 2 97 36:3.0296054e7
56 114 94 90 24 63 45 2 97 36 42 120 100:3.9006475e7
56 114 63 45 2 94 90 24 120 100:3.0767067e7
56 90 128 23 57 1 41 67 97 38 31 104 36:3.0230929e7
56 114 63 36 38 24 42 120 100:3.0659673e7
56 114 63 45 2 38 36 24 120:3.1115591e7
56 63 2 97 38 36 90 42 120 100:3.1324749e7
114 94 90 63 45 2 38 97 42 120 100:3.1341952e7
67 36 88:3.0223108e7
94 36 38 120:3.363769e7
56 63 45 97 36 90 24 42 120:3.0301461e7
29 55 110 94 90 24 102 57 70 2 36 38:2.9788895e7
114 63 45 2 36 94 42 120 100:3.042184e7
29 94 90 24 66 102 57 70 41 2 97 38:2.9910055e7
29 94 24 66 102 57 70 2 97 38 36:3.0283555e7
56 114 45 2 38 97 36 90 42 120:3.0395886e7
55 110 24 66 102 57 70 2 97 38 36:2.9857464e7
94 63 2 97 38 36 24 42 120 100:3.2372247e7
56 94 63 45 2 36 90 24 120 100:3.2557623e7
56 94 90 24 63 45 2 38 97 42 120:3.3472641e7
56 114 63 45 2 94 24 42 120 100:3.2345968e7
29 55 110 94 66 102 57 70 41 2 36 38:3.1774746e7
55 110 90 66 102 57 70 41 2 97 38 36:3.0171402e7
29 55 110 94 90 24 66 102 70 2 97 38 36:3.2372997e7
56 94 45 2 38 36 24 42 120:3.0607737e7
29 55 110 94 90 66 102 57 70 2 97 36:3.1343801e7
56 114 63 45 2 38 36 42 120 100:3.3139531e7
29 55 110 94 24 66 102 57 70 41 97 38 36:3.2395192e7
56 94 63 2 38 90 24 42 120 100:3.1766508e7
70 29 94 110 36 38 24 66 102 57:2.9757971e7
56 114 63 45 36 94 42 120 100:2.9941195e7
94 67 36 88 38 90:3.1406194e7
63 45 2 97 36 90 24 42 120 100:3.2366101e7
114 94 90 24 45 2 38 97 42 120 100:3.0553135e7
56 114 63 94 38 90 24 42 120 100:3.0730599e7
29 94 110 90 24 66 57 70 41 2 36:3.0258021e7
70 29 55 110 2 36 24 66 102 57:3.013103e7
56 97 38 36 90 120:3.006013e7
94 63 45 2 38 97 24 42 120 100:3.0399544e7
29 55 94 90 24 66 102 57 70 41 36 38:3.1048477e7
56 114 63 45 94 38 90 24 42 120:3.1668609e7
56 114 90 24 63 45 2 38 97 36 42 100:3.1312239e7
56 114 94 90 24 2 97 38 36 42 120:3.2955683e7
56 94 90 57 1 41 67 97 38 31 104 36:2.9776925e7
29 94 110 90 24 66 102 57 70 41 36 38:3.2357159e7
56 114 94 90 24 63 45 2 36 42 120 100:3.8238352e7
56 94 63 45 2 38 36 90 120 100:3.1401648e7
114 63 2 36 38 94 90 24 42 120:3.4154738e7
56 63 45 2 38 97 36 42 120:3.0242295e7
94 63 45 2 36 24 42 120:2.9915901e7
55 94 110 24 66 102 57 70 2 97 36:2.9747942e7
29 110 66 102 57 70 41 2 97 38 36:2.9983675e7
114 63 45 2 36 94 90 24 42 120:3.4017729e7
56 94 63 45 2 97 36 42 120:3.0161232e7
56 94 63 45 36 38 90 24 120:2.98598e7
56 114 63 45 2 97 90 24 42 120:3.1628178e7
114 45 2 38 97 36 24 42 120 90:3.0918678e7
56 114 63 2 36 38 90 42 120:3.1053995e7
29 55 110 94 66 102 57 70 41 2 97 38 36:3.2356407e7
114 94 90 24 63 45 2 97 36 42 120:3.4785852e7
114 94 2 97 38 36 24 42 120 100:3.0464435e7
56 94 90 128 57 1 41 67 97 38 36 104:3.0225785e7
114 63 36 38 90 24 42 120 100:3.063193e7
94 90 24 63 45 2 38 36 42 120 100:3.5523805e7
29 55 110 94 24 66 57 70 2 97 38 36:3.0722748e7
56 114 63 94 97 38 36 24 120 100:2.9750813e7
56 114 90 24 63 45 2 38 97 42 120:3.3631623e7
56 63 2 97 36 90 24 42 120:3.0896729e7
56 114 94 90 24 63 2 36 38 42 100:2.9944493e7
29 55 110 90 24 66 102 57 70 97 38 36:3.1492108e7
56 114 94 90 24 63 45 2 42 120 100:3.4366432e7
114 94 90 24 63 2 97 38 36 42 120:3.4935983e7
56 114 94 90 24 63 45 2 97 36 120 100:3.540711e7
114 63 2 97 36 94 90 24 120 100:3.0848137e7
114 94 90 63 2 97 38 36 42 120 100:3.3332045e7
56 94 63 2 97 38 36 24 120 100:3.0786722e7
56 114 90 63 45 2 38 97 36 42 120:3.4344123e7
114 63 45 2 38 36 90 42 120:3.0939372e7
56 114 90 24 2 97 38 36 42 120 100:3.2617296e7
56 114 63 2 36 38 94 42 120:3.0955913e7
56 114 63 45 2 38 94 90 24 120:3.1186517e7
56 114 90 24 63 45 97 36 42 120 100:3.396682e7
63 2 97 38 36 24 42 120 100:3.0412245e7
56 94 63 36 90 24 42 120 100:3.051771e7
29 94 110 24 66 102 57 70 41 2 97 38 36:3.3647797e7
97 38 36 120:3.0454223e7
55 110 90 24 66 102 57 70 2 97 38 36:3.1394952e7
56 114 94 24 63 45 97 38 36 120 100:3.2272818e7
94 110 90 24 66 57 70 41 2 97 38 36:2.9984455e7
56 114 63 2 36 38 94 90 120 100:3.0961007e7
94 63 2 36 38 90 24 42 120:3.2037636e7
56 114 90 24 63 2 97 38 36 42 120:3.4981538e7
114 63 45 36 38 94 90 24 120 100:3.0888531e7
56 114 94 90 24 63 97 38 36 42 120:3.3786647e7
56 114 94 90 63 2 97 38 36 120 100:3.172913e7
114 94 24 63 45 2 38 97 36 120 100:3.2753463e7
70 29 94 110 2 36 24 66 102 57:3.0516042e7
94 67 97 88 38 36 90:3.0025918e7
56 94 71 128 23 57 1 41 67 36 38 31 104:2.981404e7
114 94 90 24 45 2 38 36 42 120 100:3.3656932e7
56 94 63 45 2 97 36 42 120 100:3.1745227e7
114 63 45 2 38 97 36 24 42 120:3.2846451e7
56 114 94 90 63 2 97 38 36 42 120 100:3.5328495e7
29 55 90 24 66 102 57 70 41 97 38 36:3.0251266e7
29 90 24 66 102 57 70 41 2 97 36:3.0015477e7
56 114 90 24 45 2 97 36 42 120 100:3.3135856e7
56 114 90 24 63 45 2 38 36 42 120:3.673542e7
56 114 94 45 36 90 24 42 120 100:3.1172842e7
41 67 97 38 36 104 90 23 1:3.0188122e7
29 55 110 94 90 24 66 57 70 41 97 38 36:3.1075471e7
56 94 63 2 97 36 90 24 42 120:3.2819111e7
29 55 110 24 66 57 70 41 2 36 38:2.9823915e7
94 11 97 38 36 90:3.1161612e7
56 114 63 45 2 36 90 24 42 120:3.4731975e7
94 63 45 2 38 90 24 42 120 100:3.1651885e7
29 55 110 94 90 24 66 102 57 70 97 38 36:3.287098e7
29 55 94 24 66 102 57 70 2 97 36:2.9789021e7
114 94 90 24 45 2 97 36 42 120 100:3.242161e7
29 55 110 94 90 24 66 57 70 41 2 97 38:3.0349248e7
29 55 110 94 90 24 66 102 57 70 41 2 38:3.2624796e7
56 63 45 36 38 90 24 42 120:3.1536783e7
114 63 2 97 36 94 24 42 120 100:3.2449401e7
29 94 90 66 102 57 70 41 2 97 38 36:3.0597493e7
56 94 71 90 128 23 57 1 67 97 38 36 104:3.0196033e7
56 94 63 2 36 90 24 120 100:3.0035618e7
97 36 90 120:3.2360628e7
29 55 110 94 24 66 102 57 70 97 38 36:3.1333492e7
114 63 45 2 38 36 90 24 42 120:3.4098792e7
114 63 2 36 94 90 42 120 100:3.0510852e7
94 67 36 104 90:3.3246063e7
56 114 94 45 2 38 36 42 120 100:3.1113676e7
29 55 110 94 90 24 66 57 70 41 2 38:2.9767587e7
56 94 97 38 36 90 120:3.308359e7
114 63 45 36 38 90 24 42 120 100:3.2565514e7
29 94 90 24 66 102 57 70 41 2 36 38:3.2301082e7
29 94 110 66 102 57 70 2 97 38 36:3.0300847e7
29 55 110 94 24 66 102 57 70 2 36:3.1509902e7
56 94 63 45 97 36 90 24 120 100:3.0208473e7
56 114 45 2 97 36 90 24 42 120:3.1551861e7
56 114 63 2 97 36 94 90 42 120:3.1741055e7
56 114 63 94 97 38 36 42 120 100:3.0190758e7
114 90 24 63 45 2 38 97 36 120 100:3.2851545e7
56 94 45 2 38 36 90 24 42 120:3.2628201e7
56 94 63 2 97 36 90 24 120 100:3.0803741e7
94 67 97 36 104 90 23:3.0865015e7
114 63 2 36 94 90 24 120 100:3.0066892e7
5 94 36 90:3.0821122e7
114 63 45 2 97 36 94 24 42 120:3.2765388e7
56 94 63 45 2 38 36 90 120:2.9817653e7
56 63 45 2 38 24 42 120 100:3.0345667e7
29 110 90 24 66 102 57 70 41 2 36:3.1736358e7
56 90 24 63 45 2 38 97 36 42 120:3.5422179e7
114 94 90 24 63 45 2 38 36 42 120:3.6021174e7
56 114 63 45 2 94 24 42 120:3.0761973e7
29 94 110 90 24 66 102 70 2 36 38:3.0797476e7
56 94 63 97 38 36 90 42 120 100:3.0129858e7
56 114 90 63 2 97 38 36 42 120 100:3.3406113e7
56 94 63 2 97 38 36 90 24 120:3.1223191e7
56 114 63 45 2 36 24 42 120:3.2711511e7
56 94 63 45 97 36 24 42 120 100:3.1787374e7
56 94 45 2 36 90 24 42 120:3.0624756e7
56 114 94 90 24 63 45 2 38 97 42 120 100:3.7138e7
94 63 45 36 38 24 42 120 100:3.0386068e7
114 63 45 2 36 90 24 42 120:3.2095347e7
56 114 24 63 2 97 38 36 42 120 100:3.4545069e7
94 110 90 24 66 102 57 70 41 36 38:3.0013538e7
55 94 110 24 66 102 57 70 41 97 38 36:3.0051571e7
56 114 63 2 36 38 94 24 120:3.0515968e7
114 63 2 97 38 36 94 90 42 120:3.1717823e7
56 63 45 2 36 24 42 120:3.0630147e7
114 63 45 97 38 36 94 24 42 120:3.165156e7
56 114 63 2 36 90 24 42 120:3.220997e7
56 114 94 24 63 45 97 38 36 42 120:3.4288188e7
56 114 94 90 63 45 97 38 36 42 120:3.3149232e7
56 94 2 36 38 90 24 42 120:3.0106196e7
56 94 71 90 128 23 57 41 67 36 38 31 104:3.0128998e7
56 63 45 2 36 90 42 120 100:3.1075186e7
94 67 36 71 90:3.0039758e7
55 94 110 90 24 66 57 70 2 97 38 36:2.9916615e7
94 11 36 38 90:3.1533009e7
56 114 63 45 94 38 90 42 120 100:3.0093184e7
114 63 45 97 38 94 90 24 42 120:2.9800104e7
56 114 63 2 97 36 94 42 120 100:3.1304586e7
5 94 97 36 90:3.0941032e7
56 63 2 36 38 90 24 42 120 100:3.3716046e7
56 94 71 90 128 23 57 1 67 97 38 31 104 36:3.1227001e7
56 114 63 2 94 90 24 42 120 100:3.1844427e7
56 114 94 90 45 2 38 97 36 42 120:3.2318268e7
70 29 94 2 36 90 24 66 102 57:2.9750988e7
56 114 94 24 63 2 97 38 36 42 120:3.4883456e7
56 114 90 24 45 2 38 97 36 42 120:3.3555306e7
56 114 94 90 24 45 2 38 36 120 100:3.2694195e7
94 90 63 45 2 38 97 36 42 120 100:3.3132508e7
56 114 94 2 36 38 24 42 120:3.0167096e7
56 114 94 90 24 63 2 97 38 36 42 120 100:3.8487915e7
29 55 94 90 24 66 102 57 70 41 97 38 36:3.1630138e7
56 94 63 45 36 38 24 42 120 100:3.3022696e7
29 94 110 24 66 102 57 70 41 2 97 38:3.0675109e7
114 94 24 63 2 97 38 36 42 120 100:3.4489349e7
56 114 63 45 2 38 36 94 42 120:3.3477918e7
56 114 94 90 45 2 38 97 42 120 100:3.0030343e7
56 114 90 24 45 97 38 36 42 120 100:3.2022028e7
94 67 97 88 36 90:3.565087e7
56 94 45 2 38 97 36 90 42 120:3.0236904e7
56 114 63 2 97 38 36 24 42 120:3.2961074e7
70 94 2 97 38 36 90 24:3.1952936e7
55 94 110 90 24 66 102 57 70 41 2 36 38:3.3253863e7
56 114 94 90 24 63 45 97 36 42 120:3.4305207e7
29 90 24 66 102 57 70 41 2 97 38 36:3.1503871e7
56 114 63 45 97 38 94 24 42 120:3.0416268e7
56 94 63 45 36 90 42 120 100:2.9880295e7
56 45 97 38 36 90 24 42 120 100:2.9940664e7
29 94 110 90 24 66 57 70 41 2 97 36:3.0839682e7
70 29 110 2 38 36 24 66 102 57:3.0625564e7
114 90 24 63 45 2 38 97 36 42 120:3.4866915e7
114 63 45 2 38 97 90 24 42 120:3.0994995e7
56 114 94 63 45 2 38 36 42 120 100:3.5061913e7
56 114 94 90 24 63 45 97 38 120 100:3.0421362e7
56 114 94 24 45 97 38 36 42 120 100:3.1923946e7
56 114 63 45 2 36 94 42 120 100:3.3058468e7
56 114 94 90 63 45 2 38 97 120 100:3.0379215e7
29 55 94 90 24 66 102 57 70 41 2 97 38 36:3.3876603e7
41 67 94 97 38 36 104 23 1:2.995288e7
56 114 94 90 63 45 2 38 97 42 120 100:3.397858e7
56 114 94 90 63 45 2 38 36 120 100:3.3483012e7
29 55 110 94 66 102 57 70 2 97 36:2.9806313e7
55 110 90 24 66 102 57 70 2 36 38:3.0813291e7
114 63 45 2 38 90 24 42 120 100:3.1810867e7
114 63 45 2 36 90 42 120 100:3.0519922e7
114 63 45 36 94 90 24 42 120:3.0900456e7
56 63 45 2 36 90 24 42 120:3.2650611e7
56 94 63 2 97 36 90 42 120 100:3.1243686e7
114 63 45 2 38 97 36 90 42 120:3.1707495e7
29 55 110 94 90 24 66 57 70 41 2 97 38 36:3.3321936e7
56 114 63 45 36 94 90 24 42 120:3.3537084e7
56 114 63 2 97 94 24 42 120 100:3.0592086e7
56 94 71 90 128 23 57 1 67 97 36 104:2.9789246e7
56 114 63 45 97 36 94 90 24 120:3.0705842e7
114 63 2 36 94 24 42 120:3.0053934e7
114 63 45 2 38 24 42 120 100:2.9790403e7
56 63 45 2 38 97 36 24 90 120:3.1822814e7
56 114 90 24 63 45 2 97 36 120 100:3.3484728e7
56 114 63 45 2 36 94 24 120 100:3.2618523e7
114 63 2 94 90 24 42 120 100:2.978202e7
29 94 110 24 66 102 57 70 2 36 38:3.2004436e7
114 63 2 94 38 24 42 120 100:2.9761112e7
55 94 110 90 24 66 57 70 41 2 97 38 36:3.0978315e7
56 114 24 63 45 2 97 36 42 120 100:3.5063629e7
29 110 90 24 66 102 70 41 2 36 38:3.0480304e7
114 63 45 94 38 90 24 42 120 100:3.0615976e7
29 110 90 24 66 102 57 70 41 2 97 38:3.0833725e7
56 114 94 90 24 63 45 36 42 120 100:3.5121079e7
94 63 45 2 97 36 90 42 120 100:3.1129063e7
94 2 97 38 36 90 24 120:3.4933798e7
56 94 63 45 2 38 97 36 42 120 100:3.3748672e7
56 63 45 2 97 90 24 42 120 100:3.1130809e7
29 55 110 94 90 24 66 102 57 70 41 2 97 38:3.3206457e7
94 63 45 2 38 97 36 24 120 100:3.0672099e7
56 94 24 63 45 97 38 36 42 120 100:3.3790819e7
56 94 24 63 45 2 38 97 42 120 100:3.3036172e7
56 114 63 45 36 94 90 42 120 100:3.1961659e7
56 114 94 24 63 45 2 97 36 42 120:3.5402016e7
56 114 63 2 36 38 24 42 120:3.2192951e7
56 114 94 24 63 45 2 97 36 120 100:3.3386646e7
55 110 90 24 66 102 57 70 2 97 36:2.9906558e7
94 67 36 38 104 90:3.3640485e7
56 94 63 45 2 38 36 90 24 120:3.2977073e7
29 55 110 94 90 66 102 57 70 41 2 97 36:3.2405501e7
36 90 120:3.1315681e7
29 110 90 24 66 102 57 70 41 97 36:3.0071554e7
56 114 94 90 24 63 2 97 38 42 120 100:3.4615995e7
29 55 94 90 24 66 102 57 70 2 97 38:2.9842215e7
56 114 94 45 2 36 90 24 42 120:3.270612e7
94 63 45 2 38 36 90 42 120 100:3.2364385e7
94 110 90 24 66 102 57 70 41 2 97 38:2.9868976e7
29 110 90 24 66 102 57 70 2 97 36:3.1256319e7
110 90 24 66 102 57 70 41 2 97 38 36:3.1462792e7
56 94 63 45 2 38 97 90 24 120:2.9873276e7
94 63 45 2 36 24 42 120 100:3.1499896e7
29 94 110 90 66 102 70 41 2 97 38 36:3.0155587e7
114 63 45 2 36 94 24 120 100:2.9981895e7
56 94 63 36 38 90 24 42 120 100:3.2521155e7
94 63 2 36 38 90 24 120 100:2.9989738e7
56 114 63 45 38 90 24 42 120 100:3.1330222e7
56 94 2 36 38 90 24 42 120 100:3.1690191e7
94 67 36 104 71 90:3.1026197e7
29 55 94 90 24 66 102 57 70 41 97 36:3.0141744e7
56 94 90 24 63 45 2 38 97 36 120 100:3.5329191e7
114 63 2 94 38 90 24 42 120:3.0207746e7
56 114 94 90 24 97 38 36 42 120 100:3.1422405e7
56 114 94 90 24 63 45 2 38 42 120:3.4785882e7
29 94 110 24 66 102 57 70 41 97 36:2.9912938e7
29 55 110 94 24 66 102 57 70 2 97 38 36:3.3579957e7
56 114 63 2 36 94 90 24 42 120:3.4132352e7
29 55 110 94 24 66 102 57 70 2 36 38:3.2998296e7
56 114 90 24 45 2 38 97 36 42 120 100:3.5139301e7
56 114 63 45 97 38 36 90 42 120:3.122685e7
56 94 90 24 63 45 97 38 36 42 120 100:3.5811283e7
29 55 110 66 102 57 70 2 97 38 36:2.9915835e7
56 114 63 45 36 94 90 24 120:2.9937719e7
94 67 36 38 71 90:3.0023268e7
56 94 90 24 63 45 2 97 36 120 100:3.3325746e7
114 63 2 38 90 24 42 120 100:2.9861966e7
55 110 90 24 66 102 57 70 41 2 97 38 36:3.2456652e7
29 110 24 66 102 57 70 2 97 38 36:3.1207225e7
114 45 2 38 36 90 24 42 120 100:3.173455e7
56 114 94 90 24 63 45 36 38 120 100:3.3525159e7
94 63 45 2 38 36 90 42 120:3.078039e7
114 63 45 2 38 97 36 94 90 120:3.0030512e7
56 114 63 45 2 36 42 120 100:3.1136086e7
29 55 94 24 66 102 57 70 41 2 97 36:3.0850721e7
56 63 45 2 97 36 90 42 120:3.0259314e7
114 63 2 97 38 36 90 42 120:2.9757821e7
114 90 24 63 45 2 38 97 36 42 120 100:3.645091e7
29 94 110 90 66 57 70 41 2 97 38 36:3.0042826e7
114 63 45 2 38 97 36 24 94 120:3.1169468e7
56 114 63 2 36 24 42 120:3.0189506e7
114 63 97 38 36 90 24 42 120:2.9798953e7
29 55 110 24 66 102 57 70 41 2 36:3.119273e7
56 114 94 63 45 2 38 97 36 42 120 100:3.5830036e7
56 94 90 24 63 45 2 38 97 120 100:3.1457271e7
94 36 88 90:3.9490594e7
56 114 94 90 24 63 2 97 38 36 42 100:3.0712616e7
56 114 63 2 94 24 42 120 100:2.9823963e7
56 45 2 38 36 90 24 42 120 100:3.2289814e7
29 110 24 66 102 57 70 41 97 38 36:3.002246e7
94 36 88 38 90:3.0173363e7
29 55 110 94 90 24 66 102 57 70 41 2 97:3.1718063e7
114 63 45 97 38 36 24 42 120 100:3.1313173e7
56 94 63 45 97 38 36 42 120 100:3.0631399e7
56 114 94 24 63 97 38 36 42 120 100:3.3350178e7
56 94 90 128 57 1 41 67 97 38 31 104 36:3.1256753e7
56 114 63 2 97 36 90 42 120:2.9818673e7
56 94 36 90 120:2.9750851e7
56 94 97 36 90:3.1607751e7
94 63 2 36 90 24 42 120:2.9997688e7
29 55 94 90 24 66 102 57 70 2 36 38:3.2233242e7
94 63 45 2 38 97 36 42 120 100:3.1112044e7
114 63 94 36 38 90 24 42 120 100:3.2591932e7
29 55 110 94 90 66 102 57 70 41 2 36 38:3.3312234e7
56 114 94 90 24 63 2 97 38 36 42 120:3.690392e7
110 24 66 102 57 70 41 2 97 38 36:2.9925304e7
114 63 45 2 36 94 90 24 120:3.0418364e7
56 114 63 45 2 97 36 42 120:3.0320214e7
29 94 110 90 24 66 57 70 41 2 36 38:3.1746415e7
56 114 94 45 2 38 36 90 24 120:3.11102e7
56 114 94 90 63 2 97 38 36 42 120:3.37445e7
56 114 94 90 24 63 45 2 97 36 42 100:3.1231176e7
94 71 90 23 1 41 67 97 38 36 104:3.0936985e7
56 114 94 90 63 45 2 38 36 42 120 100:3.7082377e7
56 114 63 45 2 36 90 24 120:3.113261e7
56 114 63 2 97 36 90 24 120 100:3.0962723e7
29 110 90 24 66 102 70 2 97 38 36:3.0000265e7
56 114 94 24 63 45 2 36 42 120 100:3.6217888e7
56 114 94 24 63 2 36 38 42 120 100:3.5699328e7
56 94 45 2 38 97 36 24 90 120:2.9796959e7
94 67 36 38 104 71 90 23:3.0816179e7
94 36 90 120:3.5684551e7
56 114 63 2 36 38 94 24 42 120:3.4115333e7
56 114 63 2 38 24 42 120 100:2.9905026e7
55 94 110 24 66 102 57 70 41 2 36:3.0227981e7
114 63 45 2 97 36 90 24 42 120:3.286347e7
41 67 94 36 38 104 90 23:3.2287006e7
56 63 45 36 38 90 24 42 120 100:3.3120778e7
56 90 63 45 2 38 97 36 42 120 100:3.3846754e7
56 114 63 2 97 36 24 42 120 100:3.2541624e7
55 94 110 90 24 66 102 57 70 41 97 36:3.0100665e7
94 67 36 38 104:2.9920749e7
56 63 45 2 38 36 24 120 100:3.0618222e7
29 94 110 90 24 66 57 70 2 97 38 36:3.1266376e7
114 63 45 2 38 94 90 42 120 100:3.0573829e7
56 114 63 2 36 94 24 120 100:3.0096518e7
29 55 110 94 90 24 66 102 70 2 36 38:3.1791336e7
56 114 63 2 94 38 24 42 120 100:3.1827408e7
114 63 2 97 36 90 24 42 120 100:3.2550255e7
56 63 45 2 36 90 24 120 100:3.0635241e7
56 114 94 45 97 38 36 24 42 120:3.0339951e7
29 55 110 94 90 24 66 102 57 70 41 2 97 36:3.4690751e7
63 45 2 38 97 36 24 42 120 100:3.2349082e7
56 114 63 45 2 36 90 24 120 100:3.2716605e7
56 94 63 2 36 24 42 120:3.0030524e7
56 94 90 128 23 57 1 67 36 38 31 104:2.9932486e7
56 114 94 90 24 63 45 97 38 36 42 100:3.0117348e7
29 55 110 94 90 66 102 70 41 2 97 38 36:3.1149447e7
29 94 110 90 24 66 102 57 70 36 38:3.1295459e7
67 36 38 90:3.0506806e7
56 114 63 45 2 38 36 94 90 120:3.1899017e7
29 94 110 90 24 66 102 57 70 2 97 38 36:3.4123585e7
56 114 63 45 2 38 97 36 42 120:3.2323659e7
56 114 63 2 97 38 90 24 42 120:3.1109618e7
29 55 110 94 90 24 66 102 57 70 97 38:2.9898292e7
56 114 94 45 97 36 90 24 42 120:3.035697e7
114 94 90 24 2 97 38 36 42 120 100:3.2525291e7
114 45 2 97 36 90 24 42 120 100:3.0499228e7
55 94 110 90 24 66 57 70 41 2 36 38:3.0396654e7
56 114 94 45 36 38 24 42 120 100:3.1155823e7
56 114 63 2 97 36 90 42 120 100:3.1402668e7
56 63 45 2 38 97 36 42 120 100:3.182629e7
56 114 94 90 24 63 45 2 38 97 36 42:3.1650626e7
56 114 63 45 2 36 24 42 120 100:3.4295506e7
94 97 38 36:3.1069991e7
94 90 24 63 45 2 97 36 42 120 100:3.4288483e7
55 94 110 90 24 66 102 57 70 41 2 97 36:3.234713e7
56 114 94 90 24 2 97 36 42 120 100:3.2536233e7
56 114 94 24 63 45 2 38 97 42 120:3.3533541e7
56 94 45 97 38 36 24 42 120 100:2.9842582e7
56 114 63 45 2 38 36 90 120 100:3.156063e7
63 45 2 38 36 24 42 120:2.9996964e7
56 63 2 36 38 24 42 120:3.0111587e7
56 114 94 63 45 97 38 36 42 120 100:3.2712763e7
56 114 94 45 2 97 36 24 42 120:3.1453779e7
56 114 63 97 38 36 90 42 120 100:3.028884e7
94 97 38 36 120:3.4485899e7
29 55 110 94 24 66 102 70 41 2 36 38:3.1315548e7
56 114 63 2 36 38 90 42 120 100:3.263799e7
56 114 63 45 2 36 94 42 120:3.1474473e7
41 67 94 36 38 104 90 1:3.0941557e7
114 63 45 2 38 97 94 24 42 120:3.0896913e7
56 114 90 24 63 45 2 38 97 42 120 100:3.5215618e7
29 55 90 24 66 102 57 70 41 2 97 36:3.1009337e7
56 114 94 90 24 63 2 97 36 120 100:3.2885105e7
29 94 90 24 66 102 70 41 2 97 38 36:3.0138295e7
56 94 90 24 63 45 2 38 97 36 42 100:3.1153257e7
94 110 90 24 66 102 57 70 2 97 36:3.029157e7
94 67 97 38 36:2.9738622e7
56 114 94 45 2 38 97 36 42 120:3.0297804e7
29 55 110 94 90 66 102 57 70 97 38 36:3.058573e7
29 110 90 24 66 57 70 41 2 36 38:3.0367543e7
56 114 94 45 2 38 36 90 42 120:3.1550145e7
56 114 24 63 45 97 38 36 42 120 100:3.3949801e7
29 55 110 94 90 66 102 57 70 2 97 38:2.9859507e7
94 110 90 24 66 102 57 70 2 36 38:3.1198303e7
56 114 63 45 2 38 36 90 120:2.9976635e7
56 114 94 90 24 63 2 97 38 36 120:3.3304555e7
56 94 90 24 63 2 97 38 42 120 100:3.2534631e7
56 114 45 2 38 97 36 24 90 120:2.9955941e7
29 110 90 24 66 102 57 70 97 38 36:3.0498248e7
94 63 2 97 36 90 24 42 120 100:3.2393155e7
29 55 110 94 90 66 102 70 2 97 38 36:3.0087747e7
114 45 2 38 97 36 24 42 120 100:3.0482209e7
70 2 97 38 36 90 24 66:3.0073929e7
29 55 110 94 90 24 66 102 70 41 2 97 38:3.0462009e7
114 63 45 2 97 36 90 24 120 100:3.08481e7
56 114 94 90 24 63 2 36 38 120 100:3.4120427e7
56 94 90 24 63 2 97 36 42 120 100:3.4403106e7
79 94 67 36 88 90:3.1620866e7
94 63 97 38 36 90 24 42 120 100:3.1256075e7
56 63 45 2 36 24 42 120 100:3.2214142e7
56 114 63 45 36 38 90 24 120 100:3.1602777e7
56 114 94 90 24 63 97 38 36 120 100:3.1771277e7
29 55 110 94 24 66 102 70 41 2 97 36:3.0408815e7
56 94 63 97 38 36 24 42 120 100:3.1268814e7
67 97 88 36 90:3.2280118e7
94 97 38 36 90 120:3.8778035e7
94 2 97 36 90 120:3.1269859e7
56 94 63 45 2 97 36 24 42 120:3.3320652e7
94 63 45 2 38 36 90 24 120:3.0340445e7
29 55 110 94 90 24 66 57 70 2 97 38 36:3.2260236e7
56 63 45 36 38 90 42 120 100:2.9961358e7
56 114 63 94 97 36 24 42 120 100:3.1346733e7
94 67 97 38 36 104 71 90 23:3.078927e7
114 63 2 36 38 90 24 42 120 100:3.3808958e7
29 55 110 90 24 66 102 70 2 36 38:3.0412464e7
56 90 24 63 2 97 38 36 42 120 100:3.4484169e7
56 94 90 128 23 57 1 41 67 97 36 31 104:3.0106014e7
114 90 24 63 45 97 38 36 42 120 100:3.3333637e7
56 94 24 45 2 38 97 36 42 120 100:3.2959855e7
29 55 110 94 90 24 66 102 70 2 97 36:3.0884603e7
70 29 41 110 2 36 24 66 102 57:3.019887e7
56 114 94 45 2 38 24 42 120 100:3.0401176e7
56 114 94 45 2 97 36 42 120 100:2.9878354e7
56 94 97 88 36 90:2.9995102e7
63 45 2 38 97 36 24 42 120:3.0765087e7
56 114 63 45 2 97 94 90 42 120:3.039114e7
56 114 63 2 38 90 24 42 120:3.0341495e7
