29 55 110 90 24 66 102 57 70 2 97 38 36
56 114 63 45 2 36 90 24 120
29 55 110 94 90 24 66 102 70 41 2 36
114 63 45 2 38 36 24 42 120 100
29 55 110 90 24 66 57 70 41 2 36 38
114 94 90 24 63 45 2 97 36 42 120
56 45 2 97 36 90 24 42 120 100
29 94 110 90 24 66 57 70 2 36 38
94 63 45 36 38 90 24 42 120
29 55 94 24 66 102 57 70 41 2 97 36
94 110 90 24 66 102 57 70 41 2 36 38
56 114 94 90 24 45 2 97 36 42 120 100
56 114 94 90 63 45 2 38 36 42 120
114 63 2 36 38 94 90 24 120
29 55 110 94 24 66 102 57 70 2 97 38
56 114 94 90 24 2 97 38 42 120 100
29 110 24 66 102 57 70 41 2 97 36
56 94 90 57 23 41 67 97 38 36 104
29 55 110 94 24 66 102 57 70 41 2 97 36
29 94 110 90 24 66 102 70 41 97 38 36
29 55 110 94 24 66 102 57 70 41 97 38 36
56 63 2 97 38 36 24 42 120
114 63 2 97 38 36 94 42 120 100
56 114 63 45 2 36 90 24 42 120
29 94 110 90 24 66 102 70 2 36 38
56 114 94 90 24 63 45 2 97 42 120
29 55 110 90 24 66 57 70 2 36 38
94 2 97 38 36 90 24 120
29 55 110 90 24 66 102 57 70 41 2 38
94 97 36 90 24
56 114 63 2 36 94 42 120 100
29 94 110 24 66 102 57 70 41 2 97 38 36
56 63 45 2 38 36 90 24 42 120
56 94 63 2 36 38 24 42 120
29 55 110 24 66 102 57 70 41 2 36
114 63 45 2 97 36 90 24 120 100
94 36 90 120
56 114 94 90 63 45 36 38 42 120 100
56 114 63 2 36 94 90 24 120
36 38 90 120
29 55 110 90 24 66 102 70 41 97 38 36
29 94 90 24 66 102 57 70 41 2 97 36
56 94 90 24 63 2 97 36 42 120 100
56 114 94 90 24 45 2 38 42 120 100
56 94 63 45 2 97 90 42 120 100
56 94 63 45 2 38 97 36 42 120 100
29 55 110 94 90 66 57 70 41 2 36 38
56 114 63 2 36 38 90 42 120 100
56 114 63 45 2 90 24 42 120 100
56 94 63 45 36 38 90 24 120
114 90 24 63 45 2 97 36 42 120 100
63 45 2 97 36 90 24 42 120 100
56 114 94 90 24 2 97 38 36 42 120 100
56 114 63 45 2 94 24 42 120 100
29 55 110 94 90 24 66 102 70 97 38 36
56 114 63 45 36 38 42 120 100
114 63 45 2 38 97 94 24 42 120
29 110 24 66 102 57 70 41 2 97 38 36
55 94 90 24 66 102 57 70 2 36 38
29 55 110 24 66 57 70 41 2 97 38 36
56 114 94 90 24 63 45 2 38 97 36 120 100
56 90 24 63 45 2 38 97 36 120 100
29 55 110 94 90 24 102 57 70 41 2 97 36
55 94 110 90 24 66 102 70 2 97 38 36
29 94 110 90 24 66 102 57 70 41 2 97 38 36
114 45 2 36 90 24 42 120 100
56 94 63 45 97 36 90 24 42 120
29 55 110 94 66 102 57 70 41 2 97 38 36
56 114 94 90 24 63 45 2 97 36 120 100
70 29 41 110 2 36 24 66 102 57
114 90 24 63 45 2 38 36 42 120 100
56 63 2 36 38 24 42 120 100
29 94 24 66 102 57 70 41 2 97 38 36
29 55 110 90 24 66 102 57 70 41 2 97 38
56 114 94 90 63 45 97 36 42 120 100
29 94 90 24 66 102 57 70 2 36 38
29 94 110 24 66 57 70 2 97 38 36
94 97 38 36 90 24 120
56 114 90 24 2 97 38 36 42 120 100
56 114 94 45 36 90 24 42 120 100
56 114 94 90 63 45 2 97 42 120 100
56 114 94 24 63 45 2 97 36 42 120
114 63 45 94 38 90 24 42 120 100
56 114 63 97 38 36 90 24 42 120
56 114 63 45 2 38 97 36 24 120
56 114 94 24 45 2 38 97 36 42 120
114 45 2 97 36 90 24 42 120 100
56 114 94 90 63 97 38 36 42 120 100
56 114 24 63 45 2 38 97 36 120 100
29 55 110 94 90 24 66 102 57 70 2 97
114 63 45 2 36 94 90 24 120
56 94 63 45 2 90 24 42 120
56 114 63 45 2 38 36 90 42 120
114 2 36 38 90 24 42 120 100
56 94 97 36 90 120
29 55 110 90 66 102 57 70 41 2 97 36
56 63 45 2 97 36 90 24 120
114 63 45 2 94 90 24 42 120 100
56 114 63 45 36 38 90 24 120
56 114 63 45 2 38 90 24 120 100
56 114 63 45 2 38 36 94 120
56 114 94 90 24 63 45 2 38 97 36 42 120 100
114 63 45 2 97 90 24 42 120 100
114 63 2 38 90 24 42 120 100
29 55 110 24 66 102 57 70 41 97 38 36
29 55 110 94 24 66 102 57 70 97 36
29 55 110 90 24 66 102 57 70 2 36 38
29 55 110 94 90 24 66 102 57 70 41 36
70 29 94 110 36 38 24 66 102 57
114 63 45 2 38 36 94 24 90 120
94 2 97 38 36 24 120
56 94 97 38 36 120
56 63 2 36 38 90 42 120 100
94 67 97 38 36 104 90
56 114 94 90 24 63 45 97 38 42 120 100
56 114 63 45 2 38 36 24 120
56 63 45 97 36 90 24 42 120 100
114 63 2 36 38 24 42 120 100
29 55 110 94 90 24 66 102 57 70 41 2 38
94 36 38 120
56 114 94 24 63 45 2 38 36 120 100
29 94 110 90 24 66 102 70 41 2 97 38 36
56 114 63 2 97 36 90 42 120
56 94 97 36 90
55 94 110 90 24 66 102 57 70 2 97 38
63 45 2 36 90 24 42 120 100
56 114 94 24 63 45 97 38 36 120 100
114 94 45 2 38 36 90 24 42 120
94 11 97 38 36 90
56 114 94 90 63 45 2 36 42 120 100
56 114 63 2 36 24 42 120 100
114 63 45 2 38 24 42 120 100
56 114 90 24 63 97 38 36 42 120 100
29 55 110 94 90 24 66 57 70 2 36 38
94 97 88 36
29 55 110 90 24 66 102 57 70 41 2 36 38
29 110 90 24 66 102 57 70 41 97 36
94 45 2 97 36 90 24 42 120 100
56 114 94 45 97 36 24 42 120 100
56 94 90 128 57 1 41 67 97 38 31 104 36
45 2 38 97 36 24 42 120 90 100
29 55 94 24 66 102 57 70 2 97 36
114 94 45 2 38 36 90 24 120 100
56 94 63 2 38 90 24 42 120
114 63 45 2 38 97 24 42 120 100
56 114 94 90 24 63 45 2 38 36 42
29 94 110 90 24 66 102 57 70 97 36
56 94 63 2 97 38 36 24 120 100
29 94 110 90 66 102 70 41 2 97 38 36
29 110 90 24 66 102 70 41 2 97 38 36
56 94 90 128 23 57 1 41 67 36 38 104
56 94 71 90 128 23 57 41 67 36 38 31 104
56 114 63 36 90 24 42 120 100
70 29 2 36 38 90 24 66 102 57
56 114 94 90 24 45 2 97 42 120 100
56 94 90 128 57 1 67 97 38 31 104 36
63 45 2 38 97 90 24 42 120 100
56 114 90 24 63 45 2 38 97 42 120 100
56 114 45 2 38 97 36 24 42 120
56 114 63 94 36 38 90 42 120
70 94 2 97 38 36 90 24 66
114 63 45 36 38 94 90 42 120
29 55 110 90 24 66 102 57 70 2 97 36
56 63 2 97 38 90 24 42 120 100
29 55 110 94 24 66 57 70 2 36 38
114 63 45 2 38 36 94 42 120
56 114 94 90 24 45 2 38 97 36 120
63 45 2 38 36 90 24 42 120 100
56 94 90 63 45 2 97 36 42 120 100
56 63 36 38 90 24 42 120 100
114 63 45 2 38 36 90 24 120 100
56 94 63 45 2 36 42 120 100
56 114 94 2 36 38 90 24 120 100
29 55 110 24 66 102 57 70 41 2 97 38 36
114 63 2 94 90 24 42 120 100
56 114 94 45 97 38 36 24 42 120
56 63 45 2 36 90 24 42 120 100
29 55 110 94 24 66 57 70 2 97 38 36
94 67 97 36
94 63 45 2 38 36 90 24 42 120
56 94 63 45 2 90 24 42 120 100
56 114 94 45 97 36 90 24 42 120
56 94 63 45 36 90 24 42 120
94 63 45 2 38 97 36 90 42 120
29 94 24 66 102 57 70 41 2 36 38
