114 63 45 2 36 94 24 120 100
29 90 24 66 102 57 70 41 2 97 36
29 55 110 90 24 66 57 70 41 2 97 38 36
29 55 94 90 24 66 57 70 2 97 38 36
56 94 90 24 63 45 2 38 97 42 120 100
56 94 90 24 63 45 2 97 36 42 120 100
29 110 90 24 66 102 57 70 41 97 38 36
56 114 94 90 24 63 2 97 38 36 120
56 114 90 63 45 2 38 36 42 120 100
114 63 2 36 94 90 24 42 120
56 114 45 2 38 36 90 42 120 100
94 110 90 24 66 102 57 70 2 36 38
56 114 63 45 2 36 94 24 120 100
29 55 110 94 90 24 66 102 70 41 2 97 36
56 94 63 45 2 97 36 90 24 120
29 55 110 24 66 102 57 70 2 97 36
56 114 90 24 45 97 38 36 42 120 100
56 94 45 36 38 90 24 42 120 100
114 63 45 2 36 94 90 42 120
56 94 63 2 36 90 42 120 100
114 63 45 2 38 97 24 42 120 100
29 110 90 24 66 102 57 70 41 2 36
29 94 110 90 24 66 102 57 70 2 97 38 36
94 63 45 97 38 36 90 42 120 100
94 63 45 2 38 36 90 42 120 100
110 90 24 66 102 57 70 41 2 97 36
56 94 63 45 2 38 36 24 120 100
56 114 63 2 36 94 90 24 42 120
56 63 45 2 38 90 24 42 120
56 114 94 2 36 38 90 24 42 120
94 67 97 38 36 104
29 94 90 24 66 102 57 70 41 2 97 36
56 94 63 2 36 38 24 120 100
56 114 90 24 63 45 2 97 42 120 100
97 38 36 90
29 55 110 94 90 66 102 57 70 2 36
56 114 63 45 2 97 94 90 42 120
