114 94 90 24 63 2 97 38 36 120 100
29 55 110 94 24 66 102 70 41 2 97 36
56 114 94 90 24 63 45 2 38 97 36 120
94 110 90 24 66 102 57 70 2 97 38 36
56 114 63 45 36 38 94 24 120
94 67 97 36
56 114 94 45 2 38 97 36 24 120
56 114 24 63 45 2 38 36 42 120 100
94 63 2 36 38 90 24 42 120
114 63 2 36 38 90 24 42 120 100
29 55 110 94 90 24 66 102 57 70 41 2
94 63 2 97 38 36 90 24 42 120
55 94 110 90 24 66 102 57 70 41 2 97 36
29 110 90 66 102 57 70 41 2 97 38 36
56 114 94 90 45 2 38 97 36 42 120
56 114 94 90 24 63 2 97 38 36 42 100
29 55 90 24 66 102 57 70 41 97 38 36
56 114 94 90 24 63 45 2 38 36 42 120 100
