260 402 33 990 73 198 527 522:2.011126e6
260 493 990 194 578 198 424 527 73:1.980507e6
402 493 33 990 73 198 424 527 522:2.565181e6
402 493 194 842 198 424 527 73 522:2.047886e6
260 402 493 33 990 194 842 73 424 522:2.203088e6
260 493 33 194 842 198 424 73 522:2.014506e6
402 33 990 194 578 198 842 527 73 522:2.078862e6
402 493 33 990 842 198 73 522:2.013016e6
33 990 194 842 198 424 73 522:2.075885e6
493 33 990 842 198 424 527 522:2.049141e6
493 990 194 578 198 424 527 73 522:2.138663e6
260 402 33 990 578 198 424 842 527 522:2.071703e6
461:2.017291e6
402 990 194 73 198 424 527 522:2.103022e6
260 402 33 424 522 493 194 578 842 527 73:2.149916e6
260 402 990 424 522 493 194 578 842 527 73:2.12117e6
402 33 990 578 198 527 73 522:1.986563e6
260 402 33 990 424 522 493 194 578 198 842 73:2.450271e6
260 33 990 194 73 424 527 522:2.022007e6
260 33 990 194 73 198 424 522:2.076527e6
402 33 990 842 198 527 73 522:2.013619e6
260 402 493 33 990 194 578 198 424 527:2.126609e6
260 402 493 33 990 194 578 73 424 522:2.218208e6
33 990 578 198 424 73 522:2.013139e6
260 493 33 990 578 73 424 527:1.991075e6
260 33 990 73 198 424 522:2.016503e6
260 402 33 990 194 578 198 424 842 73:2.114343e6
260 402 33 990 424 522 493 194 578 198 842 527:2.303276e6
402 493 33 194 198 424 527 522:1.980172e6
493 33 990 194 73 198 424 522:2.242689e6
260 402 33 522 493 194 578 198 842 527 73:2.014278e6
355:2.00498e6
260 402 493 33 990 194 73 424 527:2.204159e6
402 493 33 194 842 198 527 73 522:1.991383e6
260 33 990 194 578 198 424 842 73 522:2.116691e6
260 33 990 194 578 842 424 527 73 522:2.065807e6
493 33 990 842 198 424 527 73 522:2.396434e6
260 402 493 33 194 578 198 424 527 73:2.205741e6
260 402 493 33 990 578 198 424 842 522:2.070482e6
402 493 33 990 842 198 424 527 522:2.227535e6
260 402 493 33 990 194 578 198 424 522:2.114967e6
260 402 493 33 990 842 198 424 527 73:2.400707e6
402 33 990 194 578 842 424 527 73:2.048035e6
260 402 493 33 990 842 198 527 73 522:2.214772e6
260 493 33 194 578 198 424 527 73 522:2.213701e6
260 402 493 990 842 198 424 527 73:2.106852e6
402 493 33 990 194 842 73 424 527 522:2.383342e6
260 493 33 990 194 578 198 424 73 522:2.293702e6
402 33 990 194 578 198 424 842 527 73:2.299027e6
260 402 990 578 198 424 842 527 73 522:2.118866e6
260 402 990 424 522 493 194 578 198 842 73:2.170224e6
493 33 990 578 198 424 842 527 522:2.07894e6
260 493 33 990 578 73 424 527 522:2.180459e6
402 493 33 578 198 424 527 73 522:2.307623e6
260 493 33 990 194 578 198 424 527 522:2.133454e6
260 402 493 33 194 73 198 527 522:1.985884e6
260 493 33 990 194 578 842 424 73 522:2.067302e6
260 402 493 990 842 73 424 527 522:2.043844e6
260 990 194 578 198 424 842 527 73 522:2.007546e6
260 402 33 990 424 493 194 578 198 842 527:2.143989e6
402 33 990 194 73 198 424 527 522:2.431138e6
260 402 493 33 990 194 424 527 522:2.039399e6
260 402 493 990 194 578 198 424 842 73:2.002332e6
402 493 33 578 198 424 842 527 522:1.984875e6
260 402 33 424 522 493 194 578 198 842 527:2.050162e6
260 402 33 990 522 493 194 578 842 527 73:2.0416e6
260 402 33 990 424 522 493 194 578 73 527:2.408818e6
260 493 33 194 842 198 424 527 73 522:2.195391e6
260 402 493 33 990 578 198 424 527 73:2.423886e6
402 493 33 990 578 842 424 527 522:2.010703e6
260 402 33 990 424 522 493 194 73 198 527:2.629465e6
260 402 33 990 842 198 424 527 73 522:2.377899e6
260 402 493 33 990 194 198 424 527 522:2.282831e6
402 493 33 990 194 842 198 73 522:2.073163e6
402 493 33 990 578 198 527 73:1.981252e6
493 33 194 73 198 424 527 522:2.154763e6
402 33 990 194 578 198 424 842 73:2.104916e6
402 493 990 842 198 424 73 522:2.07312e6
277:2.02303e6
402 493 33 990 194 842 198 424 527 522:2.286575e6
260 493 33 578 198 424 842 527 73:1.996796e6
260 402 493 33 990 198 424 527:2.036377e6
260 402 493 33 842 198 424 527 73 522:2.299011e6
260 402 33 424 522 493 578 198 842 527 73:2.321465e6
260 990 194 578 198 424 527 73 522:1.983102e6
260 402 33 990 424 522 493 194 578 198 73:2.459624e6
260 493 33 990 578 842 424 527 73:2.021312e6
260 990 424 522 493 194 578 198 842 527 73:2.188671e6
260 33 990 194 73 198 424 527 522:2.269471e6
260 402 33 990 424 522 493 194 578 842 527 73:2.40303e6
260 402 33 990 578 842 424 73 522:1.992906e6
260 402 493 33 990 194 842 73 424 527:2.221391e6
260 402 990 424 522 493 194 842 198 527 73:2.33203e6
402 493 33 990 73 198 424 522:2.364068e6
493 33 990 194 198 424 527 522:2.077787e6
402 493 33 990 194 578 73 424 522:2.196296e6
260 402 493 33 990 578 73 424 522:2.160398e6
260 493 33 990 194 842 73 424 527 522:2.222085e6
260 402 493 990 578 198 424 842 73 522:2.115612e6
402 33 990 194 842 198 527 73 522:2.073766e6
493 33 990 194 842 198 424 527 73:2.280362e6
402 33 990 194 578 198 424 73:2.0684e6
260 402 33 990 194 578 73 424 522:2.032253e6
260 402 493 990 194 73 424 527 522:2.077681e6
260 493 990 73 198 424 527 522:2.084941e6
402 33 194 578 198 424 842 527 73:2.022607e6
402 493 33 990 194 842 198 424 73 522:2.438224e6
260 402 493 33 990 578 198 424 527 522:2.247767e6
260 402 33 990 424 522 194 578 198 842 527 73:2.451492e6
402 493 33 990 73 198 424 527:2.379087e6
260 493 990 578 198 424 842 527 73 522:2.133075e6
990 194 578 198 424 842 527 73 522:1.980915e6
402 493 33 990 194 578 198 424 73 522:2.45384e6
402 33 194 578 198 424 842 527 73 522:2.194076e6
402 33 990 194 198 424 527 522:2.071324e6
33 990 73 198 424 527 522:2.180845e6
260 402 33 73 198 424 527 522:2.110612e6
260 493 33 990 194 842 198 424 527 522:2.119812e6
260 402 33 990 578 198 424 527 522:2.061812e6
260 402 33 990 194 73 198 424 527:2.265188e6
260 402 33 990 424 522 493 578 842 527 73:2.348787e6
402 493 33 990 578 198 842 73 522:2.021278e6
402 493 33 990 578 73 424 527 522:2.334087e6
402 990 194 578 198 424 842 527 73 522:2.1602e6
260 402 33 990 842 198 424 527 73:2.217857e6
402 493 33 194 578 198 424 842 73:2.020661e6
493 33 990 73 198 424 522:2.179098e6
260 33 990 194 578 73 424 527 522:2.050193e6
402 493 33 990 194 73 198 527:2.027641e6
402 493 33 990 194 424 527 522:2.008414e6
888:2.132322e6
351:2.326644e6
493 33 990 578 73 424 527 522:2.150185e6
260 402 33 990 194 73 198 424 527 522:2.44282e6
260 402 493 33 990 424 527 522:1.980359e6
260 402 33 424 522 493 194 578 198 842 73:2.197157e6
493 33 194 578 198 424 842 527 73 522:2.213676e6
260 402 33 578 198 424 527 73 522:2.137095e6
542:2.395222e6
260 402 493 33 990 194 578 198 424 73:2.286175e6
260 402 493 33 990 73 198 522:2.005642e6
260 493 33 990 194 73 424 522:2.018813e6
260 402 493 33 578 73 424 527 522:2.081634e6
493 990 194 578 198 424 842 527 73:1.98818e6
493 33 990 194 842 198 527 73 522:2.085223e6
260 402 493 33 842 198 424 73 522:2.118515e6
402 493 33 990 194 842 73 424 527:2.209948e6
260 402 493 33 990 578 842 424 527 522:2.023241e6
260 402 33 990 424 522 493 578 198 842 527:2.249033e6
493 33 990 578 198 424 842 73:2.057924e6
260 402 493 33 842 198 424 527 73:2.135127e6
260 402 990 424 522 493 194 578 198 842 527 73:2.351498e6
260 402 493 990 194 578 198 424 527 522:1.998527e6
260 402 493 33 990 194 73 424 522:2.193478e6
260 402 493 33 990 578 198 527 73:2.014778e6
260 33 194 842 198 424 527 73 522:2.014266e6
260 402 33 990 578 198 424 842 73 522:2.218698e6
260 33 990 424 522 493 194 578 198 842 527 73:2.476066e6
260 402 33 990 194 73 424 527 522:2.199388e6
402 33 990 842 73 424 527 522:2.136277e6
33 990 194 73 198 424 527 522:2.244436e6
260 402 33 990 198 424 527 522:2.037146e6
260 402 33 990 424 493 194 578 198 842 73:2.296503e6
260 33 990 842 73 424 527 522:1.984503e6
267:2.438756e6
260 402 33 990 424 522 493 578 198 842 73:2.396028e6
33 990 578 198 424 842 527 73:2.057154e6
260 402 33 990 424 522 493 194 578 842 527:2.077484e6
260 402 493 33 194 842 198 424 73:2.005193e6
260 402 33 990 73 198 424 522:2.191225e6
402 493 33 194 578 198 842 527 73 522:1.998449e6
260 402 990 578 198 424 527 73 522:2.103632e6
260 402 493 33 990 194 842 73 424:2.033893e6
260 402 33 990 424 522 493 194 578 198 527:2.305577e6
402 33 990 578 198 424 842 527 73:2.239126e6
493 33 990 842 198 424 73 522:2.206991e6
402 493 33 194 578 73 424 527 522:2.111456e6
402 493 990 578 73 424 527 522:2.003794e6
402 493 990 194 578 198 424 73 522:2.125729e6
402 493 990 194 73 198 424 522:2.096526e6
402 493 33 990 578 198 424 73:2.205722e6
33 990 194 578 73 424 527 522:2.013481e6
260 493 33 990 194 578 198 424 842 73:2.131584e6
260 493 33 990 578 73 424 522:1.98946e6
260 493 33 990 194 578 198 424 73:2.108479e6
260 402 493 33 990 578 198 424 73 522:2.401814e6
402 33 990 194 73 198 424:2.03419e6
402 493 33 990 194 73 198 527 522:2.236314e6
402 33 990 424 522 493 194 578 198 842 73:2.46205e6
493 990 194 578 198 424 842 73 522:1.981824e6
260 402 493 33 194 73 198 424 527:2.174823e6
260 402 493 990 578 198 424 527 73 522:2.290277e6
402 493 33 990 194 842 198 527 73:2.075559e6
260 493 33 990 73 198 424 527:2.21253e6
33 990 194 73 198 424 522:2.042934e6
260 402 493 990 194 842 73 424 527 522:2.099686e6
402 33 990 194 578 198 424 842 527 522:2.123098e6
402 493 33 842 73 424 527 522:2.05276e6
402 493 33 990 194 842 198 424 73:2.2669e6
260 33 990 73 198 424 527 522:2.209447e6
260 402 493 33 990 578 842 424 527 73:2.190858e6
402 990 194 578 198 424 527 73 522:2.13097e6
33 990 842 198 424 73 522:2.015861e6
260 402 493 33 990 578 842 424 73 522:2.170236e6
493 990 73 198 424 527 522:2.042734e6
260 33 990 578 198 424 527 73 522:2.236847e6
493 990 194 842 198 424 527 73 522:2.143415e6
260 402 33 194 578 198 424 842 73 522:2.019827e6
801:2.261922e6
206:2.17202e6
402 493 33 990 194 73 424 527 522:2.368228e6
260 493 33 194 578 198 424 73 522:2.022702e6
284:2.95753e6
402 493 33 990 578 198 424 842 73 522:2.40424e6
260 402 33 990 424 522 493 194 842 198 527:2.283869e6
402 33 990 842 198 424 527 73:2.20897e6
260 493 33 990 578 842 424 527 73 522:2.191015e6
33 990 842 198 424 527 73 522:2.205304e6
493 33 990 578 198 424 842 527 73:2.252424e6
260 402 493 33 990 842 198 424 73:2.213209e6
260 493 33 990 578 198 424 842 73 522:2.241899e6
260 402 33 990 842 198 424 527 522:2.050376e6
260 33 990 424 522 493 578 198 842 527 73:2.420839e6
260 493 33 990 578 198 424 842 73:2.074266e6
260 402 33 990 424 522 493 194 842 198 73:2.430896e6
33 990 194 578 842 424 527 73 522:2.046658e6
402 493 33 990 194 578 198 842 527 73:2.086698e6
260 493 990 194 73 198 424 527 522:2.145334e6
260 402 493 33 990 194 73 198 424 527:2.456663e6
260 402 493 33 194 73 198 424 522:2.163742e6
260 33 990 578 842 424 527 73 522:2.01058e6
402 493 33 990 73 198 424:2.170972e6
402 493 33 990 194 842 73 424 522:2.194288e6
402 493 33 990 194 578 198 424 527:2.105002e6
402 493 33 990 578 198 424 527 522:2.233794e6
260 402 33 990 424 522 493 578 198 842 527 73:2.574579e6
260 402 493 33 990 194 73 424 527 522:2.386033e6
260 402 493 33 990 194 73 198 424 522:2.43691e6
260 402 990 194 578 198 424 527 73 522:2.161811e6
260 402 33 990 194 842 198 424 527 73:2.275421e6
723:2.992836e6
402 493 33 990 578 198 842 527 73:2.026797e6
260 493 33 990 578 198 424 527 73:2.245595e6
402 493 990 73 198 424 527 522:2.237386e6
260 402 33 990 194 842 73 424 522:2.025068e6
493 33 990 578 198 527 73 522:1.994963e6
260 33 990 842 198 424 73 522:2.035458e6
260 402 33 990 578 198 527 73 522:2.018893e6
402 33 990 424 522 493 194 578 842 527 73:2.407239e6
260 402 493 33 990 194 73 198 522:2.065789e6
260 402 33 424 522 493 194 842 198 527 73:2.354484e6
260 402 33 990 424 522 493 194 578 198 842:2.124725e6
402 493 33 842 198 424 73 522:2.107642e6
402 33 194 578 198 424 527 73:1.98189e6
260 402 493 33 990 73 198 424 527 522:2.570425e6
402 493 990 842 198 424 527 73 522:2.264897e6
402 493 33 194 842 198 424 527 73:2.182742e6
402 493 990 578 198 424 842 527 73:2.115864e6
402 33 990 578 73 424 527 522:2.138127e6
260 402 33 990 578 73 424 527:1.982613e6
402 33 990 424 522 493 194 842 198 527 73:2.627278e6
493 33 990 194 73 198 424:2.03991e6
260 402 493 33 990 578 198 73 522:2.014238e6
260 33 990 522 493 194 578 198 842 527 73:2.106946e6
493 33 990 194 578 198 424 73:2.078141e6
402 493 33 73 198 424 522:2.076266e6
260 402 33 990 73 424 527 522:2.140348e6
260 402 33 424 522 194 578 198 842 527 73:2.198378e6
260 402 33 990 578 198 424 527 73 522:2.406469e6
33 990 194 73 198 424 527:2.043829e6
33:2.62771e6
493 33 990 194 73 424 527 522:2.180599e6
176:4.009408e6
260 402 990 522 493 194 578 198 842 527 73:1.983147e6
260 402 493 33 194 198 424 527 522:2.009663e6
402 493 33 990 194 578 73 424 527 522:2.395464e6
260 493 33 578 198 424 842 73 522:1.987159e6
493 33 990 578 198 424 527 73 522:2.411761e6
402 493 33 990 194 842 73 527 522:2.015575e6
402 493 990 578 198 424 527 73 522:2.265874e6
260 402 493 33 73 198 424 527:2.113692e6
260 402 493 578 198 424 842 527 73 522:2.038894e6
493 33 990 578 198 424 527 73:2.220248e6
260 493 33 990 842 198 424 73:2.042595e6
260 493 33 990 194 73 198 424 522:2.266277e6
260 402 33 990 522 194 578 198 842 527 73:2.090062e6
260 493 33 990 194 73 424 527:2.018109e6
260 402 493 33 990 73 424 522:2.134438e6
260 402 493 33 194 578 198 424 73:2.008129e6
493 33 990 194 578 198 424 527 73:2.2847e6
493 33 990 194 842 73 424 522:2.019047e6
402 493 33 990 194 578 198 527 73 522:2.2439e6
402 493 33 990 194 578 73 527 522:1.986356e6
260 402 990 424 522 493 194 578 198 842 527:2.02068e6
260 402 493 33 990 578 198 842 73 522:2.034598e6
260 402 493 578 198 424 527 73 522:2.016025e6
402 493 33 990 842 198 424 73:2.205769e6
33 990 194 578 198 424 842 527 73 522:2.29261e6
260 33 990 194 73 198 424 527:2.080065e6
493 33 73 198 424 527 522:2.091172e6
659:2.04989e6
260 402 33 990 194 842 198 424 73 522:2.252876e6
260 493 33 990 194 578 73 424 522:2.048254e6
260 402 493 33 990 194 842 198 424 73:2.270773e6
260 402 33 990 194 578 842 424 73 522:2.047149e6
260 493 33 990 842 73 424 522:1.984743e6
260 402 493 33 990 73 424 527 522:2.326993e6
260 402 493 33 990 578 198 424 73:2.226274e6
260 493 33 194 578 198 424 527 73:2.026808e6
402 33 990 194 842 73 424 527 522:2.195317e6
402 493 990 578 198 424 842 73 522:2.100214e6
402 33 990 578 842 424 527 73:1.988134e6
884:4.587984e6
493 33 990 578 842 424 73 522:1.990806e6
493 33 990 578 198 424 73:2.013689e6
493 33 990 194 842 73 424 527 522:2.20849e6
260 493 33 990 194 578 198 424 527 73:2.30648e6
402 493 990 194 842 198 424 527 73 522:2.324306e6
493 990 578 198 424 842 527 73 522:2.112882e6
402 33 990 194 842 198 424 527 522:2.09855e6
33 990 194 842 73 424 527 522:2.01736e6
208:2.176918e6
260 402 493 33 990 73 198 424:2.195975e6
402 493 33 578 198 424 842 73 522:2.136492e6
402 33 990 194 842 73 424 527:2.017093e6
260 402 493 33 578 198 424 527 73:2.14584e6
402 33 990 424 493 194 578 198 842 527 73:2.491192e6
493 33 990 73 424 527 522:2.117008e6
33 990 578 198 424 527 73:2.016353e6
402 493 33 990 842 73 424 527:2.148817e6
260 493 33 990 578 198 424 842 527 522:2.088703e6
607:2.427258e6
402 493 33 990 578 198 424 842 522:2.065514e6
402 493 990 194 73 198 424 527:2.102235e6
260 402 493 33 990 578 198 842 527 73:2.04276e6
260 402 33 194 578 198 424 73 522:2.004295e6
402 493 33 990 194 73 198 424:2.23567e6
402 493 33 990 194 842 198 527 73 522:2.264551e6
493 33 990 578 198 424 73 522:2.212204e6
33 990 194 578 198 424 527 73:2.080805e6
402 493 33 990 194 578 842 527 73 522:2.024277e6
260 402 493 990 194 842 198 527 73 522:1.982939e6
402 493 33 990 194 73 198 424 527 522:2.627788e6
260 402 493 33 990 194 73 424:2.004602e6
402 33 990 578 842 424 527 73 522:2.162094e6
402 493 33 990 194 578 842 424 73 522:2.22013e6
402 493 33 990 578 198 424 527 73 522:2.591631e6
402 493 33 990 194 842 73 424:2.013892e6
402 33 990 424 522 493 578 198 842 527 73:2.591349e6
402 990 578 198 424 842 527 73 522:2.102021e6
260 402 33 990 194 842 198 424 73:2.087923e6
260 493 33 990 198 424 527 522:2.045973e6
33 990 194 73 424 527 522:1.980844e6
260 402 493 990 578 198 424 527 73:2.107615e6
260 493 33 990 194 578 73 424 527:2.05196e6
260 33 990 424 522 194 578 198 842 527 73:2.295631e6
402 493 33 194 73 424 527 522:2.080426e6
493 990 194 73 198 424 527 522:2.106694e6
402 493 33 990 194 73 198 522:2.032867e6
402 33 194 578 198 424 527 73 522:2.17304e6
402 33 990 578 198 424 842 527 73 522:2.404014e6
260 493 33 990 73 198 424:2.012584e6
402 33 990 578 198 424 842 527 522:2.065288e6
402 493 194 578 198 424 527 73 522:2.038734e6
260 402 33 990 424 522 493 842 198 527 73:2.555919e6
260 402 33 990 194 578 198 424 527 522:2.119622e6
402 493 33 578 73 424 527 522:2.050079e6
260 402 493 990 194 578 198 424 73 522:2.155123e6
260 493 33 990 194 842 198 424 73:2.101143e6
260 402 33 194 73 198 424 527:1.983348e6
402 33 990 194 578 198 527 73 522:2.04794e6
889:2.415468e6
402 493 33 990 578 198 424 842 73:2.23718e6
33 194 842 198 424 527 73 522:1.99216e6
260 402 33 990 578 198 424 842 527 73:2.243562e6
260 402 493 33 990 578 198 424 522:2.057157e6
402 33 990 194 578 198 424 73 522:2.25788e6
493 33 990 194 578 198 424 527 73 522:2.474122e6
402 33 194 842 198 424 527 73:1.989887e6
260 402 33 990 424 522 493 194 578 842 73:2.224479e6
402 493 33 990 578 198 424 842 527:2.080044e6
402 493 33 990 842 198 424 527 73 522:2.568238e6
493 33 990 578 198 424 842 73 522:2.236758e6
33 990 578 198 424 842 73 522:2.046318e6
260 493 33 990 194 73 198 424 527:2.274645e6
260 493 33 194 578 842 424 527 73 522:1.991502e6
493 33 990 842 198 527 73 522:2.024092e6
662:3.1008e6
402 33 990 194 73 198 424 527:2.242305e6
260 402 33 990 578 198 424 73:2.035489e6
260 402 493 990 73 198 424 522:2.070962e6
402 493 33 990 842 198 424 527:2.048601e6
402 493 33 990 194 578 198 424 73:2.26919e6
260 402 493 33 990 842 424 527 522:2.000588e6
402 493 33 990 194 73 198 424 522:2.426675e6
260 402 33 990 424 522 493 194 842 198 527 73:2.611392e6
493 33 990 73 198 527 522:1.979511e6
402 493 33 990 578 198 527 73 522:2.182523e6
402 493 33 990 198 424 522:2.004254e6
260 402 493 33 990 578 198 424 842 73:2.240169e6
402 33 194 842 198 424 73 522:1.978657e6
920:3.275244e6
493 33 990 194 578 842 424 527 73 522:2.237098e6
260 493 990 194 578 198 424 842 527 73:2.016007e6
260 493 33 990 194 73 198 424:2.074699e6
493 33 990 194 73 198 424 527:2.248414e6
260 33 990 194 842 73 424 527 522:2.04096e6
402 493 33 990 194 578 198 424 842 522:2.123324e6
260 402 493 990 73 424 527 522:2.018272e6
260 402 493 33 194 578 198 424 842 73:2.034717e6
260 402 33 194 73 198 424 527 522:2.169652e6
402 33 990 194 578 73 424 522:2.000336e6
260 402 33 990 194 578 198 424 527 73:2.293002e6
260 33 424 522 493 194 578 198 842 527 73:2.221326e6
33 990 194 842 198 424 527 73:2.084402e6
260 402 33 990 578 198 424 527 73:2.233101e6
402 493 33 990 194 578 198 424 522:2.096003e6
260 402 493 990 842 198 424 73 522:2.092969e6
402 493 33 990 578 198 424 842 527 522:2.252623e6
493 33 990 73 198 424 527 522:2.3806e6
260 33 990 194 578 198 424 527 73 522:2.295641e6
260 493 33 990 194 578 842 424 527 73:2.07863e6
402 33 990 578 198 424 527 73:2.211102e6
260 402 493 990 578 198 424 842 527 73:2.133905e6
402 33 990 578 198 424 73:2.004932e6
260 402 493 73 198 424 527 522:1.988194e6
260 402 33 990 842 73 424 527:1.980977e6
402 493 33 990 842 73 424 522:2.135248e6
260 33 990 194 578 198 424 527 73:2.11259e6
493 33 990 194 578 198 424 73 522:2.274565e6
493 33 990 194 73 424 522:1.979097e6
260 402 33 990 194 842 198 527 73 522:2.090572e6
218:2.798985e6
260 493 33 990 73 198 527 522:2.020795e6
402 33 990 194 578 842 424 527 73 522:2.219904e6
260 402 493 33 73 424 527 522:2.053825e6
260 402 493 33 990 578 424 527 522:2.006351e6
402 493 33 578 198 424 842 527 73 522:2.323601e6
260 402 990 424 522 493 578 198 842 527 73:2.296886e6
260 33 990 578 198 424 73 522:2.045848e6
260 402 493 33 990 578 198 424 842 527:2.087655e6
402 493 33 990 194 578 198 424 527 522:2.295171e6
402 493 33 990 842 73 424 527 522:2.324302e6
402 493 33 194 578 198 424 842 527 73:2.214772e6
493 33 990 194 73 198 424 527 522:2.444191e6
402 493 33 990 578 198 424 527:2.041534e6
260 402 33 990 493 194 578 198 842 527 73:2.099094e6
260 402 493 33 194 842 198 424 73 522:2.173988e6
402 493 33 990 578 842 424 73:1.986188e6
493 990 578 198 424 527 73 522:2.075933e6
402 493 990 194 578 198 424 842 527 73:2.176134e6
260 402 493 33 990 842 73 424 527:2.163827e6
402 493 33 990 578 842 424 73 522:2.16232e6
260 402 990 424 522 194 578 198 842 527 73:2.173478e6
260 402 33 990 194 842 73 424 527:2.038541e6
493 33 990 194 578 73 424 522:2.012989e6
260 402 493 33 194 73 424 527 522:2.112865e6
260 33 990 194 578 198 424 842 527 73:2.132261e6
280:5.763714e6
260 402 33 194 842 198 424 73 522:1.995968e6
493 33 194 578 198 424 842 73 522:2.026178e6
260 402 493 33 578 198 424 842 527 522:1.995919e6
260 402 33 990 424 493 194 578 842 527 73:2.247192e6
402 33 990 73 198 424 522:2.167418e6
260 402 33 990 424 493 194 842 198 527 73:2.458271e6
402 33 990 578 198 842 527 73 522:2.021052e6
260 402 33 424 493 194 578 198 842 527 73:2.22027e6
260 402 493 33 990 842 73 424 522:2.147615e6
796:3.547936e6
260 33 990 194 842 198 424 527 73 522:2.2728e6
967:2.007528e6
260 402 493 33 578 198 424 527 73 522:2.32305e6
260 33 990 424 522 493 194 578 198 527 73:2.484701e6
493 33 990 194 842 198 424 527 73 522:2.456458e6
402 493 33 194 842 73 424 527 522:2.1118e6
260 402 493 990 194 842 198 424 527 73:2.164785e6
493 33 578 198 424 842 527 73 522:2.154882e6
260 402 493 990 73 198 424 527 522:2.26624e6
493 33 990 198 424 527 522:2.014196e6
402 33 990 73 198 424 527 522:2.368531e6
493 33 990 73 198 424 527:2.182732e6
402 33 990 198 424 527 522:2.008717e6
199:2.208639e6
402 33 990 194 578 73 424 527:2.007954e6
402 33 424 522 493 194 578 198 842 527 73:2.381411e6
402 493 33 990 194 578 198 424 842 73:2.297081e6
33 194 578 198 424 527 73 522:1.989423e6
260 402 493 990 194 842 198 424 527 522:1.999235e6
260 402 493 194 842 198 424 527 73 522:2.070244e6
260 402 493 33 194 578 73 424 527 522:2.139444e6
402 493 990 194 842 198 424 73 522:2.132529e6
402 493 33 990 842 198 527 73:2.013321e6
260 402 33 990 194 578 73 424 527:2.042514e6
260 402 33 990 73 198 424:2.0045e6
402 493 33 990 194 198 424 527 522:2.267974e6
260 402 493 33 990 194 578 73 424:2.035687e6
493 33 990 194 842 73 424 527:2.023322e6
402 33 990 194 842 198 424 73 522:2.250199e6
260 402 493 990 194 73 198 424 527:2.138723e6
348:2.175913e6
402 493 990 194 578 842 424 527 73 522:2.101769e6
260 33 990 194 842 198 424 527 73:2.103075e6
260 402 493 33 990 73 198 424 527:2.395532e6
260 33 990 578 198 424 842 527 73 522:2.240404e6
260 402 33 990 578 198 424 842 73:2.058009e6
73:2.409304e6
402 493 33 990 194 198 424 522:2.066861e6
260 493 33 194 578 198 424 842 527 73:2.054114e6
260 402 493 33 990 194 578 198 73 522:2.072048e6
260 493 33 990 73 424 527 522:2.151733e6
402 33 990 424 522 493 194 578 198 842 527:2.310433e6
260 493 33 990 578 198 424 527 522:2.07466e6
402 33 990 73 424 527 522:2.108971e6
402 33 990 842 198 424 73 522:2.191159e6
260 402 493 33 194 842 198 424 527 73:2.192691e6
260 493 33 842 198 424 527 73 522:2.138934e6
260 402 493 33 990 194 578 198 527 73:2.074679e6
493 33 990 194 578 198 424 842 73:2.118809e6
260 402 493 33 990 73 198 527:2.000968e6
33 990 424 522 493 194 578 198 842 527 73:2.48305e6
402 33 842 198 424 527 73 522:2.108671e6
260 493 990 194 842 198 424 527 73 522:2.164492e6
402 33 990 194 73 198 527 522:2.036904e6
260 402 33 990 424 522 194 842 198 527 73:2.433372e6
260 33 990 578 198 424 842 527 73:2.074943e6
402 990 194 842 198 424 527 73 522:2.135591e6
402 493 33 990 194 842 198 424 527 73:2.462956e6
402 33 194 842 198 424 527 73 522:2.167711e6
260 493 990 194 842 198 424 527 73:1.985473e6
402 493 33 842 198 424 527 73:2.121611e6
260 493 33 990 842 198 424 527 522:2.063355e6
402 33 194 73 198 424 527 522:2.143336e6
402 493 990 194 578 198 424 527 73:2.135848e6
260 990 194 842 198 424 527 73 522:1.982677e6
402 493 990 578 842 424 527 73 522:2.04359e6
402 493 33 990 578 198 73 522:1.983355e6
260 402 33 990 73 198 424 527 522:2.38378e6
141:2.371275e6
493 33 990 194 578 198 527 73 522:2.057324e6
260 402 33 990 424 522 194 578 198 842 527:2.125946e6
402 493 990 842 198 424 527 73:2.08436e6
402 493 194 73 198 424 527 522:2.007682e6
260 493 33 990 73 198 424 527 522:2.399197e6
402 493 33 990 194 73 424 527:2.175153e6
402 493 33 990 194 842 424 527 522:2.042639e6
260 402 990 424 522 493 194 578 198 527 73:2.348456e6
402 33 990 842 198 424 527 522:2.03951e6
33 194 578 198 424 842 527 73 522:2.023236e6
260 402 33 990 522 493 578 198 842 527 73:2.213149e6
33 990 194 578 198 424 842 527 73:2.118039e6
260 402 493 990 578 198 424 73 522:2.096944e6
402 493 33 990 578 198 842 527 73 522:2.208387e6
493 33 578 198 424 527 73 522:2.126127e6
260 402 33 990 522 493 194 578 198 527 73:2.262658e6
402 493 990 73 198 424 527:2.037168e6
260 402 493 33 990 578 73 424 527:2.173398e6
260 402 33 990 424 522 578 198 842 527 73:2.397249e6
260 402 33 990 578 842 424 527 73 522:2.171457e6
260 402 33 990 424 522 194 578 842 527 73:2.2257e6
260 402 33 578 198 424 842 527 73 522:2.144135e6
260 402 493 33 578 842 424 527 73 522:2.095673e6
260 402 990 194 842 198 424 527 73 522:2.15332e6
402 493 33 990 194 578 198 424 842 527:2.139945e6
402 493 33 990 842 424 527 522:1.983599e6
493 33 990 194 578 73 424 527 522:2.212546e6
260 402 33 990 194 198 424 527 522:2.096186e6
260 402 493 33 990 842 198 73 522:2.031942e6
707:2.502414e6
402 493 33 73 424 527 522:2.017819e6
260 402 493 33 990 842 198 424 527 522:2.228396e6
260 493 33 990 578 198 424 73 522:2.234908e6
260 33 990 578 73 424 527 522:1.991399e6
493 33 990 842 73 424 527 522:2.148466e6
260 493 33 990 194 842 198 527 73 522:2.105377e6
260 402 493 33 990 842 198 424 527:2.060663e6
260 33 990 578 198 424 842 73 522:2.061464e6
402 493 33 990 73 424 522:2.104508e6
493 33 990 194 578 198 424 842 527 73:2.313309e6
260 402 33 194 578 198 424 527 73:2.014956e6
260 493 33 990 194 73 424 527 522:2.211757e6
260 33 990 842 198 424 527 73 522:2.216343e6
402 493 33 990 842 198 424 527 73:2.401825e6
402 493 33 990 578 73 424 522:2.134919e6
260 402 493 990 194 842 198 424 73 522:2.148811e6
260 402 493 33 990 73 198 527 522:2.200531e6
402 493 990 194 578 198 424 842 73:1.9793e6
402 33 194 578 198 424 842 73 522:2.006967e6
402 493 990 194 578 198 424 842 73 522:2.158393e6
953:2.104877e6
402 493 33 990 578 198 424 73 522:2.392463e6
260 493 990 842 198 424 527 73 522:2.107666e6
260 402 493 33 194 578 198 527 73 522:1.993284e6
260 493 33 990 194 73 198 424 527 522:2.459221e6
260 402 990 424 493 194 578 198 842 527 73:2.190608e6
260 33 194 73 198 424 527 522:1.994677e6
402 493 33 990 194 73 424 522:2.167115e6
402 493 33 990 198 424 527 522:2.205367e6
260 402 493 33 990 194 578 73 527 522:2.021242e6
402 493 990 73 198 424 522:2.03355e6
111:2.053524e6
493 33 990 578 198 424 527 522:2.047334e6
493 33 990 194 578 842 424 73 522:2.0496e6
402 493 33 990 194 578 842 424 527 73:2.2402e6
260 402 33 990 194 578 198 527 73 522:2.076703e6
260 402 493 990 842 198 424 527 73 522:2.276188e6
260 402 493 33 990 198 424 522:2.031236e6
260 402 493 842 198 424 527 73 522:2.014402e6
260 493 33 990 194 842 198 424 527 73:2.28903e6
33 990 194 842 198 424 527 73 522:2.265328e6
402 493 33 194 578 842 424 527 73 522:2.139491e6
33 990 842 198 424 527 73:2.022287e6
402 33 73 198 424 527 522:2.080729e6
94:2.257575e6
402 990 842 198 424 527 73 522:2.076182e6
260 402 33 990 194 73 198 424:2.065631e6
260 402 493 33 73 198 424 527 522:2.297257e6
260 493 33 990 194 842 73 424 522:2.0412e6
260 402 990 194 73 198 424 527 522:2.138314e6
402 493 33 990 578 842 424 527 73 522:2.349429e6
260 402 493 33 990 578 842 424 73:2.005305e6
493 33 194 842 198 424 527 73 522:2.18329e6
493 33 194 578 198 424 73 522:1.988931e6
260 402 33 990 194 73 424 522:2.006833e6
402 990 73 198 424 527 522:2.040046e6
493 33 990 194 578 73 424 527:2.014052e6
260 402 33 424 522 493 194 578 198 842 527 73:2.375708e6
70:2.635554e6
260 402 33 578 198 424 842 527 73:1.981776e6
402 33 990 424 522 194 578 198 842 527 73:2.461824e6
260 402 33 990 194 73 198 424 522:2.250265e6
260 402 33 990 522 493 194 842 198 527 73:2.271352e6
402 493 990 194 842 73 424 527 522:2.075834e6
260 493 33 194 842 198 424 527 73:2.021824e6
260 402 493 33 990 578 73 424 527 522:2.351008e6
74:4.15584e6
260 402 493 33 990 194 73 198 527 522:2.260678e6
260 493 33 990 73 198 424 522:2.206253e6
402 33 990 194 578 198 424 842 73 522:2.274715e6
493 33 990 842 198 424 73:2.021802e6
402 493 33 578 198 424 73 522:2.108455e6
260 402 33 990 522 493 194 578 198 842 73:2.088841e6
260 402 990 194 578 198 424 842 73 522:1.992204e6
402 33 990 194 578 198 424 527 73 522:2.457048e6
260 493 33 990 194 578 73 424 527 522:2.239253e6
793:2.062368e6
260 402 33 990 194 578 73 424 527 522:2.222863e6
260 402 493 33 990 842 198 424 73 522:2.375423e6
260 402 33 990 424 493 578 198 842 527 73:2.425722e6
260 493 990 194 578 198 424 842 73 522:2.007008e6
260 402 990 194 578 198 424 842 527 73:2.007758e6
22:2.104128e6
451:2.280772e6
402 493 33 990 194 578 73 424 527:2.208744e6
402 493 33 194 842 198 424 527 73 522:2.355736e6
260 402 493 194 578 198 424 527 73 522:2.074204e6
260 402 33 990 578 198 842 527 73 522:2.035819e6
260 33 990 424 493 194 578 198 842 527 73:2.317526e6
402 493 33 194 578 198 424 842 527 522:2.042685e6
493 33 990 578 198 424 842 527 73 522:2.424256e6
260 402 33 990 842 198 527 73 522:2.033992e6
260 402 33 990 578 842 424 527 73:2.008698e6
402 493 33 990 842 198 424 522:2.038481e6
33 990 578 198 424 842 527 73 522:2.233816e6
260 402 33 990 578 198 424 73 522:2.215859e6
402 990 424 522 493 194 578 198 842 527 73:2.348225e6
260 493 990 194 578 198 424 527 73 522:2.172852e6
260 402 33 990 194 578 198 424 73 522:2.273669e6
402 493 990 194 578 73 424 527 522:2.06554e6
493 33 990 194 842 198 424 527 522:2.109165e6
402 493 33 578 198 424 842 527 73:2.154871e6
402 990 578 198 424 527 73 522:2.069224e6
260 402 33 990 842 198 424 73:2.030359e6
894:2.506064e6
402 493 33 990 194 578 842 424 73:2.046089e6
260 402 33 990 194 842 73 424 527 522:2.205564e6
402 493 33 194 842 198 424 527 522:2.015033e6
402 493 33 990 194 578 424 527 522:2.037627e6
402 493 33 578 842 424 527 73 522:2.081681e6
402 493 33 990 73 424 527:2.110455e6
260 493 33 578 198 424 527 73 522:2.154907e6
493 990 194 578 198 424 842 527 73 522:2.172045e6
260 493 33 990 194 842 73 424 527:2.048118e6
260 493 33 194 578 198 424 842 73 522:2.042386e6
260 33 578 198 424 842 527 73 522:1.985664e6
33 990 578 842 424 527 73 522:1.987864e6
260 402 493 33 842 73 424 527 522:2.071203e6
402 493 33 990 578 198 424 842 527 73:2.431291e6
260 402 33 990 73 198 424 527:2.204057e6
402 493 33 194 578 198 424 527 522:2.011163e6
493 33 194 842 198 424 73 522:1.993847e6
260 493 990 578 198 424 527 73 522:2.113689e6
260 402 493 33 990 194 578 842 424 73:2.061639e6
402 493 990 194 842 198 424 527 73:2.14586e6
402 33 990 578 198 424 842 73 522:2.216905e6
402 493 33 194 578 198 424 73 522:2.169832e6
260 493 33 990 194 578 198 527 73 522:2.089435e6
402 493 194 578 198 424 842 527 73 522:2.075599e6
260 493 33 73 198 424 527 522:2.124403e6
402 33 990 194 73 198 424 522:2.230025e6
402 493 33 990 198 424 527:2.006752e6
260 402 493 33 990 194 842 198 73 522:2.088522e6
402 33 578 198 424 842 527 73 522:2.136266e6
562:2.486116e6
402 493 33 990 578 198 424 527 73:2.411892e6
260 402 493 33 990 73 424 527:2.143028e6
260 402 493 33 990 194 842 198 424 522:2.103373e6
402 493 33 990 194 842 198 424 527:2.109732e6
260 402 33 990 424 522 194 578 198 527 73:2.464279e6
260 493 33 990 842 198 424 527 73:2.230482e6
402 33 990 194 842 198 424 527 73 522:2.439253e6
402 493 33 194 578 198 424 527 73:2.18268e6
402 33 990 578 198 424 842 73:2.045015e6
402 33 990 194 578 73 424 527 522:2.199504e6
44:3.81427e6
402 493 33 73 198 424 527:2.082613e6
402 493 33 990 578 73 424 527:2.145276e6
260 402 33 990 424 194 578 198 842 527 73:2.299896e6
260 402 493 33 990 194 842 424 527 522:2.056061e6
260 402 33 194 842 198 424 527 73:2.009841e6
402 493 33 990 194 578 198 842 73 522:2.079088e6
260 33 990 578 198 424 527 73:2.051705e6
260 493 33 990 194 73 198 527 522:2.081926e6
260 402 493 33 194 578 198 424 73 522:2.19025e6
402 493 33 990 73 424 527 522:2.305621e6
33 990 194 578 198 424 842 73 522:2.105112e6
539:3.421083e6
402 493 33 194 842 198 424 73 522:2.166682e6
402 493 990 194 578 198 424 527 73 522:2.32762e6
260 402 493 33 990 842 73 424 527 522:2.328111e6
260 402 493 33 990 194 198 424 522:2.090276e6
402 33 990 842 198 424 527 73 522:2.380213e6
402 493 33 990 842 198 527 73 522:2.204404e6
695:2.365605e6
260 33 990 424 522 493 194 578 198 842 73:2.297126e6
493 33 194 842 198 424 527 73:1.998522e6
402 33 990 194 842 198 424 527 73:2.270101e6
260 402 33 990 424 493 194 578 198 842 527 73:2.482056e6
260 402 33 194 578 198 424 842 527 73:2.03811e6
260 402 33 990 194 842 198 424 527 522:2.105849e6
402 493 33 73 198 424 527 522:2.277379e6
402 33 990 194 578 198 424 527 73:2.27457e6
402 33 990 194 578 842 424 73 522:2.032795e6
260 402 493 33 990 194 73 527 522:2.012206e6
402 493 33 194 73 198 424 522:2.138873e6
493 33 194 578 198 424 842 527 73:2.035263e6
260 402 493 990 578 842 424 527 73 522:2.066558e6
260 402 33 194 842 198 424 527 73 522:2.176464e6
260 402 493 33 990 578 198 527 73 522:2.204848e6
493 33 990 194 842 198 424 73:2.083917e6
260 33 194 578 198 424 842 527 73 522:2.040891e6
260 402 493 33 194 73 198 424 527 522:2.356297e6
260 402 33 990 194 73 424 527:2.012684e6
402 33 990 578 198 424 73 522:2.196503e6
493 33 990 578 842 424 527 73 522:2.178304e6
493 33 990 578 198 842 527 73 522:2.033604e6
260 33 990 424 522 493 194 842 198 527 73:2.453925e6
260 402 493 33 990 194 842 73 527 522:2.038504e6
260 493 33 194 73 198 424 522:1.991483e6
260 402 33 990 842 73 424 527 522:2.150091e6
402 493 33 990 194 578 198 527 73:2.04472e6
402 493 842 198 424 527 73 522:1.988477e6
260 402 493 33 990 194 842 198 527 73:2.093561e6
493 33 194 578 198 424 527 73 522:2.188488e6
260 402 493 33 990 842 73 527 522:1.981924e6
402 33 990 194 578 198 424 527 522:2.099211e6
260 402 493 33 578 198 424 842 73 522:2.142914e6
260 402 33 194 578 198 424 527 73 522:2.194905e6
402 33 990 194 73 424 527 522:2.171578e6
615:3.55503e6
260 493 33 990 194 842 198 424 73 522:2.27304e6
402 493 33 990 73 198 527 522:2.1726e6
260 402 493 33 990 194 73 198 424:2.257106e6
260 402 493 33 990 194 198 424 527:2.097508e6
33 990 194 578 198 424 527 73 522:2.275057e6
260 402 33 990 424 522 493 194 578 198 527 73:2.650234e6
260 402 493 33 578 198 424 842 527 73:2.163936e6
260 402 33 842 198 424 527 73 522:2.120991e6
402 990 194 578 198 424 842 527 73:1.983279e6
260 493 33 990 578 198 424 73:2.047594e6
402 33 990 578 198 424 527 522:2.037834e6
260 402 493 990 194 578 73 424 527 522:2.102504e6
493 990 842 198 424 527 73 522:2.083022e6
402 493 33 578 198 424 527 73:2.119212e6
420:3.252258e6
260 402 493 33 990 194 842 198 424 527:2.118227e6
260 402 990 842 198 424 527 73 522:2.097478e6
33 990 578 198 424 527 73 522:2.212696e6
402 33 990 522 493 194 578 198 842 527 73:2.266197e6
402 33 990 424 522 493 194 578 198 527 73:2.653008e6
402 493 33 194 73 198 424 527:2.147311e6
402 493 33 990 194 578 198 424 527 73:2.47536e6
260 402 493 33 990 194 578 73 424 527:2.233299e6
260 402 493 33 990 842 198 527 73:2.03489e6
402 493 33 990 578 198 424 522:2.034626e6
260 402 493 33 990 194 73 198 527:2.063206e6
402 493 33 990 194 198 424 527:2.07145e6
402 493 990 842 73 424 527 522:2.016425e6
493 33 990 194 578 198 424 527 522:2.109695e6
260 493 33 990 842 73 424 527:1.98957e6
260 493 33 990 578 842 424 73 522:2.012075e6
402 33 990 194 842 73 424 522:2.006263e6
260 33 990 194 578 198 424 73 522:2.104642e6
260 402 493 33 990 578 198 424 527:2.066708e6
260 493 33 194 73 198 424 527 522:2.184427e6
260 402 493 33 194 842 198 424 527 522:2.026961e6
260 402 493 33 990 198 424 527 522:2.223791e6
402 33 990 424 522 493 194 578 198 842 527 73:2.649159e6
402 493 33 990 842 198 424 73 522:2.379184e6
260 493 33 990 578 198 424 842 527 73:2.260208e6
260 493 33 194 73 198 424 527:1.991179e6
402 493 33 990 194 842 198 424 522:2.097521e6
260 402 33 990 424 493 194 578 198 527 73:2.483787e6
493 33 990 194 578 842 424 527 73:2.058285e6
260 402 33 990 424 522 194 578 198 842 73:2.272941e6
260 402 990 194 842 198 424 527 73:1.981245e6
260 402 33 990 194 578 198 424 73:2.09539e6
391:2.343715e6
402 493 990 578 198 424 842 527 73 522:2.290046e6
260 402 493 990 194 73 198 424 527 522:2.325649e6
260 402 493 33 194 578 198 424 527 522:2.036203e6
260 402 33 990 578 73 424 527 522:2.165053e6
260 402 493 33 990 73 198 424 522:2.37787e6
260 493 33 990 842 73 424 527 522:2.165628e6
402 493 33 990 194 73 198 424 527:2.443785e6
260 402 493 33 990 842 198 424 522:2.0479e6
402 493 578 198 424 842 527 73 522:2.01742e6
402 493 33 842 198 424 527 73 522:2.296696e6
260 402 493 990 73 198 424 527:2.077223e6
402 33 990 194 842 198 424 73:2.074045e6
402 493 33 194 578 198 424 842 73 522:2.194302e6
116:3.187296e6
260 402 990 73 198 424 527 522:2.078905e6
260 493 990 194 842 198 424 73 522:1.980884e6
260 33 194 578 198 424 527 73 522:2.024641e6
260 402 33 990 842 198 424 73 522:2.197403e6
260 402 493 33 194 578 842 424 527 73:1.985406e6
493 33 990 194 73 198 527 522:2.044209e6
402 493 990 578 198 424 527 73:2.072011e6
402 33 990 578 198 424 527 73 522:2.395671e6
402 493 33 194 842 198 424 73:1.986686e6
260 402 33 424 522 493 194 578 198 527 73:2.38086e6
260 493 33 990 842 198 424 73 522:2.216583e6
493 33 990 194 578 198 424 842 73 522:2.295552e6
402 493 33 194 578 198 424 527 73 522:2.369e6
33 990 73 198 424 522:1.979343e6
402 33 990 842 198 424 73:2.012914e6
260 402 33 990 424 522 493 194 578 198 842 527 73:2.628822e6
260 402 493 33 990 194 578 424 527 522:2.064161e6
260 493 33 990 578 198 424 527 73 522:2.425907e6
260 402 493 990 194 73 198 424 522:2.130371e6
260 33 990 194 842 198 424 73 522:2.091915e6
260 493 33 990 578 198 842 527 73 522:2.051719e6
402 33 578 198 424 527 73 522:2.111663e6
240:3.12708e6
33 990 194 578 198 424 73 522:2.0755e6
260 493 990 194 578 198 424 73 522:1.97913e6
402 493 33 990 194 578 73 424:2.002574e6
260 402 493 990 194 578 198 424 527 73:2.167885e6
260 33 990 424 522 493 194 578 198 842 527:2.14393e6
402 493 990 578 198 424 73 522:2.063983e6
402 493 990 194 73 198 424 527 522:2.300362e6
402 493 33 990 194 578 198 73 522:2.044732e6
260 402 33 990 424 522 493 578 198 527 73:2.592424e6
260 33 990 842 198 424 527 73:2.044527e6
402 493 33 194 73 198 424 527 522:2.339986e6
260 402 493 33 990 578 842 527 73 522:1.987357e6
428:2.603987e6
260 402 493 33 73 198 424 522:2.104702e6
493 33 990 194 578 198 842 527 73 522:2.092398e6
260 402 493 194 73 198 424 527 522:2.047603e6
260 402 493 33 194 842 73 424 527 522:2.126676e6
402 493 33 990 194 578 842 424 527 522:2.068513e6
493 33 990 194 578 198 424 842 527 522:2.137734e6
493 33 842 198 424 527 73 522:2.123266e6
493 33 990 842 198 424 527 73:2.218247e6
260 402 33 990 522 493 194 578 198 842 527 73:2.267392e6
260 33 990 73 198 424 527:2.01795e6
493 33 990 194 842 198 424 73 522:2.267015e6
402 493 33 990 578 842 424 527 73:2.180299e6
260 493 33 578 198 424 842 527 73 522:2.166099e6
402 33 990 73 198 424 527:2.177607e6
260 402 33 990 424 522 493 194 842 73 527:2.383584e6
260 402 493 33 194 842 198 527 73 522:2.012818e6
260 33 990 424 522 493 194 578 842 527 73:2.246242e6
402 493 990 194 578 198 424 842 527 522:2.004227e6
402 493 990 194 73 424 527 522:2.036266e6
493 33 990 578 842 424 527 73:1.9974e6
260 402 424 522 493 194 578 198 842 527 73:2.093506e6
260 493 33 990 842 198 527 73 522:2.047813e6
260 402 33 990 194 73 198 527 522:2.071273e6
260 493 33 990 578 198 527 73 522:2.030641e6
260 493 33 990 842 198 424 527 73 522:2.397468e6
260 402 493 990 578 73 424 527 522:2.044325e6
260 402 33 990 194 578 842 424 527 73:2.065032e6
260 493 33 990 194 198 424 527 522:2.105997e6
260 402 493 33 578 198 424 73 522:2.13244e6
493 33 194 578 198 424 527 73:1.990394e6
