683 141 884 530 73 485 428 186 462 448:1.1282282e7
152 2 574 804 276 621 323:1.0378252e7
947 493 783 896 915 348:9.323632e6
141 884 73 485 428 186 683 448:9.165525e6
309 756 424 204 801:1.0247835e7
305 863 900 573 816 106:9.622005e6
812 266 349 598 159 160:1.0096922e7
79 309 756 424 204 683 801:1.0516131e7
425 672 877 920 641 309:9.17616e6
508 711 487 739 184:1.0591892e7
461:1.018144e7
152 2 574 804 276 621 344 323:1.1001572e7
789 614 719 327:9.752039e6
781 547 300 296 888 938 726 796 186:9.569186e6
208 781 547 296 286 941 186:9.622712e6
208 781 547 300 296 888 938 941 796 186:9.396561e6
79 708 309 756 424 204 683 801:1.0488994e7
79 335 708 309 756 204:1.0191146e7
335 309 756 204 428 801:1.0313676e7
781 547 300 888 938 286 726 941 186 796:1.004267e7
674 985 126 131 965 676 162:9.492542e6
34 152 11 574 804 621 323:1.045966e7
409 305 863 900 816 106:9.298912e6
208 781 547 300 296 888 286 726 186:1.1449372e7
920 672 877 181 641 309 347:1.1578494e7
508 985 487 184:9.728179e6
79 309 424 204 428 683:9.702451e6
309 756 424 204 428:1.1566475e7
947 493 783 896 677 437 348:1.096951e7
323:2.19003e7
32 812 266 206 349 160:1.1282216e7
599 806 94 445 534 578 676 73 569:1.170095e7
425 672 641 309 347:1.0624408e7
799 920 912 133 451 827:1.2922682e7
920 912 133 451 827 423:1.3733235e7
208 781 547 300 296 286 726 941 796:1.0665121e7
316 539 845 205 101:9.380484e6
991 506 693 640:1.1090594e7
316 29 420 888 539 845 205:1.0237341e7
514 44 177 369 228:1.1766011e7
335 708 309 756 204 683:9.378285e6
335 708 309 424 204 428 683:9.944541e6
316 29 539 845 205 118:9.394086e6
79 309 756 424 204 801:1.0810043e7
335 309 756 204 428 683:1.0293335e7
175 493 193 374 798 979 184 823:9.219358e6
316 420 539 845 205 118:1.0023598e7
481:1.5775496e7
352 152 174 391:1.0911549e7
947 493 783 896 915 677 437:1.1952392e7
32 910 812 721 304 266 349 598 160:9.89839e6
208 781 547 300 296 938 286 186:9.694789e6
985 126 131 965 382 428 162:9.760016e6
34 152 2 804 344 621 323:1.010042e7
316 29 888 539 845 205 101:9.947332e6
845 155:9.804091e6
141 530 73 485 428 186 462 683:9.966715e6
781 547 296 938 726 941 186:9.267825e6
868:2.0633547e7
152 218:1.0469181e7
79 335 708 309 424 204 428 683:1.0439094e7
316 29 420 845 205 118 101:9.232001e6
188 790 18 72 671:9.499674e6
208 547 938 286 726 941 186 796:9.421114e6
34 2 574 276 621 323:9.740237e6
208 781 547 296 888 286 941 186:9.68685e6
920 672 181 641 309:9.593002e6
316 29 420 888 539 845 577 205:1.0343507e7
152 2 574 804 276 621 344:9.222984e6
335 309 424 204 428 801:9.933035e6
34 2 11 574 276 621 344 323:1.1512838e7
799 920 912 451 827:1.3240916e7
886:9.228812e6
79 335 708 204 756 428 683 801:9.314302e6
208 781 547 938 726 941 186 796:9.836669e6
34 152 11 574 621 323:1.0178918e7
335 309 756 204 428:1.0625664e7
208 781 547 300 888 938 286 726:9.289353e6
335 708 309 756 424 428 683 801:9.180636e6
208 781 547 938 286 726 941 186 796:1.0836141e7
409 305 863 900 211 573:1.1207428e7
305:1.51024e7
335 753 218:1.0181545e7
208 781 547 300 296 888 938 286 796 186:1.0046506e7
912 451 827 423:1.0051534e7
34 152 2 11 804 621 323:1.0585176e7
793 493 578 842:9.263571e6
335 309 756 204 801:9.304615e6
781 547 296 726 941 186:9.173336e6
920 912 451 423:1.445767e7
18:1.7483533e7
508 985 711 487 184:1.1359827e7
985 126 131 676 382 428:9.317517e6
208 781 547 296 888 938 286 941 186:9.795551e6
208 781 547 300 296 938 286 726 796:1.0397557e7
32 266 349 598 160:1.2741411e7
947 493 783 896 915 437 348:1.0308143e7
32 910 721 304 266 206 598 160:9.281136e6
208 781 300 296 286 726 186:9.230994e6
683 884 530 73 428 186 462 448:9.385295e6
34 152 2 11 574 276 621 323:1.262859e7
514 44 763 369 228:9.491133e6
208 781 547 296 938 286 186:9.356136e6
907 409 305 900 211:9.513756e6
208 781 547 888 938 726 941 186 796:9.883538e6
708 309 756 204 428 801:9.467765e6
352 152 415 391:1.0357022e7
34 2 574 344 621 323:1.0084754e7
32 721 304 266 349 598 159 160:9.763248e6
514 177 763 228:1.0473393e7
208 781 547 296 286 796 186:9.553271e6
79 335 424 204 428:9.364979e6
79 335 309 756 424 204 683:1.1481125e7
208 781 547 300 296 938 286 796 186:9.973083e6
789 614 719 155 327:1.0669992e7
32 812 266 349 598 159 160:1.2556648e7
208 781 547 300 296 888 938 286 726 941:1.054432e7
208 547 300 296 888 938 286 726 186:1.0145341e7
985 126 676 965 428 439 162:9.880487e6
375:1.0303263e7
32 910 812 721 304 266 206 349 598 160:1.0279823e7
79 335 708 309 756 204 428 683:1.0807085e7
32 910 721 266 206 349 598 160:9.791629e6
152 2 11 344 621 323:9.499676e6
34 152 2 804 276 621 323:9.79564e6
208 781 547 296 938 726 796 186:1.0419184e7
34 2 11 574 276 323:9.434064e6
599 806 445 534 578 676 73:1.0565783e7
316 888 539 845 577 205 118:9.242807e6
32 206 349 160:9.415923e6
34 152 2 621 323:9.176778e6
34 2 11 574 344 323:9.769219e6
508 711 487 739:1.0746098e7
208 781 547 300 296 888 726 941 186 796:1.1055249e7
359 985 487 739:9.855245e6
34 152 574 804 621 323:9.342609e6
32 910 812 266 206 349 598 160:9.531818e6
674 985 126 676 965 382 428 439:1.0675968e7
789 614 155 767 327:9.723239e6
316 420 888 539 510 845 205 118:1.0167306e7
781 547 300 296 938 286 726 796 186:1.050284e7
188 790 18 72 559 671:1.0331333e7
316 13 420 884 753 9 358 461:9.720126e6
666:1.0423017e7
907 305 863 900 573 106:9.988978e6
425 672 920 181 641 309:9.407594e6
316 29 420 539 845 577:9.294505e6
208 781 547 300 888 938 286 941 186:9.214349e6
316 29 888 539 845 577 205 101:1.0051226e7
334 896 424 629:1.0858812e7
316 420 510 539 845 577 205:9.811295e6
335 309 424 204 428 683:9.947476e6
316 420 539 845 577 205 118:1.0138049e7
79 335 708 309 756 424 428:1.0252711e7
208 781 547 300 888 938 286 726 796:9.56376e6
842:1.546359e7
175 493 549 193 798 184 823:9.193906e6
169 335 519 478 922 767 130:9.569816e6
32 812 206 598 160:9.668743e6
152 2 574 276 621 323:1.0096303e7
208 781 547 300 296 726 941 186 796:1.1038869e7
683 530 73 428 141 186 462 448:9.39432e6
208 547 300 286 726 796 186:9.320953e6
316 29 888 539 510 845 205:9.218675e6
335 708 309 756 424 204:1.1303539e7
781 547 300 286 726 186:9.241024e6
208 781 547 296 888 286 726 941:1.0115554e7
208 781 547 888 726 941 186 796:9.814735e6
316 29 510 539 845 577 205 101:9.930796e6
32 910 812 721 304 266 349 598 159 160:9.80681e6
208 781 547 300 286 726 941 796:9.745912e6
945 218:1.046733e7
208 547 296 888 286 726 941 186 796:1.0323138e7
152 2 574 804 344 621 323:1.0681504e7
672 641 309 347:1.0687052e7
208 781 547 300 296 888 726 941 796:9.729631e6
884 530 73 428 141 186 462:1.0188681e7
316 29 420 888 845 205 118 101:9.294554e6
708 309 756 424 204 428:1.1463327e7
985 126 131 965 676 428 162:1.0224825e7
335 708 309 424 204 428:1.0198754e7
208 781 547 300 296 938 286 941 796 186:1.031184e7
781 547 286 726 941 186:9.268744e6
335 708 309 756 424 428:9.574611e6
32 910 721 304 266 349 598 159 160:9.869266e6
985 126 131 965 676 382 428 162:1.0869988e7
208 781 547 296 286 726 796:9.993916e6
683 309 756 424 204 428 801:1.0920167e7
781 547 300 286 726 941 186:9.619499e6
920 205 579 776:1.0546897e7
2 11 574 276 621 323:9.436286e6
335 424 756 204 683:9.601187e6
781 547 300 296 888 286 726 941:9.243496e6
781 547 296 286 726 796 186:1.0106748e7
907 409 305 900 211 573 816 106:1.1998247e7
493 33 750 845 119 522:9.154056e6
424 756 204 428 683 801:9.659341e6
789 614 886 155 767 327:1.042193e7
920 912 133 827 423:1.0340619e7
991 391 506 693:1.0702567e7
912 133 451 423:9.892365e6
208 781 547 300 296 938 726 941 796:9.747393e6
79 335 708 309 424 204 428 683 801:1.0182024e7
985 968 868 111:9.385694e6
208 547 300 286 726 941 186:9.389675e6
599 806 94 534 578 676 73 569:1.0140234e7
316 420 888 539 845 577 205 101:1.0687853e7
493 783 896 677 437:9.451766e6
316 29 420 888 510 845 205 118 101:9.317364e6
79 335 424 756 204 801:1.0240685e7
208 781 547 938 726 796 186:9.475313e6
208 781 547 296 938 286 941 796 186:1.0002385e7
450:9.91312e6
424 756 204 428 683:9.835771e6
79 335 708 309 756 424 204 801:1.1461595e7
79 335 309 424 204 428 683:1.0469772e7
316 29 420 888 539 845 577 118 101:1.0519261e7
79 335 424 204 428 801:9.15997e6
152 2 11 574 276 621:9.415799e6
316 420 888 539 510 845 577 118:9.377955e6
812 721 349 598 159 160 32 910 304 266 206:1.0192405e7
79 335 424 756 204 683 801:9.970446e6
208 781 547 300 296 938 286 726:1.0130114e7
188 775 18 72 818 559 671:9.38743e6
44 838 566 860:9.475768e6
208 781 547 300 888 286 941 796 186:9.387461e6
599 806 94 445 534 73 676 569:1.0818743e7
34 152 2 574 804 276 344 323:1.1005568e7
32 910 721 304 266 206 349 598 160:1.0347062e7
985 126 131 965 428 439 162:9.620073e6
335 309 756 424 204:1.1339161e7
34 152 2 11 574 804:9.353011e6
208 781 547 296 888 286 796 186:9.612971e6
316 420 888 539 510 845 118:9.256882e6
316 420 510 539 845 577 118:9.228281e6
208 781 547 888 938 726 186:9.251921e6
34 152 2 574 276 323:1.0098764e7
284:1.2973812e7
208 781 547 300 888 938 286 726 941 796:9.899332e6
790:2.2749684e7
34 152 2 11 574 621 323:1.2323227e7
79 335 708 309 424 204:9.793253e6
79 335 708 309 756 424 204 428 683:1.2290467e7
781 547 300 296 938 726 796 186:9.491172e6
208 781 547 300 888 726 186:9.538387e6
316 888 539 510 845 577 205 118 101:9.978609e6
205:1.7421402e7
32 910 304 266 349 598 159 160:9.597367e6
884 530 73 485 428 186 462 683:9.959889e6
799 920 912:9.801505e6
208 781 547 300 296 888 938 286 726 796:1.0466109e7
316 29 420 510 539 845 577 118 101:1.0389269e7
799 920 912 133 827:9.536443e6
208 781 547 296 888 938 286 726 941 796:1.0471314e7
208 547 300 296 888 938 726 796 186:9.402014e6
208 781 547 300 726 186:9.474837e6
208 781 547 300 888 938 726 941 186 796:1.0218311e7
799 920 133 423:9.36305e6
79 335 708 424 756 204:1.0509213e7
208 781 547 888 938 286 941 796 186:9.144506e6
781 547 300 296 888 938 286 726 796:9.252722e6
683 884 530 73 141 186 462 448:9.286378e6
947 493 896 677 437:1.0662393e7
316 29 420 888 539 845 577 101:1.0216516e7
781 547 300 296 938 286 726 941 796:9.505471e6
305 863 900 211 573:9.889406e6
889 845 155 780 541 382:9.157235e6
34 152 11 574 344 323:9.413603e6
781 547 296 286 726 941 186 796:1.0469006e7
781 547 888 941 796 208 300 938 286 726 186:1.1190948e7
683 141 884 530 485 428 186 462 448:9.234271e6
547 300 296 888 938 286 726 941 186:9.293592e6
163:1.2066924e7
547 300 296 938 286 726 941 186:9.181262e6
425 672 877 920 641 347:9.615947e6
208 781 547 726 796 186:9.409259e6
208 547 296 286 726 796 186:9.923009e6
674 985 126 131 676 428 162:9.520817e6
208 781 547 300 296 726 941 796:9.686548e6
674 985 126 131 676 382 428 439:1.0325896e7
985 126 131 965 382 428 439 162:1.0266026e7
335 69 753 344 218:1.1819785e7
547 300 296 888 286 726 941 186 796:9.422538e6
316 420 539 845 205:9.696029e6
781 547 888 938 286 726 941 186 796:9.692519e6
175 493 549 193 184 979 823:9.331833e6
810 724 42 347:9.832382e6
79 708 309 756 424 428 801:9.206824e6
208 781 547 300 888 938 726 941 186:9.964707e6
402 793 493 578 842 198:9.608811e6
514 44 177 763 369 228:1.2470742e7
79 335 204 756 428:9.759371e6
781 547 300 296 888 286 726 186:1.0265716e7
845 155 382:1.034086e7
70 369:9.197082e6
208 781 547 300 286 726 941 186:1.0831552e7
34 152 2 11 574 323:1.0900852e7
208 547 300 296 938 286 726 941 796:9.348459e6
169 519 478 603 922 767 130 369:1.0059012e7
674 985 126 676 965 428 162:9.872012e6
208 781 547 300 296 286 796 186:9.89094e6
799 920 912 423:1.193237e7
789 614 886 719 155 767:9.450774e6
79 708 309 424 204 428:9.965918e6
152 2 11 574 804 621 344 323:1.1787732e7
208 781 547 296 938 286 726 941:1.0152108e7
781 547 286 726 796 186:9.155234e6
508 985 711 487:1.0242536e7
781 547 938 286 726 941 186 796:9.630544e6
208 781 547 300 938 726 796 186:9.820756e6
76:1.197036e7
208 781 547 300 888 726 941 186 796:1.0161818e7
79 335 708 309 756 204 683 801:9.677327e6
34 2 11 574 276 621 804 344 323:1.1764066e7
79 335 309 424 204 683:9.520764e6
674 985 126 676 965 382 162:9.284352e6
34 152 11 574 276 621 344 323:1.1157427e7
991 879 506 640:9.895747e6
799 920 912 451 423:1.5517168e7
208 781 300 296 888 938 286 726 941 186:9.766022e6
674 985 126 131 965 676 428 162:1.0719879e7
316 420 888 539 510 845 205 118 101:1.0901526e7
208 547 300 296 938 286 726 941 186 796:1.0661696e7
316 29 420 888 510 539 845 577 205 118 101:1.1362391e7
32 812 304 266 349 598 160:9.52932e6
178:1.9351462e7
34 2 11 574 276 804 344 323:1.0365407e7
753 218:1.3127005e7
781 547 300 296 938 286 726 796:9.148392e6
34 152 2 344 621 323:9.833445e6
208 547 300 296 888 286 726 796 186:1.0315824e7
208 781 296 286 726 941 186 796:9.533006e6
789 614 886 767 327:9.546655e6
316 29 420 845 577 205 118 101:9.280298e6
335 424 756 204 428:1.0957801e7
359 985 711 487 739 184:1.2571673e7
72:1.1121002e7
907 409 305 863 900 211 573 106:1.2409386e7
32 812 266 349 159 160:1.0664412e7
79 309 756 204 428 683:1.0030374e7
208 781 296 888 938 286 726 941 186 796:9.690134e6
208 781 547 300 296 938 726 941:9.470728e6
985 126 131 676 428 439 162:9.526033e6
44 177 763 369 228:9.569017e6
884 530 73 428 141 186 683 448:9.46654e6
409 305 863 900 573 106:1.092622e7
175 493 549 193 374 798 184:9.541969e6
32 910 812 721 266 349 598 160:9.344872e6
659:1.2163814e7
208 781 547 938 286 726 941:9.202173e6
79 335 708 424 756 204 428 683:1.1096345e7
439 985 126 131 965 676 382 428 162:1.1369313e7
674 985 126 131 676 382 428 162:1.0169992e7
693:1.3597844e7
208 547 296 938 286 726 186:9.724019e6
208 781 300 296 938 286 726 796 186:9.602212e6
991 879 693 640:1.0359121e7
208 781 547 300 938 286 941 796 186:9.401975e6
907 305 900 211 573 106:1.074313e7
316 29 510 539 845 118 101:9.248895e6
188 18 72 818 559 671:9.403668e6
208 781 547 296 888 726 941 186 796:1.0733774e7
34 152 2 574 344 621 323:1.1845379e7
2 11 574 804 621 323:9.393589e6
141 884 530 73 485 428 186 462 683:1.1196495e7
884:1.538466e7
316 420 888 539 845 577 118 101:1.0118451e7
907 305 863 900 573 816 106:1.0003185e7
335 708 309 756 204 428:1.0598453e7
208 547 888 938 286 726 941 186 796:9.501082e6
409 305 900 211 573 816:1.0785916e7
32 266 206 598 159 160:1.1573071e7
208 547 300 888 938 286 726 941 186:9.575837e6
599 806 445 534 73 676:9.659698e6
674 985 126 131 965 428:9.263369e6
316 29 888 539 845 205 118:9.541511e6
907 305 900 211 573:9.821276e6
409 305 900 573 816 106:1.0509929e7
32 812 721 266 349 598 160:9.36268e6
32 812 206 349 598 159 160:1.1296766e7
912 133 451 827 423:9.826886e6
947 493 783 896 915:9.50732e6
335 708 309 756 424 204 683:1.0996387e7
208 781 547 300 938 286 726 796 186:1.0807146e7
32 266 598 160:1.1053131e7
884 530 73 485 428 186 141 448:9.778313e6
674 985 126 131 965 428 439:9.770393e6
32 812 349 598 160:1.0807176e7
305 900 211 573 816:9.460757e6
781 547 296 888 286 726 796 186:1.0145707e7
208 547 300 296 286 726 941 186 796:1.0597339e7
674 985 126 131 676 428 439 162:1.0024677e7
947 493 896 915 677 437:1.1421824e7
781 547 888 938 286 726 941 186:9.45469e6
764 935 321 540:9.22228e6
985 711 487 739:9.872136e6
32 812 721 266 206 349 598 159 160:9.71112e6
907 409 305 863 900 211 573 816:1.1555064e7
208 547 300 296 888 286 726 941 796:9.330788e6
316 29 420 539 845 205 118 101:1.1189145e7
175 493 549 193 374 798 979 184 823:1.0427112e7
34 2 11 574 621 323:1.0548658e7
79 335 708 424 756 204 428 683 801:1.0857882e7
674 985 126 676 382 428 162:9.309573e6
152 2 11 574 344 621 323:1.1534298e7
32:2.0339356e7
208 781 296 286 726 941 186:9.244935e6
335 424 756 204 683 801:9.441557e6
208 781 547 300 296 888 938 286 726:1.0210064e7
425 672 920 641 347:9.161088e6
920 451 423:1.2097472e7
781 547 300 296 888 938 286 726 941:9.363423e6
79 708 309 756 204:9.347897e6
79 335 708 309 756 204 428 801:1.0787601e7
34 2 11 804 276 621 323:9.15408e6
266 349 598 159 160:1.0145082e7
947 493 783 896 437:9.720274e6
208 547 300 296 888 938 286 726 796 186:1.0403183e7
316 420 510 539 845 205 118:1.0033567e7
316 29 888 539 510 845 577 101:9.191721e6
335 708 424 756 204:9.908849e6
34 152 2 11 574 276 621:1.0842509e7
599 806 94 445 534 578 676:9.885695e6
34 152 11 574 276 621 323:1.0504745e7
208 547 300 296 888 286 726 186:1.0046325e7
335 519 478 603 922 767 130:1.0203783e7
208 781 547 300 938 286 726 941 796:9.820949e6
79 708 309 424 204 428 683 801:9.460385e6
208 781 547 300 888 938 286 941 796 186:9.485229e6
316 420 510 539 845 205 118 101:1.0784881e7
169 335 519 603 922 369 130:9.424899e6
409 305 863 900 573 816 106:1.0921572e7
316 420 510 539 845 577 101:9.676559e6
79 309 756 204:9.294844e6
235:1.1925685e7
781 547 300 296 938 726 941 186:9.607555e6
316 29 888 539 510 845 205 118:9.556164e6
316 539 845 577 205 118 101:9.843688e6
316 29 510 539 845 205 118 101:1.0156086e7
208 547 296 888 286 726 941 186:1.0055033e7
991 879 506 391:9.500241e6
305 863 900 573 106:9.59668e6
599 806 445 534 578 676 73 569:1.0748167e7
32 812 721 266 349 598 159 160:9.287209e6
208 547 296 888 286 726 186:9.695956e6
34 152 2 574 804 276 621 323:1.1776017e7
152 2 574 344 621 323:1.041103e7
674 985 126 131 965 676 428 439:1.087343e7
316 29 539 845 577 205 118:9.513575e6
208 781 547 300 888 938 726 796 186:9.88232e6
208 781 547 296 938 286 726 941 186:1.1503474e7
316 420 510 539 845 577 205 118:1.0142494e7
305 863 900 211 573 816:9.919235e6
152 11 574 344 621 323:9.37988e6
575:1.4165095e7
334 896 723 424:1.0684682e7
32 812 266 206 159 160:9.56906e6
316 420 888 539 845 577 205 118 101:1.1003932e7
79 335 309 756 204 428 801:1.0832313e7
409 305 863 211 573 816 106:9.703914e6
34 152 2 574 276 621 344:1.0365528e7
359 711 487 739 184:1.0352603e7
599 806 94 445 534 73 676:1.0654129e7
335 478 603 922 767 130 369:9.46283e6
208 781 547 296 938 286 726 796 186:1.1412958e7
34 152 2 11 574 804 621 344 323:1.3181223e7
920 672 877 181 309 347:9.654678e6
335 309 424 204:9.186194e6
34 2 11 574 276 621 323:1.0866397e7
514 44 177 369:1.006192e7
316 29 420 510 539 845 577 101:1.0087585e7
920:2.982512e7
708 309 756 204 428 683 801:9.286426e6
316 420 510 539 845 577 118 101:9.98884e6
708 424 756 204 428 683 801:9.625969e6
598:1.4015768e7
208 781 547 300 296 726 796:9.332955e6
32 266 206 349 159 160:1.1301175e7
409 305 863 900 211 573 816:1.1210212e7
208 547 300 888 938 286 726 186:9.222442e6
208 781 547 938 286 726 186:1.0222063e7
208 781 547 300 888 938 286 726 796 186:1.0871251e7
208 781 547 296 888 938 726 941:9.184116e6
947 493 915 677 437 348:9.644802e6
674 985 126 131 965 382 439 162:9.533082e6
44 177 763 228:9.404887e6
316 888 539 510 845 205 118:9.144219e6
985 126 965 382 428 439 162:9.414419e6
674 985 126 965 382 428 162:9.401449e6
347:1.7030935e7
991 879 391 640:9.759347e6
32 266 349 598 159 160:1.2638454e7
316 29 420 539 845 577 118:9.623992e6
29 420 888 539 510 845 205 118 101:9.154266e6
335 708 204 756 428:9.178925e6
781 547 888 941 796 208 300 296 938 286 726:1.0785987e7
907 409 305 863 900 573:1.0397218e7
920 912 133 451:1.1970222e7
425 672 920 181 641 309 347:1.0881781e7
218:5.742735e7
32 812 304 266 206 349 598 159 160:9.842789e6
309 756 204 428 801:9.478196e6
674 985 126 131 965 428 439 162:1.0115368e7
34 152 574 344 621 323:9.72265e6
781 547 296 888 938 286 726 186:1.0014522e7
985 126 676 965 382 428 439 162:1.0526573e7
208 547 300 296 286 726 186:9.975761e6
508 359 985 487 739:1.1609768e7
599 94 445 534 73 676 569:9.851252e6
316 29 420 539 845 118:9.552956e6
985 711 487 184:9.542493e6
2 11 574 276 621 804 344 323:1.0368263e7
208 547 300 296 938 286 726 941 186:1.0406834e7
208 781 547 296 938 726 941 796:9.424246e6
799 920 133 451:1.0830722e7
920 672 181 641 347:1.0001651e7
547 300 296 286 726 941 186 796:9.33463e6
208 781 547 300 296 726 941:9.395916e6
208 781 547 296 938 286 941 186:9.724253e6
208 781 547 296 938 286 726:9.793775e6
316 29 510 539 845 205 118:9.415789e6
208 781 547 296 286 726 796 186:1.1356844e7
34 152 2 574 621 323:1.1202546e7
920 672 877 181 641 309:1.0122489e7
34 152 2 11 804 276 344 323:1.0117129e7
152 205:9.415299e6
683 79 309 756 424 204 428 801:1.1372439e7
32 910 812 304 266 349 598 159 160:9.532857e6
34 152 2 804 276 621 344 323:1.042542e7
34 152 2 11 574 621:1.0517064e7
175 493 549 193 374 184 979:9.733579e6
152 2 11 574 276 621 323:1.1226989e7
985 126 131 965 676 382 428:1.0523617e7
907 409 305 863 211 573 106:1.0041334e7
34 152 2 574 804 621 323:1.1467526e7
119:1.1018214e7
316 29 539 845 577 118 101:9.344185e6
32 812 266 598 160:1.1002792e7
674 985 126 676 965 439 162:9.147936e6
335 309 424 204 428:1.0220655e7
790 775 18 72 818 671:9.386787e6
79 335 708 309 756 424 428 683 801:9.739621e6
316 29 420 888 539 845 577 205 101:1.1080938e7
335 309 756 424 204 428 683:1.1885619e7
374:1.3738467e7
208 781 547 286 726 186:1.0139278e7
674 985 126 131 676 382 428:9.818828e6
685:1.072104e7
683 79 335 708 309 756 424 204 428 801:1.1971672e7
208 781 547 300 296 286 726:1.0048785e7
141 884 73 485 428 186 462 448:9.986598e6
781 547 888 286 726 941 186:9.33574e6
34 152 574 804 276 621 323:9.671564e6
175 493 549 193 374 798 979 184:9.700062e6
32 910 812 721 304 266 206 598 159 160:9.171826e6
920 205:1.0449903e7
141 884 73 485 428 186 462 683:1.0248421e7
799 920 912 133 451 827 423:1.4734123e7
409 305 900 211 573 816 106:1.1665125e7
352 152 415 488:9.937495e6
674 985 126 131 965 382 428 439:1.0414656e7
34 2 11 574 804 621 323:1.0822557e7
514 177 369 228:9.769283e6
208 781 547 296 726 941 186:1.0445479e7
708 309 756 424 204:1.0514469e7
508 711 487 184:9.143311e6
34 152 2 11 276 344 323:9.856248e6
781 547 296 888 726 941 186:9.224626e6
316 29 420 888 539 510 845 205 118:1.0561502e7
2 11 574 276 621 804 323:9.727154e6
208 781 547 300 296 888 286 796 186:9.954498e6
208 781 547 300 296 888 938 726:9.186831e6
169 335 519 478 603 922 767 130 369:1.121443e7
208 781 547 296 888 286 726 941 796:1.0381862e7
316 29 420 888 539 510 845 577 118 101:1.0513657e7
34 152 2 574 276 621:9.699934e6
208 781 547 296 888 286 941 796 186:9.964009e6
188 775 790 18 72 559 671:1.0254225e7
208 547 888 938 286 726 796 186:9.147405e6
141 884 530 73 485 428 186 462 448:1.0936393e7
204:1.885839e7
781 547 300 296 286 726 941 186:1.0546106e7
79 708 424 756 204 428 683:1.0385334e7
208 781 547 296 286 726 941 186:1.1441194e7
208 547 296 888 726 941 186 796:9.316483e6
34 152 2 11 574 344 621 323:1.2949756e7
152 2 11 804 276 621 323:9.48304e6
79 708 309 756 424 204 428:1.2028162e7
208 781 300 296 938 286 726 941 186:9.680256e6
316 29 420 510 539 845 577 205 118 101:1.1260645e7
425 672 877 920 181 309 347:9.492579e6
439 674 126 131 965 676 382 428 162:9.764744e6
305 863 900 211 573 816 106:1.0823186e7
985 126 131 965 676 382 428 439:1.102744e7
309 756 204 428 683:9.486274e6
208 781 547 300 286 941 796 186:9.313081e6
947 493 783 896 915 677 437 348:1.171945e7
32 721 266 206 349 598 159 160:9.763232e6
316 29 539 845 205 118 101:1.0148636e7
781 547 300 296 888 726 796 186:9.488624e6
991 506 640:9.474149e6
335 424 756 204 801:9.663949e6
316 420 510 539 845 577 205 101:1.0562548e7
425 672 877 920 181 641 309:9.903064e6
34 152 2 11 574 804 323:1.1166536e7
34 152 2 11 621 323:1.0318318e7
991 506 693:9.882739e6
34 152 2 11 344 621 323:1.0955601e7
907 409 305 900 816 106:9.253461e6
907 305 863 900 211 573 816:1.0296937e7
79 309 756 424 204 428 683:1.1660093e7
169 335 478 603 922 767 130 369:1.0154228e7
316 29 420 888 539 845 118 101:1.0417801e7
34 152 2 11 574 276 621 344:1.1491799e7
169 335 478 603 922 130:9.434764e6
316 29 420 510 539 845 205 118:1.0435955e7
599 806 94 445 534 73 569:1.0024478e7
34 152 2 574 276 621 323:1.1517235e7
884 73 485 428 186 462 141:9.897438e6
781 547 296 938 286 726 941 186:1.0321691e7
175 493 549 193 798 979 184 823:9.388467e6
208 781 547 300 296 286 726 941 186:1.1742447e7
789 614 155 327:9.518774e6
32 206 598 160:9.717093e6
688:1.5613605e7
208 781 547 888 286 726 941 186 796:1.0804704e7
79 708 424 756 204 428 801:1.0439014e7
344:9.290034e6
907 409 305 863 900 573 106:1.1285668e7
79 335 309 424 204 428 683 801:1.0226646e7
707:1.6836236e7
799 920 912 133:9.594055e6
184:1.1063373e7
687:1.360005e7
522:1.1259609e7
79 335 309 756 204 801:9.874814e6
175 493 549 193 374 798 184 823:1.0296088e7
34 152 2 574 344 323:1.0421349e7
79 335 708 424 756 204 428 801:1.1179009e7
907 305 863 900 211 573:1.0277974e7
208 781 547 300 938 286 726:9.190477e6
32 910 266 206 349 598 159 160:9.48177e6
32 812 266 206 160:9.572616e6
208 781 547 300 888 286 726 796 186:1.0799208e7
316 420 510 539 845 101:9.556719e6
439 674 985 126 131 965 676 382 428 162:1.1855478e7
508 359 985 711 739:9.557503e6
812 266 349 598 160:1.0127934e7
79 335 309 756 424 204 683 801:1.1198281e7
920 181 641 309 347:9.216929e6
402 793 493 990 578 842 198:1.0320537e7
599 806 94 445 534 676 569:9.143654e6
781 547 300 296 938 286 726 941 186 796:1.0842434e7
32 910 304 266 206 349 598 159 160:1.0009651e7
991 879 506 391 640:1.0707929e7
79 335 204 756 428 801:9.517661e6
79 335 309 756 424 204 428 683:1.2354082e7
111:1.2176828e7
335 309 756 424 204 683 801:1.0730848e7
493 783 896 915 677 437:1.0271273e7
208 547 300 296 888 286 726 941 186:1.0390742e7
845 382:1.0318514e7
316 29 888 539 510 845 577 118 101:9.504243e6
208 781 547 296 888 938 286 726:9.867747e6
316 29 420 888 539 845 118:9.654959e6
69 753 218:9.481363e6
799 912 451 827 423:1.1298268e7
34 152 2 11 276 323:9.213959e6
32 266 206 349 160:1.13569e7
789 614 886 719 155 327 767:1.1453735e7
208 781 547 300 296 938 286 726 941:1.0473465e7
674 985 126 131 965 382 439:9.188611e6
508 953 772 577 160:9.205611e6
907 305 900 573 816 106:9.572438e6
34 152 2 11 574 276 804 344:1.0337688e7
34 152 11 574 276 344 323:9.749507e6
991 879 391 693:9.981357e6
985 126 131 965 676 439 162:9.495312e6
806 445 534 578 676 73 569:9.355018e6
493 549 193 374 184 979 823:9.374887e6
34 2 11 574 804 323:9.38841e6
79 708 309 756 424 428 683:9.158875e6
674 126 131 965 676 382 428 162:9.254545e6
947 493 896 677 348:9.41928e6
169 335 519 603 922 767 130 369:9.763109e6
781 547 300 286 726 941 186 796:9.869242e6
335 708 309 756 424 204 801:1.0968876e7
208 781 547 300 888 938 286 726 941:9.639303e6
409 305 863 900 211 106:1.0500986e7
335 708 309 424 204 428 801:9.907943e6
359 711 487 739:9.21058e6
208 781 547 300 888 286 726 186:1.0542861e7
208 781 300 296 938 286 726 186:9.327022e6
947 493 896 677 437 348:1.0459731e7
991 879 506 693 640:1.1496254e7
32 812 266 206 349 159 160:1.1232257e7
79 335 708 424 756 204 428:1.1489905e7
79 335 309 756 424 428 683:9.893402e6
316 29 888 539 845 577 205 118:9.654293e6
920 912 451:1.2328504e7
208 781 547 300 296 888 286 726 941 796:1.0708287e7
208 781 547 300 296 888 286 726 796:1.0381693e7
781 547 296 938 726 941 186 796:9.524444e6
32 304 266 349 598 159 160:9.499469e6
316 539 845 205 118 101:9.731509e6
32 266 206 349 598:1.0016077e7
781 547 888 941 208 300 296 938 286 726 186:1.1838977e7
335 708 424 756 204 428 683:1.0577908e7
599 94 534 578 676 73 569:9.155885e6
74:2.017656e7
683 708 309 756 424 204 428 801:1.0855897e7
781 547 296 938 286 726 796 186:1.0195783e7
208 781 296 888 286 726 941 186 796:9.590186e6
175 493 549 193 374 823:9.819504e6
79 708 309 424 204 428 683:9.679935e6
907 409 305 863 900 211 573 816 106:1.2380361e7
674 985 126 965 382 428 439:9.566144e6
94 445 534 578 676 73:9.143837e6
999:1.4696178e7
991 391 640:9.347781e6
781 547 300 296 888 938 286 941 796 186:9.170433e6
789 614 886 327:9.353101e6
352 152 415 174 488:1.179459e7
34 152 2 11 574 276 621 804:1.1111831e7
208 781 547 300 296 938 286 941 186:1.0047924e7
208 781 547 296 726 796 186:1.036791e7
316 29 420 510 539 845 205 101:1.0864008e7
789 614 719 155 327 767:1.0804366e7
316 888 539 845 205 101:9.528635e6
305 900 211 573:9.415962e6
34 152 2 574 804 621:9.657723e6
208 781 547 296 888 938 286 726 941 186:1.1542436e7
208 547 300 296 888 726 941 186 796:9.665374e6
208 781 547 300 286 726 796 186:1.0750636e7
508 985 487 739 184:1.1159153e7
208 547 296 726 941 186 796:9.263393e6
34 152 2 11 804 344 621:9.410673e6
674 985 126 131 965 676 439 162:9.993736e6
478:1.13172e7
208 781 547 296 888 286 726 941 186:1.1466176e7
409 305 863 900 211 573 816 106:1.2063985e7
34 152 2 574 804 276 621 344 323:1.239354e7
514 44 763 228:9.362126e6
316 29 420 888 539 510 845 577 205 101:1.106697e7
34 152 2 11 276 621 344 323:1.1277473e7
316 888 539 845 577 205 118 101:9.97516e6
799 920 451:1.1345923e7
169 335 519 478 922 130:9.244732e6
208 781 547 300 888 286 726 796:9.466868e6
193:1.1550708e7
208 781 547 300 888 286 726 941 186:1.0883652e7
32 266 206 160:9.615366e6
907 409 305 863 211 573 816 106:1.005823e7
70 484 388 481 152 159:9.502403e6
894:1.4999445e7
208 781 547 296 888 726 186:1.0116755e7
316 420 539 845 577 101:9.655077e6
781 547 300 888 286 726 941 186:9.711929e6
79 335 424 756 204:1.0487163e7
208 781 547 300 938 286 726 941 186 796:1.1135938e7
152 2 11 574 276 621 804 323:1.1491898e7
991 391 506 693 640:1.1882968e7
34 152 2 11 804 344 323:9.782541e6
34 2 11 344 621 323:9.19145e6
34 152 574 276 621 323:9.37998e6
316 29 420 539 845 205:1.0094772e7
305 900 573 816 106:9.173252e6
991 879 506 391 693:1.11072e7
70 913 369:9.801571e6
208 781 547 300 296 286 726 941 186 796:1.1978838e7
947:1.3938795e7
79 708 424 756 204:9.729538e6
160:1.4953974e7
175 493 193 184:1.0545563e7
985 126 676 965 382 428:9.670958e6
781 547 296 888 938 726 796 186:9.205677e6
947 493 896 437:9.150641e6
799 920 423:9.564815e6
674 985 126 131 965 676 382 439:1.0294021e7
208 781 547 300 296 888 938 726 796:9.466168e6
32 812 206 349 159 160:9.375777e6
683 79 335 309 756 424 204 428 801:1.2041345e7
2 11 574 344 621 323:9.765752e6
152 2 11 574 276 621 804 344:1.0355066e7
152 2 574 804 621 323:1.0047737e7
907 409 305 900 573:9.960122e6
920 672 877 641 309 347:1.0842255e7
29 420 888 539 845 577 205 118 101:9.219218e6
208 781 547 296 286 726 941:1.0064424e7
508 985 711 487 739 184:1.2741339e7
781 547 300 296 938 286 726 186:1.027401e7
316 420 510 539 845 205 101:1.0462272e7
508 985 711 487 739:1.166958e7
208 781 300 296 286 726 796 186:9.519227e6
208 781 547 888 938 286 726 186:1.0289752e7
674 985 126 131 965 428 162:9.612842e6
208 781 547 300 296 888 286 726 796 186:1.1687357e7
208 781 547 300 296 888 938 286 186:9.77961e6
316 420 539 845 205 118 101:1.0788598e7
335 708 309 756 204 801:9.335461e6
359 985 711 487:1.0035031e7
487:1.4634233e7
884 530 73 428 141 186 683:9.378e6
316 420 888 539 510 845 205 101:1.0588889e7
208 547 300 296 938 726 941 186:9.400604e6
146 218:9.981109e6
724 42 347:9.579911e6
920 205 776:1.0393098e7
781 547 300 888 286 726 186:9.34271e6
208 781 547 296 938 286 796 186:9.648646e6
316 29 420 888 539 510 845 205:1.0242583e7
781 547 888 796 208 300 296 938 286 726 186:1.1746924e7
806 94 445 534 578 73 569:9.509948e6
789 614 886 719 327:1.0477774e7
152 2 11 574 804 621:9.366907e6
34 152 11 574 804 344 621 323:1.1104706e7
547 300 296 888 938 286 726 796 186:9.181974e6
208 547 296 286 726 941 186 796:1.0277286e7
79 335 424 756 204 683:1.0162745e7
34 2 11 574 276 621 804 344:1.0004458e7
208 781 547 300 296 888 938 726 796 186:1.0777817e7
985 126 131 965 676 428 439 162:1.072544e7
884 530 73 141 186 462 683:9.198489e6
208 547 300 888 286 726 796 186:9.398811e6
539:2.09526e7
208 781 547 300 726 796 186:9.768492e6
169 519 478 603 922 130:9.354796e6
34 152 2 11 574 276 804:9.691816e6
32 910 812 266 206 349 598 159 160:9.433551e6
208 781 547 938 286 726 941 796:9.487816e6
169 335 519 478 603 767 130:9.201126e6
334 896 424:1.0243881e7
947 493 783 896 437 348:9.514032e6
169 519 478 603 922 767 130:9.704491e6
208 547 300 888 938 286 726 941 186 796:9.837663e6
781 547 300 296 286 726 941 186 796:1.0773953e7
34 2 574 804 621 323:9.704111e6
316 420 888 539 510 845 118 101:1.0016452e7
409 305 863 900 211:9.577518e6
896:1.770041e7
188 790 18 72 818 671:9.839658e6
208 781 547 296 938 726 941 186:1.0503682e7
335 69 753 218:1.0620892e7
79 335 309 756 204 428 683:1.0816706e7
141 530 73 485 428 186 462 448:9.706613e6
34 152 2 11 574 804 344 323:1.1789551e7
208 781 547 300 296 888 726 941 186:1.0807426e7
34 152 2 11 574 804 621 344:1.1434238e7
907 305 900 573 106:9.542224e6
79 335 708 309 424 204 683 801:9.341744e6
912 451 423:1.0138989e7
674 985 126 676 965 428:9.523269e6
572:1.6329836e7
208 547 296 938 286 726 796 186:1.0007475e7
316 29 420 510 539 845 577 205:1.0214413e7
169 335 519 478 603 922 369:9.266196e6
920 133 451 827:9.402668e6
359 985 711 487 739:1.1460258e7
425 672 877 920 181 641 347:1.0353176e7
208 547 300 296 888 938 726 941 186 796:9.741631e6
208 781 547 296 286 941 796 186:9.913887e6
806 94 445 534 73 676 569:9.42974e6
683 141 884 73 485 428 186 462 448:1.0336849e7
34 152 2 11 574 344 621:1.1175191e7
152 2 11 574 344 621:9.740118e6
884 530 73 428 141 186 462 683:1.0536388e7
316 29 420 888 539 845:9.327709e6
781 547 300 296 726 186:9.147904e6
316 29 420 510 845 577 205 118 101:9.304634e6
208 547 300 296 888 286 726 941 186 796:1.0645863e7
991 693 640:9.940617e6
708 309 756 424 204 428 683:1.1123418e7
208 781 547 300 296 888 286 941 186:1.0026701e7
409 305 211 573 106:9.244756e6
32 349 598 159 160:1.0795376e7
69 753 344 218:1.0677225e7
799 920 133 451 827 423:1.2712865e7
523 44 838 566 860:9.973538e6
845:3.1443424e7
316:1.2366069e7
493 33 750 845 527 119 522:9.377517e6
920 912 133 451 827:1.1783332e7
327:1.14168e7
79 335 708 424 756 204 683 801:9.996608e6
175 493 549 193 184 823:9.147469e6
208 781 547 300 296 938 726 796:9.400838e6
34 2 11 276 621 344 323:9.525698e6
79 335 309 424 204 801:9.51405e6
208 781 547 300 888 938 726 186:9.614338e6
799 920 827 423:9.433037e6
79 309 756 424 204:1.1132158e7
208 781 547 300 296 888 726 796:9.386582e6
34 152 2 11 574 276:9.40475e6
335 708 424 756 204 428 801:1.0653074e7
208 547 300 296 888 938 286 726 941 796:9.436814e6
266 206 349 598 160:1.0790801e7
793 493 578 842 198:9.721254e6
884 73 428 141 186 462 683:9.581617e6
519 478 603 922 767 130 369:9.355467e6
884 530 73 428 186 462 683:9.297067e6
208 547 300 938 286 726 941 186:9.480703e6
983:2.2671582e7
79 335 708 309 756 204 683:9.927191e6
32 812 304 266 349 598 159 160:9.430498e6
316 29 420 888 539 845 205 118:1.0567156e7
79 424 756 204:9.67691e6
208 781 547 888 938 286 726 796 186:1.0547426e7
208 781 547 296 888 938 286 941 796 186:1.0061053e7
781 547 296 888 938 726 941 186 796:9.56713e6
781 547 296 888 938 286 726 796 186:1.0245638e7
508 359 711 487:9.607973e6
674 985 126 131 965 382 428:9.908922e6
316 29 420 539 845 577 205 101:1.096217e7
79 708 424 756 204 683:9.459975e6
188 775 790 18 72 671:9.456542e6
724 42 736 743 347:9.868681e6
316 420 539 845 577 205 118 101:1.0886944e7
32 721 266 206 349 598 160:9.831684e6
79 708 309 424 204 428 801:9.671604e6
789:1.5003048e7
79 424 756 204 428 683 801:1.0159563e7
152 11 574 804 276 621 344 323:9.997322e6
508 359 985 711 739 184:1.0709883e7
781 547 296 938 726 796 186:9.151481e6
335 708 309 756 204 683 801:9.166083e6
790 775 18 818 559 671:9.396563e6
208 547 300 296 888 938 726 941 186:9.474875e6
674 985 126 131 965 676 428:1.0373091e7
208 781 547 300 296 286 726 796 186:1.1658863e7
887:1.0969182e7
335 708 309 756 204:9.598375e6
316 29 420 539 845 577 205 118 101:1.1278459e7
32 349 598 160:1.085745e7
79 335 708 424 204 428 801:9.15579e6
32 812 266 349 598:9.358528e6
674 985 126 131 965 676 382 162:1.0135903e7
175 493 193 374 184 979 823:9.176135e6
409 305 900 573:9.565254e6
790 18 72 559 671:9.952045e6
34 152 2 574 323:9.764517e6
349:1.195271e7
34 152 2 11 804 276 621 323:1.0910814e7
79 335 309 756 204:1.0162273e7
79 424 756 204 428 683:1.0374029e7
599 806 94 445 534 73:9.847769e6
674 985 126 676 965 382 428:1.0168955e7
985 126 131 965 676 382 439:9.797704e6
674 985 126 676 965 428 439:1.0031572e7
907 409 305 863 900 211 816 106:1.0857085e7
530 73 428 141 186 462 683:9.306608e6
781 547 300 888 286 726 941 186 796:9.948286e6
508 359 985 487 739 184:1.2746247e7
985:1.8849768e7
240:1.561876e7
508 985 487 739:1.0040048e7
79 708 309 756 204 428:1.035486e7
34 152 11 574 804 276 621 344:9.654862e6
907 305 900 211 573 816:9.855205e6
799 920 133 451 423:1.2980562e7
309 424 204 428 683:9.145848e6
674 985 126 131 382 428 439 162:9.559497e6
316 29 510 539 845 577 205 118:9.529754e6
169 335 519 478 603 922 767:9.221305e6
208 781 547 300 286 726 796:9.394368e6
781 547 300 938 286 726 796 186:9.595381e6
316 29 420 539 845 577 118 101:1.0387823e7
316 29 539 845 577 205:9.162672e6
79 335 204 756 428 683 801:9.28286e6
316 888 539 845 205 118 101:9.869688e6
781 547 888 941 796 300 296 938 286 726 186:1.0914038e7
70 484 388 152:9.271156e6
34 152 11 574 804 276 323:9.371056e6
599 94 445 534 578 73:9.746117e6
335 708 424 756 204 683 801:9.474301e6
891:9.288958e6
799 920 451 827 423:1.3016688e7
79 335 309 756 424 204 801:1.1524061e7
493 549 193 374 798 184 823:9.265679e6
920 133 451 423:1.1740917e7
599:1.5352368e7
34 152 2 574 276 344 323:1.0746115e7
2 11 574 276 621 344 323:1.0095068e7
599 806 94 534 578 676 73:9.94332e6
781 547 300 888 286 726 796 186:9.59425e6
352 152 174 391 488:1.1135474e7
493 896 915 677 437 348:9.477657e6
402 793 493 990 578 842:9.873052e6
335 424 756 204 428 801:1.0689998e7
335 708 424 756 204 428:1.0915254e7
34 2 11 574 804 344 323:1.0043789e7
991 879 506 693:1.0302173e7
175 493 549 193 374 798 823:9.818136e6
278:9.71568e6
34 2 11 804 344 621 323:9.467344e6
208 781 300 296 888 286 726 186:9.315314e6
316 29 420 888 539 845 101:1.0106891e7
208 781 547 888 286 726 941:9.172453e6
991 391 693:9.56388e6
708 309 756 424 204 428 801:1.1114753e7
208 781 547 300 938 726 941 186 796:1.016713e7
208 781 547 888 938 286 726 796:9.208819e6
208 781 300 296 888 286 726 941 186:9.666169e6
152 11 574 276 621 344 323:9.717284e6
34 152 2 804 621 323:9.460676e6
208 781 547 888 286 726 941 796:9.457123e6
208 781 547 286 726 941 796:9.399547e6
947 493 896 915 437:9.975674e6
79 309 756 424 204 683:1.0767884e7
188 775 790 18 818 559 671:9.822432e6
335:1.442935e7
683 884 530 73 428 141 186 462 448:1.062308e7
599 806 94 534 578 73 569:9.303302e6
208 781 547 296 286 726 941 796:1.0344748e7
32 812 266 349 160:1.0703801e7
316 29 539 845 118 101:9.273377e6
34 152 2 11 574 276 323:1.1225773e7
352 152 415 174 391 488:1.240767e7
208 781 296 938 286 726 796 186:9.268508e6
947 493 896 915 677 348:1.0224083e7
335 424 756 204 428 683 801:1.040375e7
34 11 574 804 344 621 323:9.366608e6
34 152 2 276 621 323:9.51794e6
208 781 547 300 296 938 726 186:1.0477309e7
316 420 510 539 845 577 205 118 101:1.0877703e7
884 530 73 485 428 186 462:9.609488e6
208 781 547 296 888 938 286 726 796:1.0136776e7
957:9.211244e6
991 391 693 640:1.0769447e7
599 806 94 445 534 578 676 73:1.1538804e7
34 152 2 11 574 276 344 323:1.185638e7
907 409 305 900 211 573:1.114063e7
508 359 487 739 184:1.0531789e7
907 409 863 900 211 573 816 106:9.350989e6
32 721 304 266 206 349 598 160:1.0241966e7
169 519 478 603 922 369 130:9.728382e6
152 2 11 574 344 323:1.0102491e7
335 309 756 424 204 428 801:1.192937e7
947 493 783 896 915 437:1.0539079e7
316 510 539 845 205 101:9.407403e6
316 29 420 539 845:9.212304e6
920 451 827:9.689468e6
790 775 18 72 559 671:9.827984e6
208 547 300 296 726 941 186 796:9.614668e6
799 920 912 133 423:1.168483e7
208 781 296 286 726 796 186:9.172291e6
674 985 126 131 965 676 382 428:1.1016564e7
208 781 547 300 296 888 941 796 186:9.315799e6
208 781 547 286 726 941 186:1.0504307e7
34 152 2 11 574 804 344:1.0008364e7
208 781 547 296 888 938 726 941 186 796:1.0788949e7
776:1.133824e7
316 29 420 888 510 845 577 205 118 101:9.42306e6
208 781 547 888 726 186:9.16366e6
208 547 300 296 888 938 286 726 941:9.162247e6
335 708 309 756 424 428 683:9.335031e6
34 152 2 11 276 621 323:1.0650154e7
13:2.0913552e7
708 424 756 204 428:1.0110919e7
208 547 296 938 726 941 186 796:9.341581e6
599 806 445 534 73 676 569:9.845942e6
574:1.4719747e7
34 152 2 11 804 276 323:9.492363e6
34 152 11 574 804 344 621:9.323988e6
79 424 756 204 801:9.454375e6
32 812 266 598 159 160:1.0960848e7
674 985 126 131 965 382 428 162:1.025597e7
34 2 574 804 344 621 323:1.035922e7
920 451 827 423:1.1834131e7
32 812 349 598 159 160:1.0749923e7
32 812 721 266 206 349 598 160:9.785085e6
672 641 347:9.222583e6
985 126 676 965 382 439 162:9.292861e6
316 29 888 539 845 118 101:9.374814e6
359 985 711 487 184:1.1187358e7
920 912 451 827:1.2084491e7
79 335 708 309 756 424 204:1.183221e7
208 547 296 888 286 726 796 186:9.978439e6
781 547 296 938 286 726 941 186 796:1.0551164e7
316 29 888 539 510 845 577 205:9.333387e6
409 305 863 900 106:9.28503e6
208 781 547 296 938 286 726 941 186 796:1.1741038e7
991 879 391 693 640:1.1173735e7
781 547 888 941 796 208 300 296 286 726 186:1.1998076e7
316 420 888 539 845 205 118:1.0164387e7
316 29 420 510 539 845 118 101:1.0286626e7
493 783 896 677 437 348:9.238646e6
316 888 539 510 845 205 101:9.548504e6
32 721 304 266 349 598 160:9.841879e6
316 29 420 539 845 101:1.0015092e7
208 781 547 300 296 938 286 726 796 186:1.1701745e7
907 409 305 900 573 816 106:1.0876265e7
32 910 721 266 349 598 159 160:9.297509e6
985 126 131 965 676 382 162:9.63682e6
79 309 756 424 428:9.368093e6
266 349 598 160:1.0178499e7
316 29 888 539 510 845 577 205 101:1.0056998e7
94 445 534 578 676 73 569:9.353536e6
547 300 296 888 938 286 726 941 186 796:9.531793e6
781 547 300 296 286 726 796 186:1.0427482e7
152 2 11 574 621 323:1.0899602e7
79 335 309 756 204 683 801:9.644305e6
316 29 420 510 539 845 577 205 101:1.0955252e7
316 29 420 539 845 577 205:1.0207645e7
32 721 304 266 206 598 160:9.153442e6
781 547 300 888 938 286 726 796 186:9.69535e6
316 29 420 888 539 510 845 577 118:9.780606e6
335 309 756 424 204 683:1.0985923e7
789 614 886 719 155:9.279958e6
32 910 304 266 206 349 598 160:1.0110131e7
724 42 736 347:9.58358e6
152 2 11 574 276 621 804 344 323:1.2098474e7
316 29 420 888 539 845 577 205 118 101:1.1387255e7
79 708 309 756 424 204 801:1.0755364e7
188 775 790 18 72 818 559 671:1.0554041e7
208 547 296 888 938 286 726 941 186:1.0159085e7
34 2 11 574 276 804 323:9.719509e6
79 708 309 756 424 428:9.435929e6
309 756 424 204 428 683:1.1176161e7
208 547 300 296 938 286 726 186:1.0060038e7
493 783 896 915 677 437 348:1.0050482e7
724 42 743 347:9.857479e6
547 300 296 888 286 726 941 186:9.171523e6
316 29 510 539 845 205 101:9.825719e6
683 141 530 73 485 428 186 462 448:1.0053522e7
514 177 763 369 228:1.0619157e7
781 547 300 296 888 938 726 941 186:9.687494e6
907 409 305 900 573 816:9.981558e6
34 152 11 574 804 276 344 323:1.0024722e7
208 547 300 888 286 726 941 186 796:9.744544e6
523 44 566 860:9.531653e6
409 305 863 900 211 573 106:1.2082144e7
985 126 131 965 676 382:9.288528e6
352 152 415 391 488:1.0595972e7
907 409 305 863 900 106:9.687482e6
920 133 451 827 423:1.1556958e7
32 910 721 304 266 206 598 159 160:9.233998e6
169 335 519 478 922 369 130:9.620716e6
985 126 131 965 382 428:9.41096e6
79 708 309 756 424 204 428 801:1.1638556e7
845 155 541 382:9.216975e6
968:1.059696e7
79 335 708 309 756 424:9.193053e6
674 985 126 131 676 382 439 162:9.443327e6
79 708 309 756 204 428 683 801:9.780796e6
514 177 228:9.55163e6
34 152 2 11 804 323:9.147167e6
683 884 530 73 485 428 186 462 448:1.0047212e7
208 781 547 300 296 888 938 286 941 186:1.012365e7
425 672 920 181 641 347:9.829216e6
894 983 687:9.259532e6
152 2 11 574 804 621 344:1.0022632e7
169 335 478 603 922 369 130:9.817955e6
32 910 812 304 266 206 349 598 160:1.0040826e7
439 126 131 965 676 382 428 162:9.273495e6
781 547 300 888 938 286 726 186:9.456624e6
425 672 877 181 641 309 347:9.234941e6
79 309 756 204 428 683 801:9.784811e6
208 781 547 296 286 726 941 186 796:1.1691801e7
920 133 451:9.501102e6
208 781 547 296 888 286 726:9.759922e6
208 781 547 286 726 796 186:1.0422625e7
208 781 547 300 296 888 726 941:9.452091e6
907 409 305 900 211 106:1.0434184e7
599 806 534 578 676 73 569:9.171571e6
508 359 711 487 739:1.1045434e7
547 300 296 938 286 726 941 186 796:9.431463e6
884 73 428 141 186 462:9.229548e6
316 29 888 539 510 845 205 101:9.958628e6
316 29 420 888 539 510 845 205 118 101:1.1285308e7
208 781 547 300 296 938 941 796 186:9.337472e6
208 781 547 726 941 186 796:9.777653e6
799 920 451 423:1.3306134e7
369:9.802496e6
208 781 547 888 938 286 726 941:9.286038e6
920 912 133 451 423:1.4050568e7
208 781 300 296 286 726 941 186:9.591105e6
316 420 539 845 577 118 101:9.978821e6
208 781 547 296 888 726 941 186:1.0472967e7
907 409 305 863 900 211:9.97624e6
208 547 300 296 938 726 941 186 796:9.679066e6
208 781 300 296 938 286 726 941 186 796:9.941068e6
674 126 131 965 676 382 428 439:9.421699e6
920 672 181 641 309 347:1.1086114e7
79 309 756 204 428:1.0350381e7
316 420 888 539 510 845 577 205 101:1.0682458e7
39:1.796412e7
316 29 510 539 845 577 118 101:9.365371e6
152 2 11 574 804 344 323:1.0373069e7
79 424 756 204 428 801:1.0452235e7
409 305 900 211 573:1.0768166e7
208 781 296 938 286 726 941 186:9.347318e6
208 781 547 300 296 888 286 186:9.675945e6
781 547 300 296 888 938 286 726 941 796:9.600706e6
947 493 783 896 677:1.0146885e7
985 126 676 965 382 428 162:1.0019284e7
208 547 296 888 938 286 726 941 186 796:1.0415533e7
169 335 519 478 603 922 767 369:9.593669e6
781 547 286 726 941 186 796:9.534313e6
674 985 126 676 965 382 428 162:1.0515273e7
316 29 420 888 539 845 205 101:1.0990877e7
316 420 888 539 510 845 101:9.706408e6
781 547 300 296 726 796 186:9.419004e6
208 781 547 300 888 938 286 726 186:1.0626561e7
208 781 296 938 286 726 941 186 796:9.622346e6
316 29 510 539 845 577 205 118 101:1.0253709e7
508:1.596969e7
208 781 547 300 296 938 286 726 941 796:1.072653e7
309 756 424 204 683:1.0239733e7
508 359 487 739:9.37177e6
316 13 420 884 753 9 358:9.464239e6
845 155 780 541 382:9.355127e6
152 415 174:9.46865e6
335 309 756 424 204 428:1.2300605e7
316 29 420 888 539 845 577 205 118:1.0665868e7
34 2 11 574 804 621 344 323:1.1461362e7
781 547 300 888 938 286 726 941 186:9.819127e6
947 493 783 915 677 437:1.0442729e7
208 547 300 286 726 941 186 796:9.675942e6
32 206 349 598 159 160:1.1363366e7
79 424 756 204 683:9.400589e6
32 910 812 721 266 349 598 159 160:9.258119e6
599 806 94 445 578 73 676 569:9.490718e6
316 29 420 510 845 205 118 101:9.192231e6
208 781 547 300 296 888 938 726 941 186:1.0862872e7
208 547 300 296 726 941 186:9.322239e6
781 547 300 296 888 938 726 186:9.325518e6
799 920 912 133 451 423:1.5116765e7
34 2 574 804 276 621 344 323:1.067125e7
309 756 204 428:9.774689e6
884 530 73 485 141 186 462:9.510054e6
32 206 598 159 160:9.681749e6
335 218:9.6143e6
34 152 2 11 804 344 621 323:1.1205536e7
781 547 296 888 286 726 186:9.901777e6
34 2 11 574 804 621 344:9.681672e6
34 152 2 11 574 276 621 804 323:1.2870332e7
32 812 266 206 349 598:9.955345e6
985 968 868 428 111:1.0024566e7
32 266 349 160:1.0757113e7
781 547 300 296 888 286 726 941 186:1.0618114e7
34 152 11 574 276 621 344:9.369211e6
907 305 863 900 211 816 106:9.586844e6
985 126 131 676 382 428 439 162:1.0178033e7
781 547 300 296 888 938 726 941 186 796:9.915979e6
208 547 296 888 938 286 726 796 186:1.007755e7
793 493 990 578 842:9.984894e6
985 126 131 965 428 439:9.27309e6
806 94 445 534 578 676 73:1.0149046e7
34 152 2 574 804 276 621 344:1.0635417e7
79 309 424 204 428 683 801:9.499555e6
208 547 286 726 941 186 796:9.329897e6
208 781 300 296 888 286 726 796 186:9.590763e6
32 910 721 266 349 598 160:9.378666e6
208 781 296 888 938 286 726 941 186:9.427736e6
599 806 94 445 534 578 676 569:1.0053041e7
674 985 126 676 965 428 439 162:1.0375817e7
32 910 266 206 349 598 160:9.573802e6
79 708 424 756 204 428 683 801:1.0157354e7
810 724 42 736 743 347:1.0114957e7
907 409 305 900 106:9.235254e6
614 886 719 155 327 767:9.281818e6
34 152 2 11 804 276 621 344 323:1.152121e7
781 547 300 296 888 286 726 796 186:1.049536e7
674 985 126 131 382 428 439:9.210146e6
316 29 888 539 510 845 118 101:9.394474e6
79 335 708 309 756 424 204 683:1.1469585e7
493:1.6359948e7
208 781 547 938 286 726 941 186:1.0580215e7
402 793 493 990 842 198:9.560773e6
985 126 131 965 382 428 439:9.921468e6
152 2 11 574 323:9.448778e6
335 708 424 756 204 428 683 801:1.0377817e7
34 152 2 574 804 276 344:9.213243e6
316 29 420 888 539 510 845 101:1.0118274e7
985 126 676 965 428 162:9.371908e6
208 781 547 300 938 726 941 186:9.90182e6
425 672 877 920 181 641 309 347:1.1327235e7
208 781 547 296 938 726 186:1.0143642e7
152 2 11 574 276 621 344:1.007875e7
799 920:9.18866e6
907 409 305 900 211 816:9.53823e6
208 781 547 300 296 941 796 186:9.262309e6
34 152 11 574 804 344 323:9.695016e6
945:1.2020145e7
208 547 888 286 726 941 186 796:9.396211e6
781 547 300 296 888 938 286 726 186:1.0366709e7
810 724 42 736 347:9.848195e6
335 708 309 424 204 428 683 801:9.719092e6
79 335 424 756 204 428:1.1520594e7
781 547 296 888 938 726 941 186:9.324359e6
409 305 900 573 106:1.049857e7
674 985 126 965 428 439 162:9.266598e6
34 152 11 804 276 621 344 323:9.434347e6
316 420 888 539 845 205:9.847134e6
683 335 309 756 424 204 428 801:1.1612844e7
884 530 73 485 428 186 462 448:9.697543e6
335 424 756 204 428 683:1.0591538e7
884 530 73 485 428 186 683 141:1.0038107e7
79 335 309 424 204 428 801:1.0474988e7
316 888 539 510 845 205 118 101:9.878661e6
947 493 783 915 677 437 348:1.0218854e7
907 409 305 863 900 211 106:1.0871232e7
79 335 708 424 756 204 801:1.0241582e7
208 547 300 296 888 726 796 186:9.31888e6
208 781 547 300 296 286 726 796:1.0329271e7
152 2 574 804 344 323:9.251627e6
316 29 539 845 205 101:9.807373e6
708 309 756 204 428 683:9.509226e6
34 152 2 574 804 344 621:1.0315681e7
316 420 888 539 845 118:9.234703e6
309 424 204 428:9.381899e6
409 305 900 211 106:1.0047192e7
316 29 420 888 845 577 205 118 101:9.405774e6
793 493 990 842 198:9.655048e6
79 335 424 756 204 428 683:1.1112682e7
34 152 2 11 344 323:9.515462e6
316 420 539 845 205 101:1.0455093e7
34 11 574 276 621 344 323:9.405746e6
316 29 420 888 539 510 845:9.352778e6
388:1.5464676e7
208 781 547 300 726 941 186 796:1.0121904e7
316 29 888 539 845 577 205:9.313362e6
781 547 296 938 286 726 186:9.951127e6
208 781 547 300 888 286 726 941 796:9.809156e6
781 547 300 296 888 938 286 726 796 186:1.0583539e7
812 266 206 349 598 160:1.0716576e7
34 152 2 11 574 276 621 804 344:1.1744648e7
208 781 547 300 296 938 726 796 186:1.0738635e7
34 2 11 574 344 621:9.396666e6
208 781 547 300 296 888 938 726 941 796:9.80234e6
32 812 206 349 598 160:1.1366335e7
32 812 266 349 598 159:9.32235e6
907 409 305 900 573 106:1.0876024e7
674 985 126 131 965 676 382 428 439:1.1515613e7
152 2 11 574 276 344 323:1.0438345e7
920 672 181 309 347:9.156798e6
2 11 574 804 621 344 323:1.0045145e7
781 547 300 938 286 726 941 186 796:9.951796e6
781 547 296 888 938 286 726 941 796:9.245791e6
425 672 877 920 641 309 347:1.0630485e7
152 415 174 391:1.0183941e7
316 29 888 539 845 577 101:9.166122e6
208 781 547 888 938 286 726 941 796:9.559051e6
316 29 539 845 577 205 101:9.917974e6
186:9.453315e6
424:1.1791572e7
799 920 912 451:1.3524043e7
806 94 445 534 578 73:9.313436e6
208 781 547 300 296 726 796 186:1.0701151e7
316 29 420 888 539 510 845 577 205 118:1.065469e7
530 73 485 428 186 462 141:9.619074e6
32 266 349 598:9.395907e6
34 152 2 11 574 804 621 323:1.2571167e7
316 420 888 539 845 118 101:1.0007959e7
920 877 181 641 309 347:9.792353e6
947 493 783 896 677 437:1.1188777e7
79 335 708 309 756 204 428:1.1153873e7
683 335 708 309 756 424 204 428 801:1.1558064e7
34 152 2 574 276 621 344 323:1.2151231e7
126:1.5935595e7
208 781 547 300 296 888 938 726 941:9.537381e6
621:1.027614e7
915:1.2162804e7
208 781 547 296 726 186:1.0078401e7
316 420 539 845 577 205:9.795954e6
208:1.2505008e7
152 2 11 574 276 621 344 323:1.1851238e7
208 781 547 300 888 726 796 186:9.81895e6
316 420 539 845 577 118:9.204576e6
32 304 266 206 349 598 160:1.0014893e7
920 912 133 423:1.046016e7
208 781 296 888 286 726 796 186:9.239049e6
208 547 300 296 938 726 796 186:9.329066e6
79 309 424 204 428:9.985782e6
79 708 309 756 204 428 683:1.0041949e7
508 359 985 711 487 739:1.319352e7
34 152 2 276 621 344 323:1.0164643e7
781 547 300 296 888 726 941 186:9.600071e6
291:1.541475e7
34 2 11 574 344 621 323:1.1203936e7
208 781 547 296 888 938 726 941 186:1.0540723e7
208 781 547 296 888 938 286 796 186:9.716731e6
32 812 266 349 598 160:1.2652868e7
508 359 711 487 184:1.0762783e7
947 493 783 896 915 677 348:1.0770865e7
152 2 11 804 276 621 344 323:1.0107666e7
830:1.5695108e7
208 781 547 300 286 726 941 186 796:1.1086305e7
79 335 708 309 424 204 428:1.0751802e7
152 2 574 276 621 344 323:1.0737296e7
599 806 94 445 534 578 73:1.0742362e7
781 547 888 286 726 941 186 796:9.586383e6
335 708 309 756 424 204 428:1.2209901e7
900:9.318232e6
152 2 11 276 621 344 323:9.841962e6
121:9.370803e6
316 29 420 888 539 510 845 118 101:1.0417721e7
985 126 131 676 428 439:9.174934e6
79 335 708 424 756 204 683:1.0204372e7
79 335 309 756 204 428 683 801:1.0537719e7
70 913:1.0867524e7
378:1.4992424e7
316 13 420 884 753 358 461:9.790598e6
32 266 206 159 160:9.599576e6
920 912 451 827 423:1.4093938e7
806 445 534 578 676 73:9.147721e6
674 985 126 131 965 676:9.162856e6
947 493 783 896 677 348:9.970332e6
208 547 300 888 286 726 941 186:9.471061e6
920 912 423:1.0702545e7
316 420 539 845 118 101:9.919032e6
32 266 206 349 598 159 160:1.3168954e7
208 781 547 300 296 286 941 186:9.959615e6
335 753 344 218:1.1123275e7
34 152 2 574 804 276 621:9.986296e6
208 781 547 296 938 286 726 186:1.1161016e7
316 29 420 888 539 510 845 205 101:1.0982433e7
947 493 896 915 677:1.0400548e7
316 29 539 845 577 205 118 101:1.0251783e7
309 756 424 204 683 801:1.0012989e7
316 510 539 845 205 118 101:9.747532e6
79 708 424 756 204 428:1.0741951e7
674 985 126 676 965 382 439:9.448479e6
781 547 300 296 888 286 726 941 186 796:1.0832575e7
409 305 900 573 816:9.586746e6
34 152 2 11 574 276 804 323:1.1485259e7
335 309 756 424 204 801:1.1002627e7
34 11 574 804 276 621 344 323:9.689776e6
530:1.4972681e7
34 152 2 11 574 276 804 344 323:1.2098793e7
781 547 300 296 726 941 186:9.527301e6
79 335 309 756 204 428:1.1180171e7
34 2 11 574 276 344 323:1.0097035e7
79 424 756 204 683 801:9.230035e6
790 18 72 818 559 671:1.0263996e7
141 884 530 73 485 428 186 683 448:1.0125742e7
79 335 708 309 756 424 204 683 801:1.1175315e7
708 309 756 204 428:9.755496e6
208 781 547 888 726 941 186:9.535566e6
32 812 266 206 349 598 160:1.3172721e7
674 985 126 131 965 676 382:9.789619e6
920 912 827 423:1.0552057e7
599 94 445 534 578 676 73 569:1.0754733e7
947 493 896 915 677 437 348:1.120472e7
305 863 900 211 816 106:9.195622e6
907 409 305 211 573 106:9.617326e6
781 547 300 296 888 938 286 726 941 186:1.0712391e7
316 888 539 845 577 205 101:9.641561e6
424 756 204 428 801:9.890232e6
316 29 420 539 845 205 101:1.0865402e7
790 18 72 818 671:9.473079e6
907 409 305 863 900 573 816:1.0402647e7
947 493 915 677 437:9.861879e6
32 721 266 349 598 160:9.398953e6
34 152 2 574 804 276 323:1.037529e7
493 549 193 374 798 979 184 823:9.422719e6
34 2 574 804 276 621 323:1.0024978e7
907 409 305 863 900 816 106:9.689238e6
508 359 711 487 739 184:1.2155867e7
493 549 193 374 184 823:9.212792e6
34 152 2 11 574 804 621:1.0792584e7
208 781 547 888 286 726 186:1.01943e7
309 756 204 428 683 801:9.281977e6
781 547 938 286 726 796 186:9.258342e6
409 305 211 573 816 106:9.277601e6
208 781 547 726 941 186:9.48416e6
32 206 349 159 160:9.401523e6
907 305 863 900 211 573 106:1.1174392e7
152 2 574 276 344 323:9.309189e6
208 781 547 296 888 938 286 186:9.436851e6
599 806 445 534 578 73 569:9.94267e6
208 781 547 300 888 938 286 726 941 186:1.0960636e7
907 305 863 900 211 106:9.571384e6
985 487 739 184:9.378063e6
335 519 478 603 922 767 130 369:1.0547532e7
208 781 547 300 296 888 286 941 796 186:1.0290876e7
208 781 547 296 888 726 796 186:1.039194e7
799 912 451:9.152605e6
806 94 445 534 73 676:9.239285e6
985 126 676 965 382 428 439:1.0182745e7
208 781 547 286 726 941 186 796:1.0773276e7
316 29 888 539 845 205:9.193126e6
316 888 539 510 845 577 205 118:9.260509e6
79 335 309 756 424 204 428 801:1.2427026e7
508 359 985 711 487 739 184:1.4285789e7
316 420 510 539 845 205:9.717083e6
753 344 218:1.0168513e7
208 781 547 300 296 888 286 726:1.0113991e7
683 79 708 309 756 424 204 428 801:1.1314085e7
316 29 420 510 539 845 577:9.3211e6
359 985 487 739 184:1.1020857e7
152 2 11 574 276 621 804:9.709788e6
79 335 309 756 424 428 683 801:9.710915e6
985 126 131 965 676 439:9.168844e6
920 776:1.0029257e7
208 781 547 296 938 286 726 941 796:1.0419389e7
683 884 530 73 485 141 186 462 448:9.946485e6
750:1.3307346e7
352 152 391 488:9.226381e6
907 409 305 863 900 573 816 106:1.1269902e7
316 420 888 539 510 845 577 101:9.819541e6
117:1.1754072e7
79 335 708 309 424 204 683:9.556243e6
34 2 574 276 621 344 323:1.0402982e7
781 547 296 286 726 186:9.847892e6
34 2 11 804 276 621 344 323:9.795394e6
79 335 309 756 424 428:1.0221277e7
208 781 547 300 286 726 941:9.461442e6
884 530 73 485 428 683 462 141:9.157893e6
352 152 174:1.0210918e7
208 781 300 296 286 726 941 186 796:9.86496e6
208 781 547 296 888 286 726 796 186:1.1377388e7
175 493 549 193 374 979 823:9.967274e6
280:2.465802e7
514 44 177 763 369:1.0860694e7
34 152 11 574 804 276 621 323:1.0779289e7
781 547 300 296 888 726 186:9.231218e6
708 424 756 204 428 683:9.819596e6
169 335 519 603 922 767 130:9.385728e6
208 781 547 300 938 286 726 941 186:1.0894228e7
335 309 756 204 683:9.296077e6
335 424 756 204:9.886593e6
781 547 938 286 726 941 186:9.379175e6
32 812 266 206 598 160:1.155843e7
79 424 756 204 428:1.0735417e7
674 985 126 965 382 428 439 162:9.910649e6
208 547 300 296 286 726 941 796:9.258164e6
799 912 133 451 827 423:1.1060404e7
884 530 73 485 428 186 462 141:1.0849874e7
599 445 534 578 676 73:9.56541e6
79 335 708 309 756 204 801:9.879597e6
79 335 309 756 204 683:9.875767e6
781 547 300 938 286 726 186:9.344655e6
208 781 547 300 296 286 726 186:1.1408094e7
208 547 888 938 286 726 941 186:9.226272e6
316 420 510 539 845 118 101:9.877165e6
208 781 547 888 938 726 796 186:9.532887e6
79 708 309 756 204 428 801:1.0016183e7
34 152 574 804 344 621 323:1.0003959e7
316 29 510 539 845 577 205:9.189747e6
316 29 420 888 539 510 845 577:9.472984e6
316 420 888 539 510 845 205:9.861138e6
305 863 900 211 573 106:1.08143e7
409 305 863 900 573 816:1.0025841e7
907 409 305 863 900 211 816:9.985304e6
208 547 300 888 938 286 726 796 186:9.498646e6
32 266 598 159 160:1.1008024e7
599 94 445 534 578 676 73:1.0569947e7
790 18 818 559 671:9.528656e6
708 309 756 424 204 683 801:9.988892e6
316 420 888 539 845 205 118 101:1.0912293e7
316 888 539 510 845 577 205 101:9.655906e6
781 547 300 296 286 726 186:1.0184452e7
683 884 73 428 141 186 462 448:9.67095e6
316 29 888 539 845 205 118 101:1.0278623e7
781 547 296 888 286 726 941 186 796:1.0497582e7
352 152 174 488:1.0469171e7
34 152 2 574 621:9.365163e6
309 756 424 204 428 801:1.11942e7
79 309 756 424 428 801:9.160202e6
208 781 547 296 888 938 726 941 796:9.462059e6
73:2.9839345e7
208 781 547 300 296 888 286 726 941 186:1.1774469e7
335 309 424 204 428 683 801:9.738822e6
316 420 888 539 845 577 205:9.940008e6
409 305 863 900 211 816 106:1.0498713e7
920 672 877 641 347:9.819049e6
175 493 549 193 374 979:9.206827e6
316 29 888 539 510 845 577 205 118:9.663422e6
920 451:1.3258809e7
208 781 547 888 286 726 796 186:1.0463631e7
781 547 300 296 286 726 941 796:9.410785e6
169 335 519 478 603 922 130:1.0570183e7
907 409 305 863 211 573 816:9.205222e6
208 781 547 300 296 286 186:9.599603e6
32 812 266 206 349 598 159:9.906077e6
146:1.5796352e7
708 309 756 424 204 683:1.0233731e7
152 2 11 574 276 804 323:1.0078376e7
73 141:9.55802e6
208 547 300 296 888 726 941 186:9.386037e6
781 547 888 286 726 796 186:9.217687e6
812 266 206 349 598 159 160:1.0672579e7
34 152 2 11 574 276 621 804 344 323:1.3471551e7
141:1.642278e7
152 2 11 804 344 621 323:9.771578e6
799 920 912 451 827 423:1.5091016e7
799:1.1086075e7
739:1.059212e7
208 547 300 296 888 938 286 726 941 186:1.0483042e7
175 493 549 193 374 184 823:1.0296453e7
208 781 547 296 888 938 726 186:1.0191388e7
747:1.7763236e7
335 519 478 922 767 369 130:9.229792e6
907 409 305 900 211 573 106:1.2012306e7
305 900 211 573 106:1.0366292e7
781 547 296 286 726 941 186:1.0225333e7
208 781 547 300 296 938 726 941 186:1.0822367e7
305 900 211 573 816 106:1.0390144e7
789 614 719 767 327:9.922541e6
316 29 888 539 845 577 118 101:9.490107e6
335 708 309 756 424 204 428 801:1.1850218e7
32 812 721 304 266 349 598 160:9.779259e6
781 547 300 296 888 726 941 186 796:9.842294e6
208 547 300 296 938 286 726 796 186:1.0329278e7
947 493 896 677:9.579054e6
985 126 131 676 382 428 439:9.829359e6
920 672 877 641 309:9.350529e6
409 305 863 900 573:1.0009294e7
551:1.1561711e7
781 547 296 888 938 286 726 941 186:1.0374864e7
335 708 309 424 204:9.217706e6
79 708 309 756 424 204:1.1098472e7
208 781 547 300 296 888 726 796 186:1.0728075e7
674 985 126 131 676 428 439:9.675586e6
335 309 756 424 428:9.524122e6
32 623 237 74:9.16142e6
316 29 420 539 845 577 101:1.0074676e7
316 29 888 539 510 845 205 118 101:1.0279023e7
152:3.5961297e7
352 152 415 174:1.1583618e7
907 409 305 900 211 816 106:1.0435447e7
674 985 126 131 965 676 428 439 162:1.121572e7
425 672 920 641 309 347:1.0283542e7
674 985 126 131 965 676 382 439 162:1.0635807e7
985 126 676 382 428 439 162:9.320528e6
175 493 193:9.46288e6
795:1.4345092e7
208 781 547 300 296 938 726 941 186 796:1.1069315e7
799 912 451 827:9.144192e6
208 547 300 296 726 796 186:9.25763e6
208 547 296 888 938 286 726 186:9.806724e6
32 812 206 349 160:9.386327e6
907 409 305 863 211 573:9.167332e6
508 359 985 711 487:1.1822358e7
208 781 547 296 938 726 941 186 796:1.0764846e7
947 493 783 677 437:9.602343e6
169 335 519 478 603 369 130:9.23144e6
781 547 941 796 208 300 296 938 286 726 186:1.2014843e7
305 863 900 211 106:9.168288e6
208 547 300 938 286 726 796 186:9.405815e6
352 152 415:9.672832e6
208 781 547 300 296 888 726 186:1.0465874e7
316 29 420 510 539 845:9.194187e6
79 335 309 756 424 428 801:9.964961e6
208 781 547 938 726 941 186:9.557143e6
674 985 126 676 965 382 428 439 162:1.1017788e7
352 152 415 174 391:1.2228302e7
208 781 547 300 296 286 941 796 186:1.0236574e7
208 781 547 296 726 941 186 796:1.072061e7
208 781 547 300 888 286 726 941 186 796:1.1125621e7
208 781 296 888 938 286 726 796 186:9.345713e6
316 29 420 539 845 577 205 118:1.0539978e7
316 29 420 539 845 118 101:1.0339404e7
32 910 812 721 304 266 206 598 160:9.22398e6
208 781 300 296 888 286 726 941 186 796:9.92724e6
409 305 863 211 573 106:9.686984e6
208 781 547 300 296 938 286 726 941 186:1.1791495e7
208 781 547 300 888 286 726:9.180804e6
208 547 300 938 286 726 941 186 796:9.753927e6
208 781 547 300 286 726 186:1.0481505e7
32 910 304 266 349 598 160:9.698292e6
991 879 506 391 693 640:1.2274412e7
70:2.480316e7
316 420 888 539 510 845 577 205 118:1.0269526e7
335 708 309 756 204 428 683:1.0309131e7
599 806 94 445 534 578 569:9.217613e6
79 708 309 756 424 204 683:1.0755191e7
169 335 519 478 922 767 369 130:9.925839e6
985 711 487 739 184:1.0975375e7
547 296 888 938 286 726 941 186 796:9.181136e6
188 790 18 818 559 671:9.910661e6
208 781 547 300 296 938 286 726 186:1.1464019e7
208 781 547 296 888 286 726 186:1.1126419e7
508 359 985 487:1.0189144e7
334 896 723 424 629:1.1265155e7
316 29 420 510 539 845 577 205 118:1.053585e7
175 493 549 193 374 798 979:9.180449e6
79 708 309 756 424 204 428 683:1.1610353e7
781 547 296 888 286 726 941 186:1.0268835e7
32 910 812 721 266 206 349 598 160:9.747861e6
674 985 126 131 676 428:9.167228e6
316 420 888 539 845 101:9.686452e6
79 335 708 309 424 204 428 801:1.0416805e7
985 126 131 965 676 428:9.876029e6
79 335 309 756 424 204:1.1877562e7
806 94 445 534 578 676 73 569:1.0336105e7
335 708 309 756 204 428 683 801:1.006251e7
208 781 547 296 286 186:9.247718e6
34 2 11 574 276 621 804:9.342892e6
32 812 721 304 266 349 598 159 160:9.695115e6
188 790 18 559 671:9.572793e6
781 547 296 888 726 941 186 796:9.481135e6
34 152 2 11 574 276 621 344 323:1.3246282e7
152 2 11 574 804 621 323:1.1170709e7
32 721 266 349 598 159 160:9.3294e6
922:1.3518495e7
316 29 420 888 539 510 845 118:9.668565e6
985 126 131 676 382 428 162:9.670689e6
34 2 574 621 323:9.413172e6
514 44 177 763:1.0733481e7
152 2 11 276 621 323:9.199213e6
508 359 985 487 184:1.136384e7
228:9.384039e6
34 2 574 804 276 344 323:9.257377e6
79 335 708 309 756 424 204 428 801:1.2325766e7
793 493 990 578 842 198:1.0417607e7
907 409 305 863 900 211 573:1.1563146e7
316 539 845 577 205 101:9.500117e6
22:9.70515e6
451:1.667451e7
152 2 11 574 276 804 344 323:1.0702725e7
549:1.4982477e7
316 420 888 539 510 845 577 118 101:1.012142e7
29 420 888 539 510 845 577 205 118 101:9.245918e6
316 29 420 510 539 845 205:1.0107064e7
875:1.1412596e7
34 152 2 11 804 276 621 344:9.746429e6
32 266 206 349 598 160:1.3282108e7
708 424 756 204 428 801:9.855159e6
674 985 126 676 965 382 439 162:9.79222e6
208 781 547 300 938 286 726 186:1.0551058e7
208 781 547 296 888 938 286 726 186:1.1209395e7
79 335 708 309 756 204 428 683 801:1.0515064e7
32 304 266 206 349 598 159 160:9.922737e6
316 13 420 884 753 358:9.520894e6
781 547 888 941 796 208 296 938 286 726 186:1.176737e7
208 781 547 296 888 938 286 726 796 186:1.1448707e7
674 985 126 131 965 676 439:9.669908e6
208 781 547 296 726 941 796:9.348721e6
316 420 888 539 845 577 205 118:1.0272131e7
169 335 519 478 603 922 369 130:1.0913605e7
674 985 126 676 382 428 439:9.471486e6
208 781 547 938 286 726 796 186:1.0492367e7
316 29 420 510 539 845 205 118 101:1.1176855e7
32 304 266 349 598 160:9.591734e6
508 359 985 711 487 184:1.2952844e7
810 724 42 743 347:1.0080961e7
508 359 985 711 184:9.314469e6
753:3.093981e7
79 335 708 309 424 204 801:9.516165e6
316 510 539 845 577 205 118 101:9.854187e6
781 547 888 941 796 208 300 296 938 286 726 186:1.2050927e7
335 708 309 756 424 204 683 801:1.0727404e7
790 775 18 72 818 559 671:1.0152127e7
514 44 177:9.873816e6
34 2 11 574 276 621 804 323:1.1134098e7
208 547 296 286 726 941 186:9.995165e6
674 985 126 676 382 428 439 162:9.820107e6
208 781 547 888 286 726 941 186:1.0549751e7
985 126 131 965 676 382 439 162:1.0141498e7
2 574 804 276 621 344 323:9.256556e6
493 783 896 915 677:9.168674e6
907 409 305 211 573 816 106:9.649545e6
920 672 641 309 347:1.0441852e7
208 781 547 300 296 726 941 186:1.0777954e7
599 806 445 534 578 73:9.749722e6
799 920 133 827 423:9.289207e6
789 614 886 719 155 327:1.136743e7
79 309 424 204 428 801:9.714609e6
674 985 126 676 428 439 162:9.170009e6
674 985 126 131 965 676 382 428 162:1.1360927e7
79 335 708 424 204 428:9.384485e6
79 335 708 309 756 424 204 428:1.2733472e7
409 305 900 211 816 106:1.0060329e7
32 721 304 266 206 349 598 159 160:1.0166756e7
985 126 131 965 676 428 439:1.0381142e7
914:2.008968e7
316 29 420 539 845 205 118:1.0434559e7
907 409 305 900 211 573 816:1.1147514e7
409 305 900 211 573 106:1.1668318e7
79 335 424 756 204 428 683 801:1.0884316e7
208 781 547 888 726 796 186:9.457207e6
34 152 2 11 574 344:9.732173e6
316 510 539 845 577 205 101:9.521512e6
208 781 547 300 938 286 726 796:9.476282e6
208 781 547 296 888 286 726 941 186 796:1.1702767e7
152 2 574 621 323:9.75959e6
44:1.4729922e7
781 888 941 796 208 300 296 938 286 726 186:1.0015436e7
141 884 530 485 428 186 462 683:9.145981e6
674 985 126 131 676 382 428 439 162:1.0672562e7
316 29 888 539 845 577 205 118 101:1.0375063e7
316 29 420 888 539 845 577 118:9.772524e6
335 708 424 756 204 683:9.65234e6
175 493 549 193 374 798 979 823:9.964762e6
781 547 888 938 286 726 796 186:9.330539e6
599 806 94 445 578 73 676:9.306415e6
208 781 547 300 938 726 186:9.541068e6
169 335 478 603 922 767 130:9.790102e6
208 547 300 296 286 726 941 186:1.0329434e7
695:1.9386036e7
34 152 574 804 276 621 344 323:1.0324077e7
316 29 420 888 539 845 577:9.453439e6
677:1.4559204e7
335 519 478 603 922 130:9.876168e6
79 309 756 204 428 801:1.0033535e7
208 781 547 888 938 286 726 941 186 796:1.0881783e7
208 547 296 938 286 726 941 186:1.0085797e7
175 493 549 193 374 184 979 823:1.0424238e7
708 309 756 424 204 801:1.0205864e7
514 44 177 228:1.1640289e7
599 94 445 534 578 73 569:9.938236e6
152 2 11 574 804 323:9.737629e6
335 309 756 204:9.559077e6
152 2 574 804 276 344 323:9.590609e6
34 152 2 574 344 621:1.0039594e7
335 708 309 756 424 204 428 683:1.1838641e7
32 812 304 266 206 349 598 160:9.941097e6
32 812 266 206 349 598 159 160:1.3067765e7
34 152 2 11 276 621 344:9.475112e6
34 152 2 574 804 323:1.0047241e7
793 493 990 842:9.159395e6
79 708 424 756 204 801:9.48111e6
493 896 915 677 437:9.680882e6
316 29 420 510 539 845 577 118:9.639124e6
672 877 181 641 309 347:9.418017e6
188 790 18 72 818 559 671:1.0604703e7
208 781 547 300 296 726 186:1.0425858e7
32 266 349 598 159:9.360192e6
316 29 420 510 539 845 118:9.520376e6
599 806 94 534 73 676 569:9.234217e6
152 2 11 574 276 323:9.795723e6
781 547 300 296 888 286 726 941 796:9.493593e6
141 884 530 73 485 428 683 462 448:9.244844e6
208 781 547 300 888 286 726 941:9.53747e6
409 305 863 900 211 816:9.598456e6
907 409 863 900 211 573 106:9.328354e6
781 547 300 296 938 286 726 941:9.256188e6
208 781 547 296 888 286 726 796:1.0040608e7
79 309 756 424 204 428 801:1.1719777e7
79 335 204 756 428 683:9.472177e6
208 781 547 300 296 888 286 726 941:1.0454963e7
799 920 912 133 827 423:1.1483732e7
34 152 2 11 574 344 323:1.154094e7
208 781 547 300 296 888 938 286 726 186:1.1520596e7
799 920 912 827:9.703845e6
316 420 888 539 845 577 118:9.3613e6
781 547 300 296 938 286 726 941 186:1.0628787e7
169 335 519 478 603 767 369 130:9.572135e6
208 547 296 938 286 726 941 186 796:1.0354875e7
884 530 73 485 141 186 462 448:9.59777e6
266 206 349 598 159 160:1.0742938e7
425 877 920 181 641 309 347:9.553261e6
208 547 300 296 286 726 796 186:1.0258044e7
599 806 94 445 534 578 73 569:1.0911177e7
34 152 2 574 804 344 323:1.0687e7
316 29 888 539 510 845 577 205 118 101:1.0369939e7
316 29 420 888 539 845 205 118 101:1.1304648e7
781 547 300 296 938 726 186:9.235196e6
920 672 877 181 641 347:1.0576515e7
34 152 574 276 621 344 323:1.0048966e7
32 910 721 304 266 206 349 598 159 160:1.026443e7
907 305 863 900 211 573 816 106:1.1172412e7
335 708 309 756 204 428 801:1.0287694e7
34 2 11 574 276 621 344:9.72565e6
34 152 11 276 621 344 323:9.157808e6
641:1.3025686e7
420:1.7542776e7
70 484 388 481 152:9.970456e6
884 73 428 141 186 462 448:9.319613e6
79 335 424 756 204 428 801:1.1225175e7
316 420 539 845 577 205 101:1.0560893e7
316 29 420 888 539 510 845 577 205:1.0343225e7
208 547 296 888 938 726 941 186 796:9.40505e6
335 708 424 756 204 801:9.682147e6
781 547 300 938 286 726 941 186:9.716253e6
208 781 547 888 938 286 726 941 186:1.0638487e7
316 420 888 539 510 845 577 205:9.948299e6
335 309 756 204 428 683 801:1.0061492e7
208 547 296 286 726 186:9.62651e6
32 910 721 304 266 349 598 160:9.955655e6
547 888 941 796 208 300 296 938 286 726 186:1.0726506e7
34 152 11 574 344 621 323:1.0840437e7
781 547 300 296 726 941 186 796:9.783218e6
32 266 206 349 598 159:9.965811e6
34 152 11 574 804 276 621 344 323:1.1415498e7
913:1.9966485e7
884 530 73 485 141 186 462 683:9.859501e6
79 335 309 424 204 428:1.0790415e7
152 415 174 488:9.669939e6
799 920 133 451 827:1.070592e7
152 11 574 804 344 621 323:9.666116e6
208 781 547 296 286 726 186:1.1091859e7
152 415 174 391 488:1.0358554e7
764:1.6909563e7
79 335 309 756 424 204 428:1.2823294e7
32 910 812 304 266 349 598 160:9.640017e6
79 335 708 204 756 428 801:9.538901e6
781 547 300 286 726 796 186:9.50595e6
309 756 424 204:1.0567094e7
79 708 424 756 204 683 801:9.270077e6
208 781 547 296 286 726:9.699214e6
208 781 300 296 888 938 286 726 796 186:9.685675e6
32 812 206 598 159 160:9.653914e6
79 309 756 424 204 428:1.2094528e7
424 756 204 428:1.0158311e7
907 305 900 211 573 816 106:1.0756116e7
985 126 676 965 428 439:9.534234e6
208 781 547 296 888 286 186:9.321434e6
781 547 296 888 938 286 726 941 186 796:1.0590797e7
335 309 756 424 428 683:9.267153e6
781 547 888 941 796 208 300 296 938 726 186:1.1098114e7
799 912 133 451 423:1.119648e7
789 614 886 155 327:1.0266339e7
514 44 177 763 228:1.2413059e7
316 420 888 539 510 845 577 205 118 101:1.0987641e7
672 641:1.027847e7
947 493 783 915 677:9.316289e6
799 920 451 827:1.0958214e7
208 781 547 300 726 941 186:9.842627e6
32 266 206 598 160:1.1631389e7
316 29 420 510 539 845 101:9.976777e6
208 781 547 296 888 938 286 726 941:1.0216663e7
79 335 309 424 204:9.765892e6
208 781 547 888 938 726 941 186:9.61695e6
32 812 721 304 266 206 349 598 160:1.016902e7
34 152 2 11 574 276 344:1.0067695e7
316 420 888 539 845 205 101:1.058876e7
32 206 349 598 160:1.1439217e7
991 391 506 640:1.0301197e7
947 493 783 896 915 677:1.0963342e7
32 910 812 304 266 206 349 598 159 160:9.934516e6
34 152 2 574 804 344 621 323:1.2093886e7
188 775 790 18 72 818 671:9.811407e6
32 812 266 206 598 159 160:1.1504736e7
208 781 547 296 888 726 941 796:9.37704e6
79 335 708 204 756 428:9.803064e6
781 547 296 938 286 726 941 796:9.176422e6
599 94 445 534 73 676:9.661674e6
359 985 487 184:9.601306e6
335 708 309 756 424 428 801:9.351522e6
208 781 547 296 938 286 726 796:1.0075434e7
764 935 321 540 646:9.323578e6
789 614 886 719 767 327:1.0597646e7
79 335 708 309 756 424 428 801:9.978752e6
208 781 547 300 296 286 726 941:1.0399013e7
32 812 721 304 266 206 349 598 159 160:1.0088702e7
920 672 641 347:9.305222e6
599 445 534 578 676 73 569:9.770434e6
781 547 296 726 941 186 796:9.445079e6
428:1.3963521e7
947 493 896 915 437 348:9.763616e6
781 547 300 296 938 726 941 186 796:9.848348e6
32 910 812 721 266 206 349 598 159 160:9.66295e6
316 29 420 888 539 510 845 577 101:1.0222375e7
208 781 547 300 296 888 938 726 186:1.0528197e7
152 11 574 804 276 621 323:9.350614e6
188 775 790 18 559 671:9.46754e6
79 335 309 424 204 683 801:9.325577e6
208 781 300 296 888 938 286 726 186:9.421883e6
799 920 912 133 451:1.3162515e7
674 985 126 131 965 382 428 439 162:1.0757206e7
208 781 296 888 286 726 941 186:9.316131e6
208 781 547 296 888 938 726 796 186:1.0453992e7
169 335 519 478 603 922 767 130:1.0890073e7
32 266 349 159 160:1.0713419e7
175 493 549 193 374 184:9.56911e6
799 912 451 423:1.1461638e7
708 309 424 204 428:9.354069e6
208 781 547 300 938 286 726 941:9.549522e6
335 519 478 603 922 369 130:1.023911e7
316 420 539 845 101:9.584123e6
884 530 73 485 428 186 141:9.689946e6
79 335 708 204 756 428 683:9.520692e6
884 530 73 428 141 186 462 448:1.0276105e7
316 420 888 539 845 577 101:9.805109e6
335 309 756 424 428 801:9.304736e6
781 547 300 296 286 726 941:9.147302e6
208 781 547 300 888 726 941 186:9.895633e6
208 781 547 938 726 186:9.181409e6
799 920 912 827 423:1.1699271e7
947 493 783 677 437 348:9.393516e6
79 335 708 309 756 424 428 683:9.933756e6
781 547 888 941 796 208 300 296 938 286 186:1.0376168e7
32 910 721 266 206 349 598 159 160:9.711909e6
