439
1324
1367 728 1044 218
94 1186 1024 1446 1236 237 287 414 244 1512
1236 237 287 414 244 1340 1512 1436
640
1163
773 1096 620 664 321 594 327 1342 617
1236
1024 1446 1236 237 287 414 244 1512 1436
94 1024 1236 237 287 414 244 1512 271
94 1024 404 1236 287 414 1340 1512
773 620 664 321 594 1342 617
1043
1436 94 1024 404 1236 287 414 1340 1512 271
287
1400 728 1171 1427 1044
1024 1446 1236 237 404 287 414 1512
773 481 620 1077 664 594 1342 617
1373 773 1096 594 327 1342 617
617
937 1364 355 1120 958
895
773 481 1096 1077 664 594 327 617
1373 773 620 594 1342 617
1024 1236 237 287 414 1340 1512
773 1096 620 1077 594 1342 617
551 1433 1510 707
1373 773 481 620 1096 1077 321 594 617
1040
1436 94 404 1236 287 414 244 1340 1512 271
414
773 620 1077 321 594 1342 617
94 1446 404 1236 1340 1024 237 414 244 1512 1436
773 620 664 594 327 1342 617
1024 1446 1236 237 404 287 414 1512 1436
1446 404 1236 237 287 414 244 1340 1512 271
608 625 751 479
773 1096 620 1077 664 594 327 1342 617
404 1236 237 287 414 1340 1512
1024 404 1236 237 287 414 244 1340 1512
94 1186 1024 1446 1236 237 287 414 1512 1436
1373 773 620 594 327 1342 617
873
1373 773 1096 1077 594 1342 617
1427
94 1024 404 1236 237 287 414 244 1340
1433
773 481 620 321 594 327 1342 617
94 1186 1236 237 287 414 1340 1512 1436
94 1024 404 1236 237 287 414 1340 1436
976 117 1419 466 1292 470 637
684 1456 1140 441 1439
1373 773 481 620 1096 664 594 327 1342
486 1315 1332 1459
1353
773 481 620 1096 1077 321 594 327 617
94 1186 404 1236 237 287 414 1340 1512 1436
1024 1446 1236 237 404 414 1340 1512 1436
94 1186 1446 404 1236 287 1340 414 244 1512 1436
773 481 664 594 1342 617
44
1373 773 481 620 321 594 327 617
