402 793 493 473 44 842 198
296 938 948 693 271
790 843 795 343 146
492 924 297 647 844
277 990 879 948 121 271
947 713 511 311 461
208 635 985 52 830 287 488 205
964 583 33 983 163 688 423 796 570
581 826 872 106 53
13 794 912 286
790 923 820 805 258 343 830
790 923 795 820 805 146
63 747 173 640 101
973 953 744 250 584
549 173 776 112
770 894 920 863 884 721 1000
47 923 795 830 576 765
309 756 424 428 683
624 965 688
833 530 506 618 573
959 889 784 512 844 141
894 754 863 884 721 46 530 485
508 824 919 131 965 859 275
428 186 448
309 756 683 801
973 744 778 541 250 659 461 584
973 124 438 950 884 598 958 1
484 510 539 206 369 461
953 830 744 250 393 659 218
551 402 793 493 194 578 842
790 843 923 795 820 805 258 830 576 765
492 924 297 549 959 889 784 512 844
973 584 778 541 461 218
316 420 888 539 510 845 577 205 101
561 623 412 733 700
584 783 953 659 393 461 218
72 827 204 119 702
396 369 42 111 471
953 830 744 778 541 250 132 393 659
785 896 890 206 615
973 790 621 91
721 707 99 737 490 685 386
926 551 412 422 163 810 688 423 796
793 305 898 73 235 428 580
947 266 391 450
551 964 913 33 412 422 688 423 796 570
420 623 691 281 798 834
896 922 615
695 215 72 173 776 112
34 152 2
350 32 894 340
195 838 44 618 566 119 860 439
926 551 583 913 33 983 163 796 423 570
549 695 215 181 948 355 173 776 112
388 431 993 311 461
830 778 250 132 584
511 58 126 524 603 205 178
299 415 721 675 367 967 657 184
713 511 431 737 993 461
47 795 820 805 258 343 576 765
801 428 704 347 218
976 607
973 152 432 438 598 958
551 964 913 412 810 796 926 983 422 688 570
174 886 719 73 383 798 74 660
679 12 369 42 796 683 111 471
176 793 305 898 344 73 580 609
195 838 44 534 618 566 662 860 439
113 12 683 111 471
854 949 721 369 683 860
799 45 327 156 178
39 999 54 495 308 146 568 562 218
547 888 286 726 941
260 785 721 97 612
260 785 70 510 723 295
799 785 13 896 614 653 642
799 32 790 985 217 693 999
790 47 843 923 795 576 765
679 369 735 42 796 683 471
58 126 677 205 225
915 957 173 776 112
152 884 572 1
586 296 990 879 948 121
679 12 42 111
35 770 894 412 863 920 46 884 485
432 124 950 598 1
176 793 305 235 609
569 713 388 511 431 993 311 734 461 323
44 838 618 566 579 662 439
35 770 920 412 863 721 530 485
865 378 412 733 700
188 695 72 948 112
785 614 890 206 653 642
188 549 695 915
208 547 300 286 796 186
666 495 72 310 369 541 115 142 662
492 779 647 889 784 141 844
973 830 744 778 250 393 461 218
855 865 511 887 214 140 337 844
401 243 404 191 572 945
894 695 227 555 615
531 921 542 964
316 420 577
188 695 215 72 181 948 957 112
973 584 953 830 778 250 393 218
549 915 957 776
247 188 55 985 205
561 623 412 733 365 460
662 523 195 44 618 566 579 119 439 860
260 785 510 612 802 295
790 545 511 801 704 347 218
783 953 830 778 659 132 461 584
964 913 33 810 796 423 926 583 983 422 688 570
926 583 913 33 422 688
495 656 172 235
790 47 843 795 820 146 576 765
824 919 131 965 275
438 886 73 383 798 660 555
188 549 695 915 72 181 505 355 173 112
973 830 744 250 393 461
22 894 753 321 555 615
336 510 721 906 640
113 396 984 679 42 471
793 529 73 724 235 428 580 609
299 415 211 675 967 184 376
397 959 889 784 844
783 953 744 778 250 132 659
169 335 519 478 603 767 130
438 174 869 798 74
836 723 147 619
779 647 549 959 141
923 431 530 885 28 992
830 744 778 659 132
22 695 753 227 555
973 584 830 744 541 250 132 393 461 218
815 55 415 69 44 575
188 985 52 830 287 488 205 74
891 378 460
344 487 281 416
549 948 505 355 173 957 776 112
581 274
58 126 524 677 205 225
785 624 97 510 612 723
492 924 297 959 889 784 844
39 999 54 308 146 568 562 218
915 327 437
973 953 830 744 659 132 393
947 388 511 311 734 323 569
279 888 826 278
59 599 530 860 461
926 583 810 422 163 983 688 796
19 195 566 439 860
247 55 830 488 74
551 964 412 810 796 423 926 583 983 422 570
779 647 784 579 457 844 776
551 33 983 422 163 796 423 570
913 33 412 810 163 983 688 423 796 570
402 793 493 990 948 198 340
208 547 938 286 726 941 186 796
291 179 717 612
169 50 26 621 237 146 944
799 785 614 206 922 653
152 438 884 572 598 958 1
492 297 779 647 397 959 549 889 512 844
947 713 511 431 737 993 734 323 461
300 296 888 938 286 726 796
47 795 830 805 343 146 576
117 240 46 9 938 320 454
583 913 412 422 163 810 983 688 796 964
973 584 830 744 541 132 393 218
926 551 583 913 33 163
891 623 412 378
790 843 795 258 805 146 765
744 541 250 584
378 472 276 286 825 919 76
39 999 495 308 821 568 146 218
402 33 753 72 490 778 938 118 280
511 305 126 603 573 919 205
188 635 208 830 287 205
713 388 993 461 569
551 913 983 688 796 570
523 44 534 119 860 19
721 211 675 967 657 184 376
511 305 603 225 178
549 397 889 784 512 141
169 39 481 351 357 275 584
279 914 920 888 826 451
243 572 598
785 896 206 653 642 615
188 215 915 948 505 776 112
744 778 659
49 747 736 439
2 804 621 323
790 47 923 795 820 258 576 765
530 130 140 468 218
793 305 898 235 428 580 609
924 647 397 959 844
188 915 72 181 948 355 173 957 112
790 511 688 704 428 347 218
790 47 843 795 820 805 258 830 576
926 551 583 412 983 688 423 964
551 964 583 913 33 422 688 796 570
926 913 33 412 422 163 688 570
493 783 896 898 915 327
976 79 679 592 202
432 124 438 950 572 526
523 838 618 566 579 662 860 19
479 22 789 495 996 559 144 776 275 187
723 860
924 297 779 549 512 844
549 695 215 915 72 355 505 957 776
523 195 534 618 662 119 860
265 181 295 428 157
799 785 13 896 890 922 642 615
993 906 541 640
549 72 181 505 948 173 355 957 776
492 297 779 647 889 512
790 47 923 795 258 343 146 830 576
260 117 612 802 295
830 541 218
793 305 529 73 235 428 609
924 297 549 959 784 844
188 549 695 948 173 776
113 886 276 73 414
277 296 938 948 693 542
332 906 640 148
70 785 624 721 97 723 802
586 296 990 938 530 693 542 271
523 838 534 618 566 579 119 860 19
188 549 72 181 948 957 776 112
894 920 530
833 336 993 906 541
29 888 845 205 101
754 863 920 884 530 1000
894 754 412 920 721 46 530 1000
865 561 733 700 365 582
815 55 378 69 44 38 180 759
907 126 563 857
547 300 296 888 938 286 796
910 812 721 304 349 159 160
783 953 830 250 132 659 461 584
34 2 11 276 621 323
195 838 566 662 119 860 439
926 913 412 422 983 688 796 964
260 59 209 369 347 433
973 783 953 830 744 541 584
839 420 623 691 281 798 683 834
789 989 614 886
152 124 438 950 958
557 44 753 601 351 311 40
894 754 863 884 721 46 530
788 750 693
260 785 70 117 97 510 723 802 767 295
973 953 830 744 541 659 132 218
63 336 195 193 530 903
169 26 621 237 811 146 944
208 799 898 111 348
938 726 796 186
926 551 33 412 810 163 983 688 796 570
49 7 561 451 205 776
894 754 863 530 46 485 1000
779 647 549 959 844
174 886 621 73 383 74 660 555
793 305 898 529 344 235 73 580 609
781 547 888 938 941
999 508 823 195 575 40 570
79 708 309 756 428 801
305 524 573 919 225 677 205
316 420 845 118
83 989 639 826 872 106 53
32 94 623 237 74
523 566 662 439 19
35 754 412 863 884 46 721 530 1000
926 551 583 913 33 422 163 688 423
788 750 217 612 294 801
316 420 118 101
666 413 344 573 416
831 654 983 772 575
639 539 872 106 53
260 785 721 97 295
230 574 512
247 985 830 287 74
176 793 305 898 529 344 235 73 580
865 438 530 146 218
277 586 296 530 121 938 271
195 838 44 534 618 566 579 662 860 439
790 511 428 704 471 218
335 920
982 612 693 294
953 744 778 250 132 461
551 964 583 810 983 163 688 796 570
947 713 388 431 993 311 734 323 569
551 964 913 33 412 810 796 983 163 688 570
181 948 173 112
47 923 795 820 805 258 343 830 765
994 804 235
551 913 33 983 422 688 423 796
875 321 91
924 297 779 647 397 959 549 889 141
277 122 11 181 922
973 152 432 124 438 598 958 1
188 549 695 915 181 505
534 618 566 579
781 982 9 688 101
32 205
176 799 827 724 573
305 344 73 724
215 948 957
34 152 11 574 804 621 323
781 300 296
511 305 524 573 677 225 205
973 953 830 744 250 132 659 461
316 884 461
783 953 744 778 541 659 393 584
188 695 72 173 776
511 305 58 524 603 919 677 205
58 603 677 225 205 178
815 989 914 614 886 155 767 327
783 830 744 132 393 218
523 44 534 618 579 119
296 286 726 941
260 785 70 624 510 612 802 723 295
35 894 754 863 920 884 46 721 530 485
13 490 327
791 893 558 541 140 439 609
152 950 884 598 958
188 695 215 915 72 948 355 776
770 894 754 412 721 485 1000
264 528 335 523 594 37
117 624 612 767 295
926 551 33 412 422 163 983 423
926 964 913 810 983 796 423 570
551 583 913 33 412 422 163 983 964
833 73
744 778 250 132 218
973 783 953 659 393 584
557 44 753 601 351 311
968
113 396 12 369 42 471
695 215 915 948 957 173 112
926 551 583 913 33 983 688 964
815 55 415 44 38 180 575 759
549 695 915 181 948 355 173 957 112
332 336 541 148
826 688 683 160
230 894 877 535 281
247 188 635 55 208 52 830 287 488 74
865 146 739 468 278
29 420 577
551 402 493 990 194 578 948
926 913 33 810 983 163 964
247 188 635 55 208 985 830 287 74
277 586 296 948 693 271
923 95
32 635 630 378 894 863 737 845 640 142
865 623 412 378 733 700 460 582
779 549 959 784 512 844 141
499 914 767 253 280
783 744 778 541 132 393 584
195 838 44 534 566 662 860 439
26 621 488 146
6 882 676 162
539 178
247 662
35 770 754 412 894 863 884 721 530 1000
247 635 208 985 488 205 74
926 551 913 412 422 163 983 796 570
492 779 549 959 784 844
913 33 422 163 688 964
178
886 269
713 855 481 675 221 919 485
770 894 754 412 920 884 530 485 1000
783 953 830 744 541 659 132
779 784 512 844 275 776
404 490 327 461
790 47 923 795 820 805 146 765
647 549 959 512 844
396 984 679 12 735 42 111
277 264 363 335 52 736 37 76
947 493 783 896 915 327 613
188 549 695 181 948
843 923 795 820 343 830 576 765
304 206 598 159
551 583 33 412 810 983 796 423 570
973 432 124 950 572 958 1
105 750 798 408
188 635 985 830 488 205
551 33 412 810 796 423 926 583 983 688 570
402 753 938 490 542 280
277 775 420 723 461
523 838 534 618 662 119 860 19
350 922 460
551 964 913 33 810 163 688 570
926 551 583 913 33 412 422 163 983 570
523 44 566 860
947 713 388 737 993 461 569
547 300 296 796
401 296 191 404 572 945 598 439
195 838 44 566 662 119 439 19
926 551 583 33 412 983 163 796 423 964
666 495 72 369 309 115 142 662
926 551 33 412 163 688 423 964
174 719 73 869 383 74 555
894 754 412 863 884 46 721 530 485 1000
923 795 820 805 258 146 576 830
551 583 913 33 412 422 688 796 964
77 117 842 811 676 598
63 336 195 530 747 903 173 457
583 913 412 796
492 924 779 647 397 549 141
39 999 54 495 968 308 821 568 562 218
783 953 830 778 250 659 584
818 559
820 199 9 131 471 706
13 896 614
913 33 810 422 163 983
673 323 570
83 989 581 639 826 106 53
169 50 488 693 146
968 308 146 568 218
305 58 524 603 677 225 205
579 985 830 776 512 457 844
336 530 903 640 408
169 26 621 237
783 830 778 659
790 801 511 688 704 471 218
926 583 412 810 163 983 423 570
528 549 240 288
775 13 490 327 257
133 472 720 698 450
549 695 215 915 181 505 957
277 879 121 530 693 542
907 297 339 146 204 317
305 58 524 603 573 677 205
549 215 181 776
973 584 783 953 744 541 461 218
551 913 33 412 810 583 983 422 163 688 570
35 770 894 412 863 920 46 884
790 18 818
964 33 412 810 983 688 423 796 570
70 913 218
530 73 141 462 448
985 205 74
926 913 33 810 422 163 983 423 964
493 193 374
838 534 618 566 579 119 662 439
721 533 677 527
35 770 754 412 894 920 46 485 1000
724 736 347
39 363 481 193 767 357 275 584
117 624 510 721 723 767
973 953 778 250 393 584
973 152 950 526 958 1
79 939 559 842 439 280
926 551 913 964 412 810 688 423 796 570
79 650 863 945
534 579 860
915 938 530 643 573
296 990 879 948 693 271
808 654 18 830 186
781 547 888 796 208 300 296 938 286 726 186
830 744 250 659 218
770 894 754 863 530 46 485 1000
296 879 938 948 530
926 913 412 810 163 983 796 423 964
779 549 889 784 512
551 583 913 983 422 688 423 796 570
551 964 583 33 412 422 163 983 688 570
907 409 863 573 816
34 152 344 323
44 566 860 19
277 586 296 990 879 938 530 693 271
260 785 721 97 612 723
169 985 727 968 206 683 655
804 276 621 344 323
188 915 72 948 505 355 112
511 58 126 524 603 573 225 205 178
551 402 793 948
188 549 215 505 957 173 776 112
277 586 879 938 693 271
926 551 913 412 422 163 796
396 679 12 369 735 42 471
169 26 621 237 488 693 146 944
260 70 624 510
910 304 266 349 160
215 915 72 948 957
860 398 683 471 450
523 838 579 119 662 439
34 117 240 9 932 685
854 949 721 369 683 471 450
790 47 843 923 795 258 343 146
721 211 367 308 657
438 174 886 621 73 660 555
790 545 688 428
674 428
277 404 327 527 257
420 884 9 358
983 530 288 295
316 888 510 577 205
583 913 412 163 688 423
973 953 541 659 393 461 218
551 583 913 983 422 688 796
695 215 72 181 948 355 173 957
195 530 747 173 408 101
336 172 40 218
32 812 721 304 266 206 349 159 160
583 913 810 983 163
973 783 250 218
73 428 141 448
152 896 652 772 693 710 687 615
32 910 721 598
72 355 505 957
213 113 218 522 754 915 801
277 530 948 271
973 783 744 659 132 393 584
549 915 173 776
188 549 695 72 355 505 957 173 776
865 739 130 140 468 218
926 964 583 810 422 163 688 423 796 570
169 363 193 351 767 357 584
926 551 583 688 796
188 695 215 181 505 948 173 355 957
843 923 820 258 830 576 765
914 920 451 693
39 546 269
19 523 195 534 618 566 662 579 119 860
551 33 810 983 163 688 796 570
523 195 838 534 618 566 439
29 888 539 510
947 431 993 311 734 323
914 810 472 830 767 961 111 450
695 915 72 957 173 776 112
243 695 727 661 716
332 336 510 721 906
277 775 13 420 404 490 723
188 549 72 181 355 173
551 964 583 412 983 163 423 570
350 297 113 983 767 340
79 309 428
630 511 994 804 430 235 676
355 428 218
291 767
195 747 173 408
799 764 539 801
152 855 531 524 562
785 614 890 206 615
926 551 913 412 983 796 423 964
551 33 412 422 163 983 570
695 915 173
117 675 993 275 609
188 790 72 671
362 41 889 478 501
812 206 160
218 471 355 688 428 347 801
684 495 641
549 181 505 173 188 915 948 355 957 776 112
63 336 195 193 530 903 640 408 101
478 922 369 130
208 781 300 888 286 726 941 186 796
783 240 951 580 452
176 308 594 580 202
783 953 830 778 250 132 393 584
790 843 923 820 343 146 765
551 113 983 945 346 527 323
910 812 349 159 160
793 305 724 428 609
511 58 126 524 603 573 225 677 178
398 854 721 369 683 471 860
438 719 73 869 383 555
973 953 830 744 541 132 393
781 547 286 941
781 547 888 726 941 186
33 753
420 404 723 461
973 744 778 250 393 584
13 794 284 739 471
508 790 9 919 131 965 859 275
316 420 9
915 72 181 948 355 173 776 112
208 781 296 938 726 941 796
13 461
29 420 510 845 205 118
260 785 70 624 97 723 802 767
49 747 736 101
493 783 915 613 437 348
783 896 915
947 783 896 898 915 327 437
549 72 948 505 355 957
47 843 923 795 820 805 830
247 635 55 208 488 74
551 583 913 412 422 163 810
471 511 967 688 704 347 218
583 33 412 422 810 983 688 423
2 804 276 621 323
926 551 583 913 983 163 688 423
808 654 18 26 693 830 186
113 764 539 922 801
584 830 744 659 393 218
551 913 33 412 810 688 423
886 719 621 798 74 660
790 545 511 801 967 704 347 218
973 783 953 830 744 250 393 584
113 396 984 369 735 42 683 111 471
989 614 886 719 155 327 767
70 205
973 432 884 598 1
117 9 938 932 454
713 431 993 311 323 461
188 695 215 915 72 948 505 355
838 534 618 566 119
799 13 614 890 206 653 642 615
551 964 583 913 983 422 163 688 570
94 721 915 121 995 965
584 778 250 132 461 218
312 779 105 193 368 163 273
247 188 635 208 52 830 287
188 695 72 181 948 957 173 776 112
94 204 702
551 964 412 422 163 983 796 423 570
169 335 603 767 369
549 695 215 181 355 957 173
924 297 779 647 397 959 889 512
985 126 965 428 439
695 915 181 948 173
277 4 264 528 363 52 76 37
169 39 363 193 767 357
551 33 810 983 688 423 796 964
188 549 915 948 505 355 173
947 493 898 915 677 327 613 437 348
583 913 983 163 796 423 570
973 783 830 541 659 461
450 723 369 471 860
296 879 530 693 542 271
420 920 842
810 850 595 584
770 894 754 863 920 721 46 530 485
450 721 949 723 369 683 471 860
176 49 923 431 885 612
985 579 844 275 776
291 906
947 493 896 915 677 437 348
551 583 913 33 412 422 810 796 423 570
174 886 719 73 869 660
438 130 140 218
915 72 181 505 948 173 355 776
790 843 923 820 146 576 765
438 886 719 73 869 383 798 660 555
70 117 624 723 767
662 523 44 534 618 566 579 119 439 860
799 785 13 614 890 206 653 615
551 945 527 323
781 547 726 941 796
551 913 33 412 422 163 983 688 423 570
775 420 404 490 723 327 527 257
896 750 725 26 477
750 73
736 743 347
549 215 915 948 505 355 957
117 957 954 569
44 534 618 579 860
316 420 845
508 919 821 859 275
854 721 369 860 450
713 431 737 311 734 461
260 785 624 721 97 510 767
39 418
551 913 412 810 163 983 964
195 838 534 439 19
549 215 915 72 355 957 173 776
770 894 754 863 920 721 46 530 1000
721 211 367 657 376
695 215 948 505 355 173
402 793 493 990 194 198
551 583 913 33 810 422 163 423 964
70 481 159
865 561 623 378 733 700
973 783 778 659 132 461 584
812 721 349 159
826 451 280
379 277 804 527 257
39 54 308 146 562 218
398 723 369 683 471 860
551 583 913 33 810 983 163 688 796 964
770 894 920 863 884 721 46 485
492 924 779 647 397 959 784 141 844
924 297 647 397 959 549 889 784
790 843 795 830 765
163
913 33 810 163 688 796 570
785 721 97 510 612 723 295
39 54 308 821 146 218
775 420 404 490 527 461
539 868 686 142
208 888 938 941 796 186
920 412 863 884 46 721 530 485
551 964 913 810 796 423 926 422 163 688 570
875 396 330 412 281 619
551 964 913 33 810 422 983 570
783 953 830 744 541 461 584
35 894 884 412 863 721 46 530 485
15 783 842
33 412 810 796 423 926 583 422 163 688 570
584 783 953 830 744 250 393 218
169 50 26 811
799 785 896 890 206 642
511 967 355 688 704 471 218
13 490 527
113 984 679 735 471
781 888 938 286 941 186
973 953 778 541 250 659 584
523 889 1
188 215 915 72 181 505 948 173 355 957
34 9 46 932 685
519 240 868 9
188 635 55 208 985
247 55 985 830 205 74
260 785 70 117 624 97 510 723 767
973 152 432 438 884 526 958
208 55 52 287 205 74
188 635 55 985 52 74
973 744 250 132 461 218
492 297 779 647 549 784 141 844
913 33 412 810 983 688 423
910 266 349 159 160
783 744 778 541 250 461 584
924 297 779 647 784 512 141
32 297 894 983 284
647 985 830 784 512 457
247 188 208 985 52 830 74
425 558 688
33 695 146 594
47 843 923 795 820 805 146 576
666 310 309 659 115 541 662
72 181 505
305 524 603 573 225
926 583 913 33 810 983 688 423 796 964
865 891 378 460
551 583 913 163 688 423 570
779 985 784 579 275
790 843 923 820 805 343 146 576 830
152 2 276
884 530 73 485 186
695 72 181 957 173 112
277 775 404 490 327 461 257
799 13 896 614 890
973 783 953 744 778 250 132 393 659 584
305 58 126 524 603 919 677 178
208 781 300 888 941 186
674 985 126 131 439
514 886 269
647 985 830 784 844
926 583 913 412 983 688 423
926 551 33 412 422 163 810 983 796 423
260 785 624 721 97 510 612 767
195 838 119 860
907 297 339 325 146 317 751
35 770 754 412 894 920 46 530 1000 863 485
915 948 505 957
188 635 55 52 830 287 488
947 896 915
953 830 132
924 959 141
815 415 378 575 115
926 551 913 810 422 163 983 688 423 964
72 181 505 948 173 355 957
396 12 796 111
973 152 438 884 1
790 47 843 923 258 343 830 576
534 566 119 860 439
47 843 923 795 258 805 343 830 765
770 920 863 884 530 46 1000
523 618 566 19
891 623 889 487
790 47 843 805 343 576
973 152 438 950 598 526 958
973 584 953 659 132 393 461 218
713 511 431 737 734 323 461
806 445 534 676 569
438 174 886 719 869 383 74 555
35 770 754 412 894 863 884 530 485
947 493 783 898 915 677
924 397 889 512 844
277 879 938 948 693 271
300 888 286 941 796
913 412 422 163 983 964
926 551 583 33 964 412 163 570
973 152 572 598 526 958
195 838 534 618 566 579 119 860 662
926 583 913 810 422 163 688 423
770 894 884 412 863 721 485 1000
188 695 72 181 505 948 355 776 112
551 402 793 493 990 578
195 662 19
973 584 783 953 250 132 393 659 218
208 781 547 938 726 941 186
865 495 430 887 140 337 844
195 44 618 566 119 860
594 662 470
973 152 438 572 526 958
35 894 920 863 485 1000
316 205 101
984 679 369 735 42 796 683
493 549 798 979 184 823
666 413 344 573 281 683
511 305 126 524 603 573 205
695 753 539 321 227
208 547 888 286 726
176 793 529 344 724 235 609
599 806 445 578 73
402 641
169 39 481 193 351 275
984 679 369 42 796 471
790 471 704 347 218
32 910 812 304 206
188 915 948 505 957 112
551 583 913 412 422 810 983 423 964
188 549 695 72 948 505 355 957 776
350 297 32 284
973 584 953 132 393 218
492 924 779 549 397 959 889 512 844 141
926 551 983 163 796 423 964
551 964 583 913 412 810 423 570
169 767 369 130
39 54 495 308 821 568 218
894 754 412 863 46 485 1000
815 537 794 414
4 363 335 523 76 37
547 296 286
221 91 485 919
260 721 612 802 723
924 297 647 549 784 141
523 838 618 566 860 19
863 211 816
926 551 913 964 983 422 688 423 570
830 744 778 541 250 132 393 659
4 264 528 363 523 335 76 37
44 753 601 311
723 767 688 619
171 821 141 323
260 785 624 510 612 802 723 295 767
113 171 767 141 323
891 177 889 487 491 646
947 493 915 327 437
113 984 679 42 796
169 39 363 481 193 760 767 275 584
188 549 215 72 948 505 957
790 843 923 830 765
208 547 300 286 941 796
551 964 913 33 412 423 926 583 983 422 688 570
551 964 583 33 163 796 423 570
79 756 428 683 801
481 430 827
188 549 215 72 948 505 355 776
530 485 428 186 683 141
982 750 801
583 33 810 422 163 688 796 570
523 195 838 534 618 579
277 586 879 121 948 530 693 542
70 326 623 141
195 44 566 662 119 860 439
472 957 961 767 111
799 890 922
551 33 412 983 163 423 964
843 923 258 805 343 830 576
523 195 838 534 618 566 579
152 957
402 312 493 44 990 578 198
438 174 886 719 869 74 555
508 790 9 821 965 131 275
907 305 900 573
924 779 985 830 512 457 844 579
926 551 583 33 412 810 163 423 570
278 865 438 530 146 140 468 218
534 566
523 195 44 534 119 860
695 72 181 173 188 915 948 355 957 776 112
260 117 721 510 612 802 723 295
333 231 894 753 14
973 783 953 830 744 778 132 393 461
973 432 438 950 884 526
492 297 647 397 889 784 512 844 141
976 913 914 48
770 894 754 920 721 530 485
790 843 923 795 820 258 576 765
984 12 369 796 683 471
505 957 173 776 112
551 913 33 983 163 688 423
260 70 117 612 295
713 388 511 737 993 734 461
531 218
551 583 913 33 688 796 964
551 810 422 163 983 688 423
188 695 215 915 948 505 957 776 112
973 584 953 830 744 250 132 659 461 218
695 215 72 948 957 112
152 432 124 958
913 983 796 423 964
26 237 811 944
388 431 311 734 461 569
35 920 412 884 530 1000
624 688
695 215 948 957 173 776 112
913 33 810 983 688 423 570
964 583 913 33 810 983 688 796 570
766 894 420 750 820 992
926 583 913 33 810 983 423
923 830 805 343 146
784 579 457 275
924 297 549 889 784 512 844 141
208 781 300 888 938
695 215 72 355 505 957 776
964 913 33 412 796 926 583 983 422 163 688 570
791 414 919 127 722
551 964 913 33 412 810 423 926 583 983 422 163 688 570
70 117 624 510 721 612 802 723 295
492 297 647 512 141
176 495 487 573 827 642 615
964 913 412 983 423 570
894 754 412 863 920 721 530
632 487 573 281
63 530 747 101
778 132 461 584
905 675
511 865 495 430 226 214 844
188 695 215 915 72 948 505 173
666 495 310 490 309 659 369
174 886 719 621 383 74 555
884 485 141 186 462 683
695 72 948 355 957 173
973 744 541 132 461
39 546
34 707 99 737 784 490 767 685 386
176 793 344 73 235 428 609
215 915 72 181 948 355 776 112
83 989 639 274 872 106
985 830 512 844 579 776
947 783 898 915 613 348
924 779 985 830 784 512 579
865 891 412 378 700 460
378 69 44 38 180 575 115 759
982 934 52 139
583 983 163 688 423
812 721 304 266 206 349
785 614 890 922 653 615
549 695 72 505 957 173 776 112
982 788 750 217 612 510 294
924 579 647 985 830 776 512 457 844
973 783 830 744 541 659 393 584
790 545 967 428 704 347 471
277 586 296 990 121 938 271
549 695 72 181 173 188 215 915 948 957 112
549 695 215 181 505 957
900 258 218
438 886 719 383 798 660 555
391 506 693 119
508 920 579
396 12 369 683 111
659 584 778 250 132 393 461 218
188 208 55 985 52 830 205
855 865 511 887 226 214 337
926 964 913 33 983 422 688 570
947 713 388 431 993 311
947 511 431 737 323 569
32 297 113 894 767 687
666 953 772 577 160
953 778 541 393 461 584 973 783 250 132 218
530 73 141 683
953 830 744 778 541 659 393 461 218
188 695 215 915 355 505 957 776 112
947 713 511 311 734 461 569
675 993 428 275 609
188 549 181 948 355 173 957 776 112
926 551 913 810 983 423 570
594 662 470 53
964 913 33 422 163 796 423 570
420 539 845 577 205 118
926 551 583 913 810 983 796 964
551 583 33 983 163 688 423 796
551 583 33 163 796 423 570
953 830 744 541 250 132 218
175 493 798 823
70 117 97 612 802 723 295
332 336 721 906
492 779 647 549 959 512 844
35 770 920 863 884 721 530 1000
195 44 618 566 579
13 420 490 723 327 527
833 336 640
924 297 779 647 549 889 784 141 844
316 29 888 539 845 577
195 534 618 566 579 860 19
695 750 317 798
277 586 990 879 948 121 530 542
790 824 9 131 275
790 47 923 258 805 830 765
947 783 898 915 327 613 437 348
523 195 838 44 566 579 119 662 19
197 258 349 148
687 349
599 97 643 595 542
425 347
677 178
783 778 541 659 132 218
926 964 583 412 163 688 423 796 570
549 72 505 188 215 915 948 355 957 776 112
492 924 647 397 889 512 141
926 551 583 983 422 688 423 570
508 790 9 821 965 275
247 188 55 208 830 488 205 74
789 989 614 767 327
926 964 983 422 163 688 796 570
277 117 399 957 598 954
924 297 779 397 959 784 141
188 549 695 948 505 355 776
260 785 70 624
188 55 985 52 830 287 488 74
891 412 733 365 460
583 913 33 412 422 983 688 570
63 195 530 747 903 173 640 101
551 913 33 412 810 796 423 926 583 983 163
599 650 745 105 490 311 146 834 542
551 913 412 688 964
973 783 830 744 778 541 659 218
830 541 250 132 461 218
247 188 208 830 488 74
86 707 250
695 181 505 355 957 776 112
33 412 422 163 983 423 570
35 894 754 412 920 884
306 378 276 825 957 76
32 812 266 159
926 551 913 33 810 422 163 796 423
666 402 680 572 898 601
865 438 530 218
947 713 511 737 311 734 323
953 778 250 659 584
188 72 948 355 173 776
913 412 983 423 964
425 950 558 688 101
843 923 820 805 343 765
35 894 754 884 530 46 485 1000
865 623 891 378 733 365 582
215 72 181 505 948 173 355 776
126 573 919 225 205 178
790 47 795 343 146
971 656 218
973 152 432 438 950 526 958 1
855 896
316 888 510 577 118 101
492 297 779 647 397 959 549 141
815 55 415 69 378 44 575
865 623 891 733 365 460
583 913 983 422 688 964
973 152 432 124 950 884 958
277 775 13 420 404 490 723 527 257
973 953 830 132 584
583 913 33 412 810 163 964
113 396 984 679 12 735 796 683 111 471
770 894 920 863 884 530 485 1000
432 124 438 950 884 958 1
719 621 73 383 798 74 660
973 744 778 541 250 393 659 461
583 983 422 163 688 423 964
549 915 181 957 173 776 112
70 785 117 624 97 612 802 767 295
152 432 124 438 950 884 526
666 420
913 422 163 796 423 570
875 420 899 833 708 111
188 215 181 505 948 355 776 112
549 695 505 957 776
438 886 869 798 74 660 555
213 754 76 218
492 779 647 549 959 141 844
973 438 884 572 598 958 1
63 336 195 530 903 173 408 640
551 990 198
754 369
492 397 959 512 844 141
113 396 984 369 42 683 111 471
551 583 913 983 422 796 964
523 44 838 534 618
113 396 796 683 111 471
647 985 784 579 457 776
790 545 704 347 218
551 33 412 810 983 688 423 964
336 193 530 903 640
247 188 635 985 830 287 74
121 369
886 967 73 798
188 72 948 957 173 776 112
332 639 685 644
169 50 237 693 811 944
375 126 953 840 96
208 635 205 74
260 785 70 117 624 97 510 612 802
247 188 55 208 985 52 287 205 74
188 215 915 181 948 173 776 112
39 999 495 968 146 821 562 218
409 570
666 495 72 310 490 541 659 115
188 915 181 505 173 776 112
117 624 721 723 802 295
947 493 783 915 677 437
923 820 146 765
884 485 428 186 462
801 545 967 688 704 428 471 218
964 33 412 422 983 688 423 796 570
297 113 983 284 767 340
549 695 215 915 181 948 957 173 776
713 431 737 311 323 569
551 964 913 33 412 810 796 926 583 163 570
926 913 810 983 688 423 796 964
583 913 412 810 163 796 423 570
747 369 439
947 993 311 734 323 569
926 33 163 688 423 796 570
523 838 534 618 566 662 860
964 913 412 796 423 583 983 422 163 688 570
551 402 493 948
404 991 506 693 119 218
551 964 913 33 412 810 423 926 583 422 570
336 195 193 747 640 408 457 101
163 301 273
973 953 830 744 659 132 461
964 583 33 412 422 163 983 796 570
44 838 566 579 119 860
692 709 54 574 3
924 197 981 685 386
926 551 583 913 33 810 964 163 796 570
973 783 953 744 132 393
260 785 70 117 624 721 612 767 295
551 913 33 810 796 423 926 583 983 422 570
362 875 478 501 91
790 795 830 576 765
291 687 437
83 795
19 523 195 838 44 618 579 439 860
551 964 583 913 412 422 688 796 570
388 511 737 734 323
35 894 754 863 884 530 1000
781 300 888 796 186
623 487 166 922 491
492 779 647 397 549 889 784 512 844 141
188 549 72 355 505 776 112
260 785 117 624 97 510 612 767 295
70 326 737 693 369 228 141
779 985 512 275 579 776
237 693 146 811
277 586 296 879 121 938 693 542
630 55 707 676 798
215 915 181 505 948 355 776 112
973 584 953 830 778 132 393 218
926 583 913 810 163 688 423 796 964
316 420 539 205
260 117 624 97 510 767
924 297 779 549 959 889 784 512 844 141
551 583 33 412 688 423 570
19 481 888 38 798 280
923 795 820 805 146 830 576 765
362 875 501 91 321
913 810 983 163 796 423
215 915 72 181 505 948 776 112
790 363 888 575
83 599 745 105 146 834 542
812 721 304 349 598 160
551 583 913 33 810 422 163 983 796 570
647 397 959 889 784 512 844 141
396 679 735 796 683 111 471
926 551 412 983 688 423 964
35 770 894 920 721 530 46
438 174 719 621 73 74 660 555
508 920 579 776
523 44 534 618 119 19
188 549 695 72 948 957 776
335 2 887 457
402 33 753 938 542 280
492 924 549 959 784 512 844
32 304 206 349 598
277 879 121 948 938 530 542 271
124 884 572 598 526
152 896 652 772 566 687 615
635 469 945 677 284
260 785 70 97 510 612 723
775 13 420 257
39 968 308 146 568 562 999
19 195 566 579 119 439 860
984 679 12 369 735 796 111 113 396 683 471
492 924 549 397 959 889 784 512 844 141
879 938 948 530 271
684 49 121 310 87
549 889 141 844
551 964 33 412 796 423 583 983 422 163 688 570
523 838 566 579 439 19
790 47 923 820 805 258 146
402 578 842
666 495 310 490 369 659 115 142
211 367 675 967 657 376
790 688 704 471 218
188 549 695 915 181 355 776
359 985 711 487
70 785 117 510
188 549 695 215 948 505 355 173 957 112
316 29 420 888 205 101
277 586 879 121 948 530 693 271
926 583 412 983 688 570
277 420 404 490 723 461
438 174 886 719 621 869 798 660
551 583 913 33 412 422 163 810 964
779 193 368 163 273 497
174 869 74 555
70 737 693 369 228 141
523 195 838 44 566 579 19
188 215 505 776
32 812 721 159 160
583 33 412 422 163 983 688 423 796 570
549 695 72 181 505 173 215 355 957 776 112
549 915 948 355 173 112
332 336 510 906 541 148
277 586 296 990 530
481 918 912 868 118
388 511 737 569
230 712 643 160
551 964 583 33 412 983 163 796 423 570
195 838 566 579 662 860 19
973 830 744 250 132 584
47 843 258 805 830 576 765
174 719 73 74
415 721 367 308 657 184
350 113 983 284 767 687 340
277 296 121 938 693 271
469 539 204
924 779 579 776
260 209 9 369 141 347 433
113 396 679 12 369 735
209 74 141 433
523 44 534 579 662 439 19
551 913 412 163 688 796
13 420 490 723 257
891 177 922 491 646
973 778 659 461 584
923 805 343 146 765
551 913 33 412 983 163 796 570
947 493 783 896 915 327 613 437 348
511 640 323 462
666 495 490 369 541 659 115 142
843 795 258 146 576 765
243 695 721 747 938 661 716
484 388
551 264 335 2 105
316 29 420 888 577 205 101
176 793 529 344 73 580 609
260 785 117 721 97 723
47 820 258 343 146 576 765 830
583 913 33 983 688 423 796
926 583 412 422 983 688 423 796 570
203 753 240
264 528 363 335 37
783 744 541 659 132 461 584
70 785 624 723 767
297 779 647 397 959 549 784 512 844
432 124 950 572 598 526 958
924 779 647 985 784 579 844
279 914 920 888 451 280
492 297 647 959 889 784 141 844
894 754 920 884 721
193 903 408 457 101
355 505 957 776
260 70 117 97 612 802 767 295
635 713 378 894 863 845 640 142
188 695 355 112
926 551 913 422 163 688 423 796
438 886 621 73 798 74 555
551 964 913 33 412 810 163 983 796 570
260 785 70 624 721 802 295
247 635 55 208 985 52 830 287 488 205
549 915 72 181 505 948 173 355 776
799 13 896 614 890 642 615
801 511 967 688 704 471 218
926 551 412 983 688 423 796
926 583 412 983 688 796 570
547 300 726
488 146 811 944
523 72 119
126 131 382 428
523 195 838 579 860
547 888 938 941 186
843 795 820 805 258 576 765
926 964 583 412 422 810 983 688 796 570
152 432 124 572 526 1
973 783 830 541 250 132 584
47 795 830 765
188 915 181 505 355 957
215 915 72 505 957 173 776 112
247 208 985 52 830 488
336 193 530 903 457 101
913 33 412 810 796 423 926 583 163 688 964
326 737 73 228 141
684 121 310
926 551 583 33 412 422 810 983 688
967 355 688 428 471 218
953 830 744 541 250 393 461 584
868 683
39 999 495 308 821 568 562 218
924 779 647 784 512 457 844 579
511 126 573 919 677 205 178
926 551 913 33 688 796 964
549 695 915 72 505 957 112
260 117 624 97 721 612
492 924 297 779 549 959 889 512 141
94 939 721 915 121 995 629 965
188 549 695 915 72 948 505 355 173
907 305 863 900 816
926 583 913 33 688 423 570
188 215 915 72 181 948 355 776
549 695 72 181 957
260 402 33 753 72 490 778 280
413 487 281 416
39 54 495 968 308 821 568 146 999
44 534 618 566 579 662 860 439
865 623 378 700 365
551 964 583 412 422 163 983 688 796 570
35 770 754 412 920 884 46 721 530 485
297 779 647 959 889 141 844
549 695 215 181 505 355 957 112
530 73 485 428 186 462 141
647 397 959 784 141 844
63 336 193 530 747 903 408 457 101
188 695 72 948 505 957 173 776
910 305 872 677 87 570
926 551 583 964 422 163 688 423 570
926 964 583 983 422 163 796 570
647 959 889 784 512 844
770 894 754 412 863 920 46 721 485
770 894 920 884 1000
432 124 950 572 884 958 1
947 713 388 511 737 461
43 86 707 250 270
29 420 888 539 510 577 101
924 647 784 512 457 844 275
415 721 211 675 308 967 184 376
973 584 830 744 541 250 218
907 409 305 900 211 573 816 106
586 990 879 948 121 693 271
19 523 195 534 566 579 119 439 860
551 964 913 796 423 926 583 983 422 688 570
788 217 612 693 116
523 195 838 534 662
920 888 693 280
492 924 297 779 784 512 141
926 551 913 33 412 422 983 688 796
530 284
674 126 676 428 439 162
830 784 512 844 579 776
305 524 603 677 178
413 632 344 487 416
973 152 432 950 884 572 598 526
188 549 915 72 181 948 173 776
34 386 721 707 784 490 999
523 44 534 662 119 19
70 785 624 97 767
790 824 9 821 965
783 744 778 541 659 132 461 218
926 913 33 983 422 688 423
973 783 953 744 778 541 132 584
208 547 296 888 286 726 186
551 964 913 33 412 810 163 983 688 570
783 250 659 461
336 195 193 747 530 457
790 511 355 688 704 428 801
793 344 73 724 235 428
599 985 673 929
523 195 534 618 566 579 860 439
973 830 541 250 132 393 659 584
779 647 985 830 784 579 844 275 776
947 713 737 311 323 461 569
472 276 286 76
973 783 830 778 393
982 656 539 424 687 74
973 584 783 953 778 132 218
188 208 830 287 488 74
551 583 913 33 412 688 423 570
910 812 304 206 598 159
973 953 830 744 541 659 132 393
790 545 511 688 704 428 347 471
117 624 723 767
783 327 613 437
415 211 367 657 184 376
830 744 778 541 461
666 72 310 369 309 659 115 541 662
39 968 146 218
32 299 133 850
19 44 566 579 119 439 662
404 572 598 439
243 296 191 404 572 598 439
973 744 778 541 250 393 461 218
586 990 121 948 938 530 693 542 271
924 985 784 512 457 579 776
820 506 131 706
786 339 250
396 984 679 12 369 42 796 683
438 530 739 130 218
919 687 349
195 566 119
973 783 953 830 744 778 541 659 218
973 783 541 250 132 461
277 13 420 983 490 951 527 158 257
551 913 810 422 163 983 688 423
34 574 276 323
793 493 578 842 948
492 924 959 889 784 141 844
94 511 237 74 439 615
188 549 72 181 948 173 112
865 561 623 891 412 365 460 582
188 55 985 52 74
260 117 97 510 612 723 295
208 781 300 296 186
188 208 55 74
49 923 431 885 612 28 992
174 886 73 869 383
58 888 240 71 91
973 152 438 526 1
35 894 920 721 530 1000
924 779 889 141
549 915 181 776
924 297 779 959 512 844 141
953 830 744 778 659 218
152 652 530 693 710 687
799 13 896 614 653 642
599 806 534 578 676 73 569
508 824 9 821 859 275
551 964 913 33 796 423 926 583 983 422 688 570
924 275 779 985 830 579 512 457 844
926 583 913 33 412 163 570
790 843 923 795 820 258 343 146 576
492 924 297 647 397 549 784 141
188 549 695 915 72 948 355 957 173 112
59 9 369 74 141 347 433
420 485
790 843 923 820 146 576
815 415 69 44 180 575 115 759
551 913 412 810 796 423 926 583 422 163 570
808 654 18 830 693
70 785 117 802
425 672 877 920 641 309
764 321
545 581 677 575 433
336 530 903 173 408 457
790 778 575 439 479
415 69 378 44 575 115 759
13 375 886 890 112
586 990 948 693 542
539 121 206 461
523 617 23
70 624 723
865 438 530 146 468 218
790 47 923 795 258 343 765
114 889 603 87 349 461
188 549 215 72 948 355 173 776
843 795 830 343 146 576
549 695 915 72 776 112
297 779 647 959 889
618 119 439 19
923 795 820 258 830 765
188 695 915 72 948 957 776 112
47 923 795 820 805 830 765
176 305 898 73 724 235 428
854 683 450
843 795 830 805 146 576 765
176 793 529 724 235 580 609
316 29 888 510 577 118
63 336 530 903 173 640 101
47 843 923 795 820 805 258 343 146 830
549 695 215 72
176 793 305 344 428 580
260 117 97 723
39 968 308 562 999
913 33 983 688 796
713 388 737 311 323 461 569
721 510 993 640 148
174 621 869 798 660
83 599 745 490 311 146 834 542
297 397 959
926 551 583 913 33 412 422 964 796 570
208 781 547 300 296 938 286
378 38 575 115
894 920 412 863 884 721 1000
208 781 300 888 726 796
547 300 888 286 726 941 186
247 208 985 287 74
924 549 784 512 141
924 844 275 647 985 579 776 512 457
896 437
924 779 647 830 512 579 776
947 783 896 915 677 613 348
19 38 827 218
336 195 193 747 408 457 101
277 586 530 948
721 304 206 349 598
549 915 948 505 173 776 112
113 396 679 12 735 111
305 58 524 603 573 225 178
947 493 898 677
973 830 744 778 132 461 584
47 923 795 820 258 576 765
492 721 533 104 677 527
177 889 487 166
523 534 566 860 19
793 44 990 842
795 820 805 830
305 58 126 524 603 919 178
790 47 843 923 795 820 805 343 576 765
277 586 296 990 879 530 693 542
551 583 913 412 810 163 983 688
785 13 614 922 615
751 340
973 584 783 953 744 250 659 461 218
117 721 97 612 767
375 444 440 382
260 785 624 721 97 767
799 495 487 573 827
830 744 541 132 393 461
492 924 297 889 784 844
494 692 709 574 488 869 3
39 999 54 968 146 568 562 218
924 549 141 844 492 779 647 397 959 889 784
547 296 888 938 726 941 186
727 968 683 569
415 69 378 180 575 115 759
973 152 432 124 438 572 884 526 958
511 305 573 919 225 205
296 530 121 271
174 719 73 383 74 660 555
188 549 915 355 957 112
896 26 419 477
492 647 549 889 512 844 141
964 583 412 422 163 688 796 570
973 584 953 830 659 218
584 830 744 778 250 132 393 461 659
790 843 795 258 343 830 765
277 4 528 363 523 52 736 37
260 70 624 721 97 723 802 295
924 779 647 397 959 549 844
790 47 843 795 820 805 258 343 576 830
175 193
47 843 923 795 830 146 576 765
379 257 511 33 804 488 527 471 470
647 985 830 776 457 275
38 430 798 457 19
438 621 73 869 74 660 555
472 830 957 961 130
152 335 428 471
438 174 886 719 73 869 798 660 555
953 830 744 659 132 393 461 584
926 964 913 33 810 983 688 423 570
350 284 767 687 340
402 884
973 783 830 744 250 132 659 461
279 826 278
72 181 505 948 957 776
101 747 967 369 439 649
176 218
35 894 754 412 920 530 46 1000
887 226 214 337
83 989 274 826 872 106 53
174 73 869 383 555
188 215 915 181 505 355 173 957 776 112
70 117 624 97 510 612 767
721 993 906 640
953 830 778 541 250 461 584
188 549 695 215 915 72 948 505 112
70 785 117 97 510 723 295
551 913 810 796 926 583 983 422 163 688 964
188 549 695 915 72 957
264 2 105 887
277 879 121 948 938 271
779 647 397 512 844 141
432 950 884 572 598 526 958
973 785 790 621 91 178
561 412 700 460
783 778 659 461 584
549 215 915 72 181 505 112
973 953 830 250 393 659 218
790 47 795 258 805 343 830
492 924 647 397 959 549 784 512
523 838 534
926 913 33 810 422 163 983 688 796 964
790 843 923 820 258 343 830
388 561 451 776
865 891 378 700 460
195 838 566 662 860 439
945 539 284 204
124 438 950 572 884 598 526 1
332 833 336 510 541 640 148
843 923 258 805 830 576 765
279 826 451 278
894 754 412 863 920 884 530 485 1000
973 783 830 778 132 393 461
39 481 704 700
208 896 750 725 513 393 419
923 795 830 343 146
924 779 647 985 830 784 512 275 776
302 623 991 879 506 693 640
551 583 913 810 983 163 688 796
83 599 650 745 490 834 542
178 372 555
523 195 44 534 662
277 586 296 990 879 948 542
378 561 412 733 365
188 549 72 181 505 173
785 13 896 614 642 615
855 495 887 226 140 844
34 707 737 490 767 999
770 894 884 412 530 46 1000
799 486 217 999
208 133 898 488 698 111
830 744 778 541 250 659 461 218
19 523 534 618 579 662 439 860
894 754 412 920 721 485
188 635 55 208 52 488 205
176 799 415 495 487 724 573 827 642
926 913 412 422 163 810 796 570
973 783 953 778 250 461 584
208 781 296 938 286 941 796 186
584 783 744 778 659 461 218
492 297 779 647 549 959 784 512 844 141
324 754 524 369
551 913 33 983 163 796 423
973 584 778 541 250 132 393 218
188 549 915 72 181 948 355 173 957
32 304 206 349 598 160
274 879 723 198
843 820 805 343 146 576 765
790 967 355 688 704 428 471
415 69 378 38 44 575 115 759
947 511 737 311 734 323 461
950 890 641
277 586 990 879 948 938 693 542
113 396 984 12 42 111
891 561 378 700 365 460
523 44 838 534 566 579 119 860
352 231 815 982 240
492 924 297 647 549 959 512
188 915 72 181 505 948 173
860 19 523 195 566 662 579 439 119
510 539 121 369
790 923 795 820 805 258 343
551 964 913 810 163 423 570
551 402 493 198
886 719 621 798 74 660 555
473 355 575
926 913 810 983 163 688
549 215 915 181 948
484 539 206 369
785 896 614 206 922
709 939 344 951 640 452
785 117 624 510 612 802 295
152 896 530 693 710 566 687
188 549 695 948 957 776
924 297 959 889 784 141
926 964 583 913 983 422 163 688 796 570
623 693 369 228 141
973 783 953 830 744 541 132 393
523 195 838 534 618 566 579 119 860 439
58 126 524 603 573 225 919 205
305 58 524 603 573 225 677
799 785 614
549 695 215 72 181 355 957 173 776
188 549 695 181 505 957 776
511 305 58 126 524 603 919 225 677 178
924 826 981 685 386
188 55 985 830 287 488 205 74
188 549 695 215 915 948 355 776
947 783 896 898 677
511 967 355 704 347 471
511 58 126 573 919 205
785 614 890 206 653
29 420 845 118 101
926 551 583 412 422 163 796 423
708 424 204 801
188 695 215 915 181 505 173 776
188 549 695 915 72 181 505 948
388 734 323 569
666 495 72 369 309 541 115 142 662
152 124 958 1
783 830 744 541 659 461
584 783 953 778 541 250 132 393 659 218
188 635 55 52 488
973 152 884 572 526
260 785 70 624 510 612
492 924 297 647 779 549 889 784 512 141
795 820 258 343 146 576 830
326 693 369 228 141
265 181 612 146 428
739 130 140 218
208 300 941 796 186
838 566 579 119 662 439
926 551 913 33 810 422 688 423
695 915 72 181 505 948 173 957 112
674 985 126 131 965 382 428 162
924 297 549 889 784 844
388 641 807
983 530 288 295 280
534 119 439 19
297 495 612 205 485
208 799 133 898 827 698 111 348
44 753
666 72 310 490 541 659 115 142 369
790 545 511 688 704 347 218
208 781 547 888 938 726 941
964 913 412 810 983 688 796 570
926 551 913 33 422 163 688 423 796 964
973 584 953 744 778 659 218
926 913 983 422 163 796 570
39 495 968 308 146 568 562 999
551 583 33 412 422 163 983 423 570
581 495 632 652 858
747 967 965 439
843 923 795 258 805 343 830
884 530 485 428 186 462
581 826 872 539 106 53
926 583 913 33 983 422 688 570
907 305 863 900 211 816
828 122 11 181 796
551 913 33 412 810 926 583 983 422 163 570
113 12 369 735 42 683
492 924 959 889 784 512 844 141
105 368 163 273 497
193 530 903 408 457 101
549 695 181 505 173 776 112
551 583 913 412 688
508 790 824 9 919 821 859
781 547 300 296 938 726 186
260 785 70 721 612 802 767
188 695 181 505 355 776
237
924 297 647 549 959 889 784 512 141
431 993
70 623 693 228 141
721 707 99 737 784 767 999
49 747 121 369 965 736
402 753 72 490 778 118 280
973 953 830 744 250 393 461 218
523 72 827 204 205 119 702
113 396 984 12 369 735 796 683 471
312 193 368 163 121 497
973 584 830 541 250 393 659 461 218
894 754 920 530 46
583 33 810 983 688 423 570
121 948 693 542 271
926 551 583 913 412 810 796 423
188 215 915 181 505 948 355 776 112
35 754 412 920 884 46 721 530
152 530 693 710 566 687 615
39 999 54 495 968 146 821 218
13 420 490 327 461 257
551 583 913 412 810 983 796 964
113 396 984 369 735 42 796 683 111 471
713 511 993 734 461
216 581 877 574 369
305 898 529 73 724 235 428 580
973 783 953 830 541 461 218
277 122 181 922 257
492 297 647 397 889 784 512
790 47 843 795 805 146 765
188 549 915 181 505 173 776 112
193 178
208 635 55 985 287 488
891 561 623 412 733 700 365
438 174 719 621 660
208 726 941 186 796
113 396 984 679 42 796 683
926 551 913 33 412 422 810 983 796 964
583 412 422 163 688 796 570
926 551 33 810 983 163 688 796
169 519 478 922 767
666 495 309 659 115 142 541
511 219 351 919 796 115 280
523 44 838 534 579 19
799 415 495 724 573 642
815 55 415 378 44 38 759
551 583 810 983 163 796 423 570
884 530 73 186 462 448
539 186
779 549 959 141
188 915 948 505 355 957
775 13 420
551 493 842 198 948
521 967 798
692 558 101
781 300 296 938 726 796 186
549 695 181 957
312 163 121 301 497
551 33 412 810 163 688 570
299 415 721 675 367 308 657 184 376
907 305 900 211 573 106
799 920 912
647 397 959 784 512 844 141
299 415 721 211 367 308 184
973 830 744 541 132 218
306 472 276 825 957 76
208 781 547 296 938 726 941 796
70 785 97 510 723 802 767
44 838 534 618 662 439
296 990 530 948 693 542 271
386 721 707 737 784 767 999
770 894 754 920 884 721 46 530
188 635 55 985 52 830 488 205
973 152 124 950 884 526 958
783 830 744 541 659 132 461
790 47 843 923 795 258 805 343 146 830
260 785 624 721 510 802 767
719 869 383 798 660 555
105 167 385
984 369 42
208 781 300 296 888 286 796 186
936 99 929 323 570
843 923 830 805 576
920 826
770 940
438 383 555
830 778 541 393 461 584
350 297 32 894 767
188 549 915 72 181 505 355 957 776 112
890 922 653 642 615
176 305 898 529 724 235 609
492 924 297 647 397 959 844
924 297 647 397 959 784 141 844
924 647 549 959 889 784 512 844
799 785 13 896 614 890 922 206 642 615
33 677 146
863 391 389 295 582 732
894 754 412 920 884 46 721 1000
296 879 948 271
511 305 126 524 603 919 225 677
277 404 490 461
523 44 838 618 579 860 439
174 73 798 74 660 555
34 707 490 685 386
924 647 784
350 65 923 707 488
386 707 99 737 490 685 999
865 561 623 700 365 582
855 865 511 887 226
215 181 505 948 112
32 910 812 304 266 206 349
208 547 300 938 286
973 953 830 778 132 393 461
783 953 830 778 541 250 132 659
647 784 579 457 275 776
843 923 795 258 830 765
70 785 97 723 802
551 179 717 166 612 664
44 838 534 566 19
695 215 915 72 181 505 355 957 776 112
924 297 779 647 959 141
188 549 215 915 72 948 505 173 776 112
188 915 72 181 173 112
926 583 913 33 412 810 163
584 783 953 830 744 778 541 659 393 218
973 953 830 778 541 659 393 461 584
188 695 72 505 957 173
790 47 843 923 820 258 146 576
966 29 531 267 664 594 562
732 863 389 295 801
793 898 724 235 580 609
188 549 915 72 948 505 173 776
783 953 744 659 132 461
523 195 838 44 662 19
654 983 772 685
26 349 148
914 472 830 957 961 130
44 838 534 618 662 119 860 439
299 415 211 367 675 967 657 376
492 924 297 647 959 512 844 141
843 820 805 258 343 146 765 830
924 647 959 889 784 141 844
438 174 886 621 73 798 74 555
551 913 983 422 796 423 570
188 549 695 915 72 181 505 948 957
926 551 33 983 422 163 688 796 964
973 659 584 830 250 132 393 461 218
779 647 397 959 549 512
584 783 744 541 659 218
790 218 511 471 967 355 704 347 801
316 29 420 539 577 118 101
260 70 117 721 97 612 802 723 295 767
438 174 886 719 869 660
788 750 217 612 510 294 116
549 695 948 505 173
790 363 810 307 915 693 677 830 115 178
19 523 44 534 566 579 119 439 662
260 785 70 624 97 510 612
633 279 920 888 826 451 278 280
947 783 896 898 915 437 348
113 396 735 42
188 72 181 948 355 957 112
169 50 26 237 488 693 146 944
855 865 495 511 887 214 140
508 95 130
260 117 721 612 802
781 300 296 938 796 186
39 912 286 739
523 195 534 618 566 119 439
195 838 44 534 579
530 146 739 130 140 278 218
492 924 297 889 844
277 4 264 528 335 52 76 37
926 551 913 33 810 163 423
304 266 206
152 11 574 804 276 621 344 323
297 647 397 784
473 753 575
973 783 744 778 541 250 659 461 218
176 813 833 594 148
721 675 367 967 184 376
984 12 683 111 471
438 719 621 869 383 798
779 647 830 579 457 844 275
247 49 654 662 470
208 296 938 286 726 941 186 796
584 953 830 744 778 659 393 461 218
402 793 473 990 578 842 198
584 830 778 461 218
188 695 72 181 505 948 173
277 586 296 530 938 948
549 695 72 181 505 188 215 915 948 355 957 776 112
277 122 181 922 796 257
581 826 106
964 583 810 983 688 423 570
551 583 913 33 412 422 810 688
70 785 117 97 723 295
926 551 913 412 810 163 688 423
312 121 301 273 497
492 297 779 549 397 889 512 844
790 545 967 428 347 471
915 72 181 505 948 355 957
926 913 163 796 423 570
783 778 250 393 218
492 297 779 549 397 889 784 141 844
584 953 830 778 541 250 132 659 218
926 551 913 33 412 422 810 983 423 964
188 549 695 215 915 72 181 355 173 112
277 990 879 121 938 530 693 542
793 305 724 235 580 609
176 793 898 529 344 724 73 580
855 274 830 374 801
924 779 647 397
794 912 286 158 471
924 779 549 397 959 784 141
176 529 344 724 235 73 580 609
424 756 204 428 683 801
171 215 325 751
973 432 438 950 884 598
277 296 879 530
973 830 778 659
973 783 953 830 744 778 250 393 659
438 886 73 383 798 74 660
188 549 72 181 505 948 776
169 727 968 206 693 655
541 250 132 393 659
907 305 816 106
974 510 619 315
926 913 983 422 163 688 796
584 953 830 250 132 393 659 218
511 58 126 524 573 919 205 178
910 721 206 349 598 160
204 676
843 923 795 258 805 765
350 297 113 894 32 284 687
401 296 191 404 572 945 439
195 193 747 903 173
188 549 181 505 948 776
973 584 783 830 778 250 132 659 461 218
647 985 830 784 512 457 579 776
492 779 647 549
297 549 397 959
926 964 983 422 163 688 570
197 900 26 349 218
926 551 33 983 688 423 796 570
947 388 737 993 311 461
176 813 833 580
260 624 612 723
926 964 583 913 33 983 688 570
277 586 296 879 121 542
551 964 913 33 412 810 423 926 583 983 422 163 570
297 549 959 889
211 367 967 657 376
973 830 541 659 393 461
549 915 948 957 173 776
335 69 753 344
924 647 549 959 784 141 844
584 783 744 778 541 250 132 461 218
584 830 744 778 541 250 218
973 783 830 744 250 132 393 461
982 750 217
113 984 679 12 369 735 42 683 111 471
335 767 369
551 793 493 842 198 948
169 599 183 423 323
790 824 919
215 915 181 957
695 215 948 505 355 957 776
176 793 305 898 73 580 609
584 953 778 250 132 218
332 510 541 640 148
898 967 798 609
63 195 530 903 173 408 640
508 790 9 919 965 275
783 953 830 744 778 541
117 957 598 954
973 584 830 778 541 393 461 218
790 511 688 704 428 218
790 545 511 967 688 704 471
815 55 415 378 44 38 180 115 759
208 55 52 205
790 47 843 923 820 805 258 146 576 765
795 916 284
277 296 879 530 948 542
208 781 296 888 938 286 796
11 344 621 323
549 215 72 948 505 173 776
779 647 830 784 512 844 275 776
350 65 856 511 490 488
894 920 412 863 530 46 485 1000
523 195 44 534 566 579 119 19
947 713 388 511 737 569
964 583 33 983 163 688 796 570
790 545 967 355 688 347 218
63 530 903 173 408 457
195 44 662 119 860 19
305 126 573 919 205
785 117 624 97 510 612 767
924 297 779 647 959 889 512 844 141
188 695 915 181 505 948 355 957 776 112
19 44 838 566 662 439 860
551 291 179 166 687 437 162
551 583 913 810 983 163 964
277 990 530 948
838 566 662 19
121 805 686
945 451 17 218
194 578 198
260 785 624 97 510 612
639 237 559 763 644
973 783 830 541 659 393 584
44 693 951 573 295 428 146
783 896 915 677 327 613 437 348
