493 33 990 194 73 198 424 527 522:2.444191e6
402 493 33 990 73 198 424 527 522:2.565181e6
260 33 990 424 522 493 578 198 842 527 73:2.420839e6
280:5.763714e6
260 402 33 990 424 522 493 194 842 198 73:2.430896e6
260 402 493 33 990 194 73 198 424 527:2.456663e6
260 402 33 990 424 493 194 842 198 527 73:2.458271e6
260 402 33 990 424 522 493 194 578 198 842 73:2.450271e6
402 493 33 990 578 198 424 842 527 73:2.431291e6
796:3.547936e6
260 402 33 990 424 522 493 194 578 198 842 527:2.303276e6
260 402 493 33 578 198 424 527 73 522:2.32305e6
260 402 33 990 424 522 493 578 198 842 527 73:2.574579e6
260 33 990 424 522 493 194 578 198 527 73:2.484701e6
493 33 990 194 842 198 424 527 73 522:2.456458e6
260 402 493 33 990 194 73 424 527 522:2.386033e6
260 402 493 33 990 194 73 198 424 522:2.43691e6
723:2.992836e6
402 33 990 73 198 424 527 522:2.368531e6
493 33 990 842 198 424 527 73 522:2.396434e6
402 33 424 522 493 194 578 198 842 527 73:2.381411e6
402 493 33 990 194 578 198 424 842 73:2.297081e6
562:2.486116e6
402 493 33 990 578 198 424 527 73:2.411892e6
402 33 990 424 522 493 194 578 842 527 73:2.407239e6
260 402 33 990 424 522 194 578 198 527 73:2.464279e6
402 33 990 194 842 198 424 527 73 522:2.439253e6
260 402 493 33 990 842 198 424 527 73:2.400707e6
260 402 33 424 522 493 194 842 198 527 73:2.354484e6
44:3.81427e6
260 402 493 33 990 73 198 424 527:2.395532e6
73:2.409304e6
260 402 33 990 424 194 578 198 842 527 73:2.299896e6
260 402 493 33 990 73 198 424 527 522:2.570425e6
402 33 990 424 522 493 194 578 198 842 527:2.310433e6
402 493 33 990 194 842 73 424 527 522:2.383342e6
402 33 990 424 522 493 194 842 198 527 73:2.627278e6
260 493 33 990 194 578 198 424 73 522:2.293702e6
33 990 424 522 493 194 578 198 842 527 73:2.48305e6
402 33 990 194 578 198 424 842 527 73:2.299027e6
260 402 33 990 578 198 424 527 73 522:2.406469e6
402 493 33 578 198 424 527 73 522:2.307623e6
402 493 33 990 73 424 527 522:2.305621e6
539:3.421083e6
260 402 33 990 424 522 194 842 198 527 73:2.433372e6
33:2.62771e6
176:4.009408e6
402 493 990 194 578 198 424 527 73 522:2.32762e6
260 402 493 33 990 842 73 424 527 522:2.328111e6
695:2.365605e6
402 33 990 842 198 424 527 73 522:2.380213e6
402 493 33 990 194 842 198 424 527 73:2.462956e6
260 33 990 424 522 493 194 578 198 842 73:2.297126e6
402 33 990 194 73 198 424 527 522:2.431138e6
402 493 33 990 194 578 73 424 527 522:2.395464e6
260 402 33 990 424 493 194 578 198 842 527 73:2.482056e6
493 33 990 578 198 424 527 73 522:2.411761e6
260 402 33 990 424 522 493 194 578 73 527:2.408818e6
260 402 493 33 990 578 198 424 527 73:2.423886e6
260 402 33 990 424 522 493 194 73 198 527:2.629465e6
260 402 493 33 194 73 198 424 527 522:2.356297e6
493 33 990 194 578 198 424 527 73:2.2847e6
260 402 33 990 842 198 424 527 73 522:2.377899e6
260 402 33 990 73 198 424 527 522:2.38378e6
141:2.371275e6
260 33 990 424 522 493 194 842 198 527 73:2.453925e6
402 493 33 990 194 842 198 424 527 522:2.286575e6
260 493 33 990 73 198 424 527 522:2.399197e6
33 990 194 578 198 424 842 527 73 522:2.29261e6
260 402 493 33 842 198 424 527 73 522:2.299011e6
260 402 33 424 522 493 578 198 842 527 73:2.321465e6
260 402 33 990 424 522 493 194 578 198 73:2.459624e6
260 402 990 424 522 493 194 578 198 527 73:2.348456e6
615:3.55503e6
260 402 33 990 424 522 493 194 578 842 527 73:2.40303e6
260 402 33 990 424 522 578 198 842 527 73:2.397249e6
260 402 990 424 522 493 194 842 198 527 73:2.33203e6
402 493 33 990 73 198 424 522:2.364068e6
260 402 493 33 990 73 424 527 522:2.326993e6
260 402 33 990 424 522 493 194 578 198 527 73:2.650234e6
707:2.502414e6
884:4.587984e6
402 493 33 990 194 842 198 424 73 522:2.438224e6
260 493 33 990 194 578 198 424 527 73:2.30648e6
402 493 990 194 842 198 424 527 73 522:2.324306e6
493 33 990 194 578 198 424 842 527 73:2.313309e6
260 402 33 990 424 522 194 578 198 842 527 73:2.451492e6
402 493 33 990 842 198 424 527 73:2.401825e6
402 493 33 990 73 198 424 527:2.379087e6
420:3.252258e6
402 493 33 990 194 578 198 424 73 522:2.45384e6
402 33 990 424 493 194 578 198 842 527 73:2.491192e6
402 33 990 424 522 493 194 578 198 527 73:2.653008e6
260 402 33 990 424 522 493 578 842 527 73:2.348787e6
402 493 33 990 578 73 424 527 522:2.334087e6
402 493 33 990 194 578 198 424 527 73:2.47536e6
607:2.427258e6
402 493 33 990 578 198 424 73 522:2.392463e6
260 493 33 990 194 73 198 424 527 522:2.459221e6
402 493 33 990 194 73 198 424 527 522:2.627788e6
351:2.326644e6
402 493 33 990 578 198 424 527 73 522:2.591631e6
260 402 33 990 194 73 198 424 527 522:2.44282e6
402 33 990 424 522 493 578 198 842 527 73:2.591349e6
402 33 990 424 522 493 194 578 198 842 527 73:2.649159e6
402 493 33 990 842 198 424 73 522:2.379184e6
260 402 33 990 424 493 194 578 198 527 73:2.483787e6
542:2.395222e6
260 402 493 33 990 194 578 198 424 73:2.286175e6
391:2.343715e6
402 493 990 578 198 424 842 527 73 522:2.290046e6
260 33 990 424 522 194 578 198 842 527 73:2.295631e6
260 402 493 990 194 73 198 424 527 522:2.325649e6
260 402 493 33 990 73 198 424 522:2.37787e6
402 33 990 578 198 424 842 527 73 522:2.404014e6
402 493 33 990 194 73 198 424 527:2.443785e6
260 493 33 990 194 842 198 424 527 73:2.28903e6
402 493 33 842 198 424 527 73 522:2.296696e6
260 402 990 424 522 493 194 578 198 842 527 73:2.351498e6
260 402 33 990 424 522 493 842 198 527 73:2.555919e6
116:3.187296e6
260 33 990 424 522 493 194 578 198 842 527 73:2.476066e6
267:2.438756e6
260 402 33 990 424 493 194 578 198 842 73:2.296503e6
889:2.415468e6
260 402 33 990 424 522 493 578 198 842 73:2.396028e6
260 402 493 33 73 198 424 527 522:2.297257e6
402 33 990 578 198 424 527 73 522:2.395671e6
402 493 33 990 578 842 424 527 73 522:2.349429e6
493 33 990 194 578 198 424 527 73 522:2.474122e6
260 402 33 424 522 493 194 578 198 527 73:2.38086e6
260 402 33 990 424 522 493 194 578 198 527:2.305577e6
493 33 990 194 578 198 424 842 73 522:2.295552e6
402 493 33 194 578 198 424 527 73 522:2.369e6
260 402 33 424 522 493 194 578 198 842 527 73:2.375708e6
70:2.635554e6
402 493 33 990 842 198 424 527 73 522:2.568238e6
402 33 990 424 522 194 578 198 842 527 73:2.461824e6
260 402 33 990 424 522 493 194 578 198 842 527 73:2.628822e6
260 493 33 990 578 198 424 527 73 522:2.425907e6
240:3.12708e6
662:3.1008e6
260 402 493 33 990 578 73 424 527 522:2.351008e6
402 493 990 194 73 198 424 527 522:2.300362e6
260 402 493 33 990 578 198 424 73 522:2.401814e6
74:4.15584e6
260 402 33 990 424 522 493 578 198 527 73:2.592424e6
402 493 33 990 194 73 198 424 522:2.426675e6
260 402 33 990 424 522 493 194 842 198 527 73:2.611392e6
402 33 990 424 522 493 194 578 198 842 73:2.46205e6
402 493 33 194 73 198 424 527 522:2.339986e6
260 402 493 990 578 198 424 527 73 522:2.290277e6
402 33 990 194 578 198 424 527 73 522:2.457048e6
920:3.275244e6
428:2.603987e6
260 402 493 33 990 842 198 424 73 522:2.375423e6
260 402 33 990 424 493 578 198 842 527 73:2.425722e6
260 402 33 990 194 578 198 424 527 73:2.293002e6
402 493 33 194 842 198 424 527 73 522:2.355736e6
260 33 990 424 493 194 578 198 842 527 73:2.317526e6
260 402 33 990 424 522 493 194 842 73 527:2.383584e6
493 33 990 578 198 424 842 527 73 522:2.424256e6
493 33 990 73 198 424 527 522:2.3806e6
260 33 990 194 578 198 424 527 73 522:2.295641e6
402 493 33 990 194 73 424 527 522:2.368228e6
402 990 424 522 493 194 578 198 842 527 73:2.348225e6
284:2.95753e6
402 493 33 990 578 198 424 842 73 522:2.40424e6
260 402 33 990 424 522 493 194 842 198 527:2.283869e6
218:2.798985e6
260 493 33 990 842 198 424 527 73 522:2.397468e6
894:2.506064e6
260 402 990 424 522 493 578 198 842 527 73:2.296886e6
402 493 33 578 198 424 842 527 73 522:2.323601e6
402 493 33 990 194 578 198 424 527 522:2.295171e6
402 493 33 990 842 73 424 527 522:2.324302e6
