5 56 29 7 58 52 60 66 40 34 36 62
5 56 34 7 29 52 60 62 40
64 56 29 7 58 52 60 66 40 34 42 62
34 56 29 7 58 52 9 60 40
5 34 29 7 58 9 60 62 40
56 29 36 52 60 58 62 40
56 29 7 58 52 60 66 48 34 36 9 62
5 34 29 36 52 60 58 62 40
56 29 7 58 52 60 66 40 48 9 62
56 29 7 58 52 60 66 40 34 42 62
56 29 7 58 60 40 34 36 9 62 3
5 34 29 7 58 52 60 62 40 48
34 56 29 7 52 9 60 62 40 48
34 56 29 7 58 9 60 62 40
34 56 29 7 36 58 60 62 48
34 56 29 7 36 9 60 66 62 40
56 29 7 58 52 60 62 40 48
34 56 29 7 36 52 9 60 62 40
5 56 29 7 58 60 66 40 34 36 9 62 3
34 29 7 36 58 9 60 66 62 40
34 56 29 7 36 58 9 60 66 62
5 56 34 7 29 58 52 9 62 40
5 56 29 7 58 52 60 66 40 34 62
5 56 34 7 29 36 52 58 62 40
5 56 29 7 58 52 60 66 40 48 34 36 42 62
56 29 7 58 52 40 34 36 9 62 3
56 29 58 60 66 40 48 34 36 9 62
56 29 7 52 60 40 34 36 9 62 3
5 56 34 29 58 52 60 62 40
56 29 7 58 52 60 46 40 34 36 62
5 56 29 58 52 60 40 48 34 36 62
5 56 34 7 29 58 52 60 62 40
56 29 7 58 52 60 40 48 34 36 62 3
29 7 58 52 60 40 48 34 36 9 62
