1024 404 1236 237 287 414 244 1340
1024 1446 1236 237 404 287 414 1512
1024 404 1236 237 287 414 244 1512
1024 1446 1236 237 287 414 244 1512
1186 1024 1236 237 287 414 244 1512
94 1024 404 1236 237 287 414 1340
1024 1446 1236 237 404 287 414 1340
1024 1446 1236 237 287 414 1512 271
94 404 1236 237 287 414 1340 1512
1024 1446 1236 237 287 414 1340 1512
404 1236 237 287 414 244 1340 1512
1024 1236 237 287 414 1340 1512 271
1024 1236 237 287 414 244 1512 1436
94 404 1236 237 287 414 244 1512
271 1024 1236 237 287 414 1512 1436
94 1024 1236 237 287 414 1512 271
94 1024 1236 287 414 244 1340 1512
1446 404 1236 237 287 414 1340 1512
94 1236 237 287 414 1340 1512 271
1024 1236 237 287 414 1340 1512 1436
94 1024 1446 1236 237 287 414 1512
1024 404 1236 237 287 414 1340 1436
1024 404 1236 287 414 1340 1512 271
404 1236 237 287 414 1340 1512 271
1024 1446 1236 404 287 414 1340 1512
94 1024 1236 237 287 414 1512 1436
1024 404 1236 287 414 244 1340 1512
1186 1024 404 1236 287 414 1340 1512
94 1024 404 1236 287 414 1340 1512
404 1236 237 287 414 1340 1512 1436
1186 1024 1236 237 287 414 1340 1512
1024 1446 1236 237 287 414 1512 1436
271 1236 237 287 414 1340 1512 1436
1024 404 1236 237 287 414 1512 271
94 1236 237 287 414 244 1340 1512
94 1024 1236 237 287 414 1340 1512
1024 1236 237 287 414 244 1512 271
1446 1236 237 287 414 244 1340 1512
94 1024 1236 237 287 414 244 1512
1024 1236 237 287 414 244 1340 1512
1186 404 1236 237 287 414 1340 1512
1044
470
1427
1527
441
1367
218
1456
1543
728
773 594 327 1342 617
773 620 594 1342 617
773 664 594 1342 617
773 1096 594 327 617
773 321 594 1342 617
773 1096 594 1342 617
1024 404 1236 287 414 1340 1512
1024 1236 237 287 414 1340 1512
1024 404 1236 237 287 414 1512
404 1236 237 287 414 1340 1512
620
1342
617
594
773
1340
1512
287
414
1236
