34 56 29 7 58 60 66 62 3 40:7.1393388e7
5 56 29 7 58 52 60 40 48 34 62:7.364667e7
56 29 7 58 52 9 60 66 62 40:7.1276618e7
56 29 58 52 60 66 40 48 34 36 62:7.3045423e7
56 29 7 36 52 60 58 62 40:7.3971942e7
56 29 7 58 60 66 40 48 34 9 62:7.1346328e7
34 56 29 7 58 52 31 60 62 40:7.2078053e7
34 56 29 7 58 52 60 62:7.0919697e7
56 29 58 52 60 40 48 34 36 9 62:7.3168665e7
5 56 29 7 58 60 40 34 9 62 3:7.0198976e7
56 29 7 58 52 60 40 48 34 9 62:7.4613056e7
34 56 29 7 58 60 66 62 40 48:7.2669267e7
56 29 7 58 52 60 40 34 36 31 62:7.1803418e7
64 56 34 7 29 58 52 60 62 40:6.9807422e7
56 29 7 58 60 66 40 48 34 36 62:7.5005355e7
5 56 29 7 58 60 40 48 34 9 62:7.064905e7
64 56 29 7 58 52 60 40 34 36 62:7.0084811e7
5 56 29 7 58 52 60 66 40 34 36 62 3:7.1563685e7
56 29 7 58 52 60 66 40 34 36 9 62:7.6676979e7
34 29 7 58 52 60 62 40:7.2777666e7
34 56 29 7 25 58 52 60 62 40:7.2115082e7
56 29 7 58 52 60 66 40 34 62 3:7.3451809e7
56 29 7 58 52 60 66 40 34 9 62 3:7.2508937e7
34 29 7 58 52 60 66 62 40:7.1788079e7
56 29 7 58 52 60 40 48 34 62 3:7.1100737e7
5 56 34 29 58 52 60 66 62 40:7.1731977e7
5 56 29 7 58 52 60 40 34 36 42 62:7.0358563e7
5 56 29 7 58 52 60 66 40 34 36 9 62:7.4902855e7
5 56 34 29 58 9 60 62 40:7.0647048e7
56 29 7 58 60 66 40 48 34 36 9 62:7.3318089e7
34 56 29 36 58 9 60 66 62 40:7.1128145e7
34 29 7 58 52 60 62 40 48:6.9976103e7
5 56 29 7 25 58 52 60 40 48 34 36 62:7.0220124e7
5 56 29 7 58 52 40 34 36 9 62:7.0275503e7
5 56 29 7 58 52 60 62 40:6.9938395e7
5 56 29 58 52 60 66 40 34 9 62:7.1656465e7
56 29 7 58 52 60 66 40 34 9 62:7.6929995e7
56 29 7 58 52 40 48 34 36 9 62:6.9849403e7
56 29 7 58 52 60 40 48 36 9 62:7.1790037e7
5 56 34 29 36 52 60 58 62 40:7.3201169e7
34 56 29 7 25 58 60 62 40:6.9989069e7
34 29 7 58 60 62 40:7.04114e7
5 56 29 7 25 58 52 60 40 34 36 62:7.0801585e7
56 29 7 52 60 66 40 34 36 9 62:7.0076385e7
34 56 29 58 52 60 62 40 48:7.1386866e7
5 56 29 7 58 52 60 66 40 48 34 36 62:7.5002472e7
56 29 7 58 52 60 62 40 48:7.015826e7
56 29 7 58 52 60 40 34 36 31 62 3:6.9919985e7
5 56 34 7 29 52 9 60 62 40:6.9862542e7
56 29 7 58 52 60 40 34 36 62 3:7.4828215e7
34 56 29 7 36 58 60 62 40 48:7.6157443e7
29 7 58 52 60 40 48 34 36 9 62:7.1093428e7
56 29 7 58 52 60 40 34 31 9 62:7.0342345e7
56 29 7 58 60 40 34 36 9 62 3:7.1742679e7
56 29 7 58 52 60 66 40 34 9 42 62:6.9934127e7
5 56 29 7 58 60 40 48 34 36 62:7.3818894e7
56 29 7 58 52 60 66 40 34 42 62:7.11594e7
34 56 29 7 58 60 62 3 40:7.2466251e7
29 7 58 52 60 66 40 48 34 36 9 62:6.9954285e7
34 56 29 7 36 60 62 40:7.0000844e7
5 56 29 7 58 52 60 66 40 48 34 36 62 3:7.0244382e7
5 29 7 58 52 60 66 40 34 9 62:6.9759637e7
34 56 29 58 52 60 62 3 40:6.9915111e7
34 56 29 7 58 52 9 60 62 40:7.8639281e7
34 29 7 36 52 9 60 58 62 40:7.2621051e7
56 29 7 36 52 60 58 62 40 48:7.2844296e7
56 29 7 58 60 62 40:7.0448115e7
34 56 29 58 60 66 62 40:7.0879079e7
56 29 7 58 52 60 40 34 36 9 62 3:7.3592568e7
5 56 29 7 58 52 60 40 48 34 36 62:7.5879898e7
34 56 29 7 36 58 9 62 40:6.9907853e7
5 56 29 7 58 52 9 60 62 40:7.0083907e7
34 29 7 36 58 60 66 62 40:7.0425279e7
34 56 29 58 52 9 60 62 3 40:6.9908263e7
5 56 34 29 36 58 60 66 62 40:7.0025995e7
34 56 29 7 58 60 66 62 40:7.5666039e7
56 29 7 58 60 66 40 34 9 62 3:7.0652165e7
34 56 29 36 58 9 60 62 40 48:7.1114866e7
56 29 7 58 52 60 40 34 36 9 62:7.8580036e7
56 29 7 25 58 52 60 40 34 36 9 62:7.106356e7
5 34 29 7 36 58 60 62 40:6.9841965e7
5 56 29 7 58 52 60 40 34 36 31 62:6.9874421e7
34 56 29 7 36 52 60 58 66 62:7.0494812e7
5 56 29 7 58 60 66 40 48 34 62:7.0857883e7
34 56 29 7 52 60 62 40:7.1489119e7
34 29 7 58 52 9 60 66 62 40:7.0936097e7
5 56 29 7 58 60 66 40 34 36 9 62:7.3051296e7
34 56 29 7 36 52 9 60 58 62:7.1185648e7
5 56 29 7 25 58 52 60 40 34 62:7.0025281e7
56 29 7 58 60 66 40 48 34 36 62 3:7.0382773e7
56 29 7 58 52 60 66 40 48 34 62 3:7.0276779e7
56 29 7 25 58 52 60 40 48 34 36 9 62:7.030143e7
34 56 29 7 58 9 60 62 40 48:7.2627255e7
5 29 7 58 52 60 40 34 36 9 62:7.0931535e7
5 56 29 58 52 60 66 40 48 34 36 9 62:7.0222166e7
34 56 29 36 58 60 66 62 40 48:7.0854757e7
34 56 29 7 58 52 60 62 40 48:7.5908488e7
5 56 34 7 29 58 60 62 40:7.5034111e7
34 56 29 36 52 60 58 66 62 40:7.392474e7
34 29 7 36 52 60 58 62 40:7.3769166e7
56 29 7 58 9 60 62 40:7.0617023e7
34 56 29 7 36 52 58 66 62 40:7.0187264e7
56 29 7 25 58 52 60 40 48 34 62:7.0312772e7
5 56 29 58 52 60 66 40 34 36 9 62:7.1570347e7
56 29 7 58 52 60 40 34 36 42 62:7.1905435e7
5 56 29 7 58 52 60 40 34 36 62 3:7.2643069e7
34 56 29 7 52 9 60 66 62 40:7.0034015e7
34 56 29 7 58 52 9 60 62:7.0941851e7
5 56 29 58 52 60 66 40 34 36 62:7.218175e7
5 56 34 7 29 36 52 60 62 40:7.0354275e7
56 29 7 58 52 9 60 62 40:7.2874976e7
34 29 7 36 58 60 62 40 48:7.0475367e7
34 56 29 7 36 58 60 62 40:7.7584238e7
56 29 7 36 58 60 62 40:7.1569191e7
34 56 29 7 36 52 60 62 40 48:7.1087348e7
56 29 7 36 58 60 66 62 40:7.0142828e7
56 29 7 58 52 60 66 40 48 34 36 62 3:7.2280738e7
5 56 29 7 58 52 60 66 40 34 9 62:7.5362569e7
5 56 29 7 58 52 60 40 34 36 9 62 3:7.1525574e7
5 56 29 7 58 52 60 66 40 34 9 62 3:7.0900354e7
34 56 29 36 52 60 58 62 40:7.524652e7
34 56 29 7 36 52 58 62 40:7.2685595e7
34 29 7 58 9 60 62 40:7.011645e7
56 29 7 58 52 60 40 48 34 9 62 3:6.9846519e7
56 29 7 58 52 60 66 62 40:7.1621943e7
56 29 7 36 52 60 58 66 62 40:7.2426674e7
34 56 29 7 25 36 58 60 62 40:7.1043646e7
34 56 29 7 58 52 60 66 62:6.9884619e7
34 56 29 7 58 60 62 40:7.6982876e7
5 56 29 7 36 52 60 58 62 40:7.0635713e7
34 56 29 7 52 9 60 62 40:7.1430989e7
5 56 29 7 58 52 60 40 34 9 62 3:7.2043702e7
5 34 29 7 58 52 60 66 62 40:7.0520801e7
5 29 7 58 52 60 66 40 34 36 62:7.1083272e7
34 56 29 36 52 60 58 62 40 48:7.4021717e7
34 56 29 7 58 31 60 62 40:7.0256714e7
5 56 29 7 58 52 60 40 34 42 62:7.0428958e7
5 56 34 7 29 58 52 9 62 40:7.0209156e7
5 56 34 29 36 58 9 60 62 40:7.0835387e7
56 29 7 58 52 60 66 40 48 36 62:7.1619301e7
56 29 7 58 52 60 66 40 34 36 62:7.8236244e7
34 56 29 7 36 52 60 62 40:7.2288997e7
56 29 58 52 60 66 40 48 34 36 9 62:7.1932865e7
56 29 7 58 52 60 66 40 34 31 62:7.0896411e7
34 56 29 7 36 58 9 60 62 40:7.6533613e7
5 56 29 58 52 60 66 40 48 34 36 62:7.1178308e7
5 56 29 58 52 60 40 48 34 36 62:7.1834391e7
56 29 7 58 52 60 40 48 34 36 62:7.834205e7
56 29 7 58 52 60 40 48 34 36 62 3:7.3215022e7
5 56 29 7 58 52 60 66 40 34 36 62:7.6261715e7
56 29 7 25 58 52 60 40 34 36 62:7.3105719e7
56 29 7 58 52 60 66 40 34 36 42 62:7.1138433e7
56 29 7 36 58 9 60 62 40:7.1153656e7
56 29 7 25 58 60 40 48 34 36 62:7.0622608e7
5 56 34 7 29 36 52 60 58 62:6.9795135e7
56 29 7 58 60 66 40 34 36 62 3:7.1520337e7
5 56 29 58 52 60 40 34 36 9 62:7.2867003e7
56 29 58 52 60 66 40 48 34 9 62:6.9791707e7
34 56 29 7 36 52 9 58 62 40:7.2003324e7
5 29 7 58 52 60 66 40 48 34 36 62:7.0167091e7
5 29 7 58 52 60 40 48 34 36 62:7.0716228e7
5 56 34 29 58 52 9 60 62 40:7.2775534e7
56 29 7 58 52 60 66 40 48 34 9 62:7.324298e7
34 56 29 58 52 60 66 62 40 48:7.0539224e7
34 56 29 7 36 52 60 58 62 40:7.9858741e7
56 29 7 25 58 52 60 40 34 9 62:7.0542752e7
34 56 29 36 52 60 58 62 3 40:7.0474229e7
56 29 7 58 60 40 48 34 36 62 3:7.1246042e7
34 56 29 58 52 9 60 62 40:7.4460773e7
34 56 29 7 36 52 58 62 40 48:7.0975623e7
5 56 29 7 58 52 60 66 40 34 62:7.6186252e7
5 56 29 7 58 52 60 66 40 34 36 9 62 3:7.0220395e7
34 56 29 58 52 9 60 62 40 48:7.0904567e7
34 56 29 7 36 58 60 66 62 40:7.6067918e7
5 34 29 7 58 52 60 62 40:7.1237519e7
5 56 29 7 58 52 60 66 40 48 34 9 62:7.1514244e7
34 56 29 7 58 60 62 40 48:7.3694607e7
5 56 29 7 58 60 66 40 34 9 62:7.341414e7
5 56 29 7 58 52 60 40 34 31 62:7.033645e7
5 56 34 7 29 58 60 62 3 40:7.062624e7
5 56 29 7 58 52 60 40 48 34 9 62:7.2527244e7
5 56 29 7 58 52 60 40 34 36 9 62:7.6448283e7
5 56 29 7 58 52 60 66 40 34 42 62:6.993627e7
34 56 29 58 52 60 66 62 40:7.3241375e7
34 56 29 36 58 9 60 62 40:7.2637379e7
34 29 7 36 52 60 58 62 40 48:7.2646159e7
5 34 29 7 36 52 60 58 62 40:7.1979005e7
56 29 7 25 58 52 60 66 40 34 62:7.072561e7
34 56 29 7 36 52 9 60 58 40:6.9830895e7
56 29 7 58 52 60 66 40 34 36 62 3:7.3487616e7
5 56 29 7 58 52 60 40 48 34 36 9 62:7.4415661e7
34 29 7 36 58 9 60 62 40:7.0596101e7
34 56 29 7 36 52 60 58 40:6.9833461e7
29 7 58 52 60 66 40 34 36 9 62:7.1120585e7
34 56 29 7 58 52 60 62 3 40:7.4610823e7
34 56 29 7 58 9 60 62 3 40:7.1957575e7
34 56 29 7 58 9 60 62 40:7.6495988e7
56 29 7 25 58 52 60 66 40 48 34 36 62:7.1219036e7
56 29 7 58 60 66 40 34 36 9 62:7.4734841e7
5 34 29 7 58 52 9 60 62 40:7.0778062e7
5 56 29 7 58 60 66 40 48 34 36 62:7.3014105e7
56 29 7 58 52 60 66 40 48 34 36 62:7.7098921e7
34 56 29 7 36 52 60 58 62:7.1729373e7
34 56 29 7 58 60 42 62 40:6.9778481e7
56 29 7 58 52 60 66 40 48 34 36 42 62:7.0057791e7
5 56 29 7 58 52 60 40 34 62 3:7.2661091e7
5 56 34 7 29 58 52 60 62 40:7.7281881e7
34 56 29 58 52 9 60 66 62 40:7.3042585e7
5 56 29 7 58 52 60 40 34 36 62:7.7536359e7
5 56 34 29 58 52 60 62 40:7.2570477e7
5 56 29 7 58 52 60 66 40 48 34 62:7.2875524e7
5 56 34 7 29 58 60 62 40 48:7.1556392e7
56 29 7 58 52 60 62 40:7.2947736e7
34 56 29 7 58 52 9 62 40:7.1712191e7
56 29 7 58 60 40 48 34 36 9 62 3:6.9855076e7
56 29 7 58 60 66 40 34 36 9 62 3:7.0261396e7
56 29 7 58 52 60 40 34 9 62 3:7.3898606e7
34 56 29 7 36 58 60 62 3 40:7.2774785e7
34 56 29 58 9 60 66 62 40:7.0906649e7
5 56 29 7 58 60 40 34 36 9 62 3:6.977199e7
5 56 29 58 52 60 40 48 34 36 9 62:7.1123224e7
34 56 29 7 52 60 66 62 40:7.0389337e7
56 29 7 58 52 60 40 48 34 36 9 62 3:7.1620515e7
56 29 7 25 58 52 60 66 40 34 36 62:7.1551828e7
34 56 29 7 58 52 60 42 62 40:7.1784862e7
56 29 7 25 58 52 60 40 48 34 36 62:7.2630188e7
56 29 7 58 52 60 66 40 48 34 36 9 62 3:7.0493865e7
5 56 29 7 58 60 66 40 48 34 36 9 62:7.1522914e7
5 56 29 7 58 60 40 34 36 9 62:7.4509467e7
5 56 29 7 58 60 66 40 34 62 3:6.9784582e7
56 29 7 58 52 60 66 40 34 36 31 62:7.0471823e7
5 56 29 7 58 52 60 40 36 9 62:7.0235338e7
56 29 58 52 60 66 40 34 36 9 62:7.3167211e7
34 56 29 36 52 9 60 58 62 40:7.4781074e7
56 29 7 58 52 60 66 40 48 34 36 9 62:7.5185467e7
34 29 7 36 58 60 62 40:7.1505958e7
29 7 58 52 60 66 40 48 34 36 62:7.1785835e7
5 56 29 7 52 60 40 34 36 9 62:6.9873897e7
5 56 34 29 36 58 60 62 40:7.0957297e7
34 29 7 36 52 60 58 66 62 40:7.2580096e7
34 56 29 36 58 60 62 40:7.2874573e7
56 29 7 58 52 60 66 40 36 9 62:7.1505474e7
5 56 34 7 29 36 52 58 62 40:7.0825869e7
34 56 29 36 58 60 62 40 48:7.1739666e7
34 56 29 58 60 62 40:7.1892951e7
56 29 58 60 66 40 48 34 36 9 62:6.9968559e7
5 56 34 7 29 58 60 66 62 40:7.4026255e7
5 56 29 7 58 52 60 40 48 34 36 62 3:7.0901596e7
34 56 29 7 36 52 60 66 62 40:7.0989732e7
34 56 29 7 36 52 9 60 62 40:7.166713e7
34 56 29 7 58 9 60 66 62 40:7.4890987e7
34 56 29 36 58 60 66 62 40:7.1659314e7
56 29 7 58 52 60 66 40 48 34 62:7.4792107e7
34 56 29 7 36 58 31 60 62 40:7.0067081e7
5 56 29 7 58 52 60 40 34 9 62:7.6732314e7
56 29 7 58 60 40 48 34 36 9 62:7.4720052e7
34 56 29 7 36 52 60 58 62 48:7.0523443e7
56 29 58 52 60 40 34 36 9 62 3:6.9943237e7
56 29 7 36 52 9 60 58 62 40:7.3314739e7
34 56 29 7 58 52 60 66 62 40:7.7931235e7
34 56 29 7 58 52 60 62 40:7.9354249e7
56 29 7 58 52 60 40 48 34 36 42 62:7.05972e7
56 29 7 52 60 40 48 34 36 9 62:7.0078715e7
56 29 7 58 52 60 40 34 9 42 62:7.0820816e7
56 29 7 36 58 60 62 40 48:7.0531441e7
5 56 29 7 58 52 60 66 40 34 62 3:7.174687e7
56 29 7 58 52 60 40 34 31 62 3:7.0363105e7
5 56 29 7 58 52 60 66 40 48 34 36 9 62:7.3299713e7
34 29 7 58 52 9 60 62 40:7.2242792e7
5 56 29 7 58 60 40 48 34 36 9 62:7.2566741e7
5 56 34 7 29 58 52 62 40:7.0209351e7
34 56 29 7 36 58 62 40:7.0355336e7
56 29 7 52 60 66 40 48 34 36 62:7.0116127e7
5 56 34 7 29 52 60 62 40:6.9804411e7
34 56 29 7 36 58 60 42 62 40:6.9989732e7
56 29 7 58 52 60 66 40 34 36 9 62 3:7.2027026e7
56 29 7 58 52 60 66 40 48 36 9 62:7.0334567e7
5 56 34 29 58 60 62 40:7.0229735e7
56 29 7 58 52 60 40 48 34 36 9 62:7.6676579e7
5 56 29 7 58 60 66 40 34 36 62:7.4198588e7
5 56 29 7 58 60 40 34 36 62 3:7.069936e7
5 56 34 7 29 36 58 60 62 40:7.5385459e7
56 29 7 58 52 60 40 34 36 9 42 62:7.0442184e7
34 56 29 7 58 52 62 40:7.1819063e7
5 56 34 7 29 58 9 60 62 40:7.4696628e7
34 56 29 58 9 60 62 40:7.2220208e7
34 56 29 58 52 60 62 40:7.4361768e7
