4441 185 4437 4435 7063 181 4439 4415 4405 3405 4427 4429 4433 18 261 266 189 171 4941:1.626130628e9
4441 4941 185 4437 4435 7063 181 4439 4415 4405 3405 4427 4429 4433 266 261 171 189 4431:1.663714567e9
4441 185 4437 4435 7063 181 4415 4405 3405 171 4429 4433 266 261 7113 189 4941:1.600649605e9
4441 4941 185 4437 4435 181 4439 4415 4405 3405 4427 4429 4433 266 261 7113 189 171 4431:1.59569706e9
4441 4941 185 4437 4435 7063 181 4439 4415 3405 4427 4429 4433 266 261 171 189 7093 4431:1.598002155e9
4441 4941 185 4437 4435 7063 181 4415 4405 3405 4427 171 4433 266 261 189 7093 4431:1.621122659e9
4441 4941 185 4437 4435 7063 181 4415 4405 3405 171 4429 4433 266 261 189 4431:1.615400447e9
4441 4941 185 4437 4435 7063 181 4439 4415 4405 3405 4427 171 4433 18 261 266 7113 189 7093 4431:1.601407425e9
4441 185 4437 4435 7063 181 4415 4405 3405 4427 171 4433 266 261 7113 189 4941:1.609547645e9
4441 4941 185 4437 4435 7063 181 4415 4405 3405 4427 171 4433 266 261 7113 189 7093 4431:1.620437867e9
4441 4941 185 4437 4435 7063 181 4439 4415 4405 3405 4427 4429 4433 266 261 171 4431:1.622049485e9
4441 4941 185 4437 4435 7063 181 4415 4405 3405 4427 171 4433 18 261 266 189 7093 4431:1.600453671e9
4441 4941 185 4437 4435 7063 181 4415 4405 3405 4427 4429 4433 18 261 266 189 171 4431:1.634503178e9
4441 4941 185 4437 4435 7063 181 4415 4405 3405 4427 171 4433 266 261 189 4431:1.624666537e9
4441 4941 185 4437 4435 7063 181 4415 3405 4427 4429 4433 266 261 7113 189 171 4431:1.595254542e9
4441 4941 185 4437 4435 7063 181 4439 4415 4405 3405 4427 4429 4433 266 171 189 4431:1.606275339e9
4441 4941 185 4437 4435 7063 181 4439 4415 4405 3405 4427 171 4433 18 261 266 7113 189 4431:1.603465795e9
4441 185 4437 4435 7063 181 4439 4415 4405 3405 4427 4429 4433 18 261 266 7113 189 171 4941:1.620529201e9
4441 185 4437 4435 7063 181 4439 4415 4405 3405 4427 4429 4433 266 261 7113 189 7093 171 4431:1.599706443e9
4441 185 4437 4435 7063 181 4439 4415 4405 3405 4427 171 4433 18 261 266 189 4941:1.594700648e9
4441 4941 185 4437 4435 7063 181 4415 3405 4427 4429 4433 266 261 171 189 4431:1.595266072e9
4441 4941 185 4437 4435 7063 181 4439 4415 4405 3405 171 4429 4433 18 261 266 7113 189 4431:1.595084265e9
4441 4941 185 4437 4435 7063 181 4415 4405 3405 4427 4429 4433 18 261 266 7113 189 7093 171 4431:1.625805945e9
4441 4941 185 4437 4435 7063 181 4439 4415 4405 3405 171 4429 4433 266 261 189 7093 4431:1.617567729e9
4941 185 4437 4435 7063 181 4439 4415 4405 3405 4427 4429 4433 266 261 7113 189 171 4431:1.600737007e9
4441 185 4437 4435 7063 181 4415 4405 3405 4427 4429 4433 266 261 7113 189 171 4431:1.597559897e9
4441 185 4437 4435 7063 181 4415 4405 3405 4427 4429 4433 266 261 7113 189 7093 171 4431:1.594354773e9
4441 4941 185 4437 4435 7063 181 4439 4415 4405 3405 4427 4429 4433 266 261 7113 189 171 4431:1.660906415e9
4441 185 4437 4435 7063 181 4439 4415 4405 3405 171 4429 4433 266 261 7113 189 7093 4941:1.603498339e9
4441 4941 185 4437 4435 7063 181 4415 4405 3405 171 4429 4433 266 261 189 7093 4431:1.612126389e9
4441 4941 185 4437 4435 7063 181 4439 4415 4405 3405 171 4429 4433 266 261 7113 189 7093 4431:1.617009187e9
4441 4941 185 4437 4435 7063 181 4415 4405 3405 4427 4429 4433 18 261 266 189 7093 171 4431:1.630974111e9
4441 185 4437 4435 7063 181 4439 4415 4405 3405 4427 4429 4433 266 261 171 189 4431:1.604861401e9
4441 185 4437 4435 7063 181 4415 4405 3405 171 4429 4433 266 261 189 7093 4941:1.598050041e9
4441 4941 185 4437 4435 7063 181 4439 4415 4405 3405 4427 4429 4433 266 261 171 7093 4431:1.619948252e9
4415 4405 3405 4427 171 266 189 4431 4441 185 4437 4435 7063 181 4439 4429 4433 18 261 7113 7093 4941:1.630720425e9
4441 4941 185 4437 4435 7063 181 4439 4415 3405 4427 4429 4433 266 261 7113 189 7093 171 4431:1.598228876e9
4441 4941 185 4437 4435 7063 181 4415 4405 3405 171 4429 4433 266 261 7113 189 7093 4431:1.611787237e9
4441 185 4437 4435 7063 181 4415 4405 3405 4427 4429 4433 266 261 7113 171 7093 4941:1.602235649e9
4441 185 4437 4435 7063 181 4439 4415 4405 3405 4427 4429 4433 266 261 171 189 4941:1.649204773e9
4441 185 4437 4435 7063 181 4439 4415 4405 3405 4427 4429 4433 266 261 7113 171 7093 4941:1.607575499e9
4441 185 4437 4435 7063 181 4439 4415 4405 3405 171 4429 4433 266 261 189 4941:1.606500443e9
4441 4941 185 4437 4435 7063 181 4439 4415 4405 3405 171 4429 4433 266 261 7113 189 4431:1.619936515e9
4441 185 4437 4435 7063 181 4439 4415 4405 3405 4427 4429 4433 18 261 266 189 7093 171 4941:1.622834913e9
4441 185 4437 4435 7063 181 4415 4405 3405 171 4429 4433 266 261 7113 189 7093 4941:1.598276389e9
4441 185 4437 4435 7063 181 4415 4405 3405 4427 171 4433 266 261 7113 189 7093 4941:1.606927019e9
4441 185 4437 4435 7063 181 4415 4405 3405 4427 4429 4433 18 261 266 7113 189 7093 171 4941:1.613080245e9
4441 4941 185 4437 4435 7063 181 4415 4405 3405 4427 171 4433 18 261 266 7113 189 7093 4431:1.596492945e9
4441 4941 185 4437 4435 7063 181 4439 4415 4405 3405 4427 4429 4433 266 261 171 189 7093 4431:1.658976239e9
4441 4941 185 4437 4435 7063 181 4415 4405 3405 4427 4429 4433 266 261 171 4431:1.616316575e9
4441 4941 185 4437 4435 7063 181 4415 4405 3405 4427 4429 4433 266 261 171 189 4431:1.658104777e9
4441 4941 185 4437 4435 7063 181 4439 4415 4405 3405 4427 171 4433 18 261 266 189 4431:1.608344408e9
4441 185 4437 4435 7063 181 4439 4415 4405 3405 4427 4429 4433 266 261 171 7093 4941:1.60555577e9
4441 4941 185 4437 4435 7063 181 4415 4405 3405 4427 171 4433 18 261 266 189 4431:1.603073198e9
4441 4941 185 4437 4435 7063 181 4415 4405 3405 4427 4429 4433 266 171 7113 189 7093 4431:1.598055239e9
4441 4941 185 4437 4435 7063 181 4439 4415 4405 3405 4427 4429 4433 18 261 266 189 7093 171 4431:1.636096551e9
4441 4941 185 4437 4435 7063 181 4439 4415 3405 4427 4429 4433 266 261 171 189 4431:1.600875862e9
4441 185 4437 4435 7063 181 4439 4415 4405 3405 171 4429 4433 266 261 7113 189 4941:1.606025995e9
4441 185 4437 4435 7063 181 4439 4415 4405 3405 4427 4429 4433 266 261 7113 189 7093 171 4941:1.643286269e9
4441 185 4437 4435 7063 181 4415 4405 3405 4427 4429 4433 266 261 7113 171 4941:1.603240595e9
4441 4941 185 4437 4435 7063 181 4415 4405 3405 4427 4429 4433 266 261 171 7093 4431:1.614386162e9
4441 4941 185 4437 4435 7063 181 4439 4415 4405 3405 4427 4429 4433 266 261 171 189 7103 4431:1.596516001e9
4441 4941 185 4437 4435 7063 181 4439 4415 4405 3405 4427 4429 4433 266 261 7113 171 4431:1.622960987e9
4441 185 4437 4435 7063 181 4415 4405 3405 4427 4429 4433 18 261 266 7113 189 171 4941:1.615478941e9
4441 4941 185 4437 4435 7063 181 4439 4415 4405 3405 4427 4429 4433 18 261 266 7113 189 171 4431:1.633605355e9
4441 4941 185 4437 4435 7063 181 4415 4405 3405 4427 4429 4433 266 261 7113 189 7093 171 4431:1.651575167e9
4941 185 4437 4435 7063 181 4439 4415 4405 3405 4427 4429 4433 266 261 171 189 7093 4431:1.598117649e9
4441 4941 185 4437 4435 7063 181 4439 4415 4405 3405 4427 4429 4433 266 171 7113 189 4431:1.605788583e9
4941 185 4437 4435 7063 181 4415 4405 3405 4427 4429 4433 266 261 7113 189 171 4431:1.595360617e9
4441 185 4437 4435 7063 181 4439 4415 4405 3405 4427 4429 4433 266 261 171 189 7093 4431:1.601140884e9
4441 185 4437 4435 7063 181 4439 4415 4405 3405 4427 171 4433 266 261 7113 189 7093 4941:1.612148969e9
4441 185 4437 4435 7063 181 4439 4415 4405 3405 4427 4429 4433 266 261 7113 189 171 4941:1.646995895e9
4441 4941 185 4437 4435 7063 181 4415 4405 3405 4427 4429 4433 18 261 266 7113 189 171 4431:1.628555095e9
4441 4941 185 4437 4435 7063 181 4439 4415 4405 3405 4427 171 4433 266 261 189 4431:1.630276327e9
4441 4941 185 4437 4435 7063 181 4439 4415 4405 3405 4427 4429 4433 266 261 7113 171 7093 4431:1.621395617e9
4441 185 4437 4435 7063 181 4439 4415 4405 3405 4427 4429 4433 266 261 171 4941:1.607217317e9
4441 185 4437 4435 7063 181 4439 4415 4405 3405 4427 171 4433 266 261 189 4941:1.615766533e9
4441 4941 185 4437 4435 7063 181 4439 4415 3405 4427 4429 4433 266 261 7113 189 171 4431:1.600630932e9
4441 4941 185 4437 4435 7063 181 4439 4415 4405 3405 4427 4429 4433 18 261 266 189 171 4431:1.639774388e9
4441 185 4437 4435 7063 181 4439 4415 4405 3405 4427 171 4433 266 261 7113 189 4941:1.614924035e9
4441 4941 185 4437 4435 7063 181 4439 4415 4405 3405 4427 171 4433 266 261 189 7093 4431:1.626563999e9
4441 4941 185 4437 4435 7063 181 4415 4405 3405 4427 4429 4433 266 261 171 189 7093 4431:1.653534899e9
4441 185 4437 4435 7063 181 4415 4405 3405 171 4429 4433 266 261 189 4941:1.600890653e9
4441 4941 185 4437 4435 7063 181 4415 4405 3405 4427 4429 4433 266 171 189 4431:1.600665549e9
4941 185 4437 4435 7063 181 4415 4405 3405 4427 4429 4433 266 261 171 189 4431:1.595390229e9
4441 185 4437 4435 7063 181 4439 4415 4405 3405 4427 4429 4433 18 261 266 7113 189 7093 171 4941:1.617994725e9
4441 4941 185 4437 4435 7063 181 4439 4415 4405 3405 4427 4429 4433 266 261 7113 189 7093 171 4431:1.656797117e9
4441 185 4437 4435 7063 181 4439 4415 4405 3405 4427 4429 4433 266 261 7113 171 4941:1.608736595e9
4441 4941 185 4437 4435 7063 181 4415 4405 3405 4427 4429 4433 266 261 7113 189 171 4431:1.655530025e9
4441 185 4437 4435 7063 181 4415 4405 3405 4427 171 4433 266 261 189 4941:1.610156743e9
4441 4941 185 4437 4435 181 4439 4415 4405 3405 4427 4429 4433 266 261 171 189 4431:1.595144686e9
4441 185 4437 4435 7063 181 4415 4405 3405 4427 171 4433 266 261 189 7093 4941:1.607046311e9
4941 185 4437 4435 7063 181 4439 4415 4405 3405 4427 4429 4433 266 261 171 189 4431:1.601000019e9
4441 185 4437 4435 7063 181 4415 4405 3405 4427 4429 4433 266 261 171 189 7093 4431:1.595553564e9
4441 4941 185 4437 4435 7063 181 4415 4405 3405 4427 4429 4433 266 171 7113 189 4431:1.600412193e9
4441 4941 185 4437 4435 7063 181 4415 4405 3405 171 4429 4433 18 261 266 189 4431:1.594338508e9
4441 185 4437 4435 7063 181 4415 4405 3405 4427 4429 4433 18 261 266 189 7093 171 4941:1.617712473e9
4441 185 4437 4435 7063 181 4415 4405 3405 4427 4429 4433 266 261 7113 189 7093 171 4941:1.638064319e9
4441 4941 185 4437 4435 7063 181 4439 4415 4405 3405 4427 4429 4433 266 171 189 7093 4431:1.603277827e9
4441 185 4437 4435 7063 181 4439 4415 4405 3405 171 4429 4433 266 261 189 7093 4941:1.603491381e9
4441 185 4437 4435 7063 181 4439 4415 4405 3405 4427 4429 4433 266 261 171 189 7093 4941:1.644899891e9
4441 4941 185 4437 4435 7063 181 4439 4415 4405 3405 171 4429 4433 18 261 266 189 7093 4431:1.597074981e9
4441 4941 185 4437 4435 7063 181 4415 4405 3405 4427 171 4433 266 261 7113 189 4431:1.623458165e9
4441 185 4437 4435 7063 181 4415 4405 3405 4427 4429 4433 266 261 171 189 4941:1.643594983e9
4441 185 4437 4435 7063 181 4415 4405 3405 4427 4429 4433 266 261 171 189 4431:1.599094351e9
4441 4941 185 4437 4435 7063 181 4439 4415 4405 3405 171 4429 4433 18 261 266 189 4431:1.599609718e9
4441 4941 185 4437 4435 7063 181 4439 4415 4405 3405 4427 4429 4433 266 171 7113 189 7093 4431:1.603277189e9
4441 185 4437 4435 7063 181 4415 4405 3405 4427 4429 4433 266 261 171 189 7093 4941:1.639458551e9
4441 4941 185 4437 4435 7063 181 7083 4415 4405 3405 4427 4429 4433 266 261 171 189 4431:1.596949419e9
4441 4941 185 4437 4435 7063 181 4439 4415 4405 3405 171 4429 4433 266 261 189 4431:1.621010237e9
4441 185 4437 4435 7063 181 4439 4415 4405 3405 4427 4429 4433 266 261 7113 189 171 4431:1.603076057e9
4441 185 4437 4435 7063 181 4415 4405 3405 4427 4429 4433 266 261 7113 189 171 4941:1.641619505e9
4441 185 4437 4435 7063 181 4415 4405 3405 4427 4429 4433 266 261 171 4941:1.601484407e9
4441 4941 185 4437 4435 7063 181 4439 4415 4405 3405 4427 171 4433 266 261 7113 189 4431:1.628834555e9
4441 4941 185 4437 4435 7063 181 4439 4415 4405 3405 4427 171 4433 266 261 7113 189 7093 4431:1.625659817e9
4441 4941 185 4437 4435 7063 181 7083 4439 4415 4405 3405 4427 4429 4433 266 261 171 189 4431:1.601906739e9
4441 4941 185 4437 4435 7063 181 7083 4439 4415 4405 3405 4427 4429 4433 266 261 171 189 7093 4431:1.597406648e9
4441 4941 185 4437 4435 7063 181 4415 4405 3405 4427 4429 4433 266 171 189 7093 4431:1.597836487e9
4441 4941 185 4437 4435 7063 181 4415 4405 3405 4427 4429 4433 266 261 7113 171 4431:1.617464987e9
4441 4941 185 4437 4435 7063 181 4415 4405 3405 4427 4429 4433 266 261 7113 171 7093 4431:1.616055767e9
4941 185 4437 4435 7063 181 4439 4415 4405 3405 4427 4429 4433 266 261 7113 189 7093 171 4431:1.598314667e9
4441 4941 185 4437 4435 7063 181 4439 4415 4405 3405 4427 171 4433 18 261 266 189 7093 4431:1.605576111e9
4441 185 4437 4435 7063 181 4415 4405 3405 4427 4429 4433 18 261 266 189 171 4941:1.620859418e9
4441 185 4437 4435 7063 181 4415 4405 3405 4427 4429 4433 266 261 171 7093 4941:1.59999368e9
4441 185 4437 4435 7063 181 4439 4415 4405 3405 4427 171 4433 266 261 189 7093 4941:1.612487651e9
4441 4941 185 4437 4435 7063 181 4415 4405 3405 4427 171 4433 18 261 266 7113 189 4431:1.598415535e9
4441 4941 185 4437 4435 7063 181 4415 4405 3405 171 4429 4433 266 261 7113 189 4431:1.614560125e9
