114 63 45 36 94 90 24 42 120
56 114 63 45 97 36 90 24 120
114 63 45 2 97 90 24 42 120 100
56 94 63 2 90 24 42 120
56 114 63 45 2 38 97 36 90 120
94 36 88
70 29 41 110 2 36 94 90 66 102
29 55 110 90 24 102 57 70 41 2 36 38
56 63 45 2 38 36 90 120 100
56 2 36 38 90 24 42 120 100
56 94 63 97 38 36 24 42 120 100
94 110 90 24 66 102 57 70 41 97 38 36
94 11 97 38 36 90
114 63 45 2 38 36 94 90 120 100
29 55 94 24 66 102 57 70 41 2 97
56 114 94 2 97 36 24 42 120 100
94 45 2 38 36 90 24 120 100
56 94 90 128 57 1 41 67 97 38 36 104
56 114 63 45 2 36 94 24 120 100
56 114 94 24 63 45 97 38 36 42 120 100
55 94 24 66 102 57 70 41 2 36 38
56 71 90 128 23 57 1 41 67 97 38 31 104 36
94 2 97 38 36 90 24 42 120 100
56 114 94 90 63 45 2 38 97 36 120 100
114 94 2 97 38 36 90 24 120 100
56 114 94 90 24 63 45 36 38 42 120 100
55 94 110 90 66 102 57 70 41 2 38
56 114 94 24 2 97 38 36 42 120 100
56 94 71 128 23 57 1 41 67 97 38 36 104
29 55 110 94 90 24 66 57 70 41 2 36
41 67 97 38 36 104 90 23
114 94 90 24 63 45 2 38 97 36 120 100
94 63 2 97 38 36 24 42 120 100
114 63 2 36 94 90 24 120
56 94 63 45 2 90 24 120 100
29 55 110 90 66 57 70 2 97 38 36
94 2 36 38 90 24
114 94 90 63 45 2 38 97 36 42 120 100
56 97 36 90 120
