29 43 18 31 12 24 17:2.97481687e9
43 21 18 31 12 24 8:2.987186538e9
41 43 29 21 18 31 12 28:3.280828062e9
29 43 16 18 31 28 17:3.307432162e9
29 43 21 16 31 28 17 1:3.020606599e9
59 29 43 21 18 31 12 28 17 1:3.023373558e9
29 43 21 27 16 31 12 28:3.463151135e9
29 21 16 31 12 28:3.594585334e9
59 29 43 21 18 12 28:2.999351012e9
29 21 16 31 12 1:3.168716652e9
29 43 21 38 31 18 12:3.082274972e9
59 29 43 21 16 31 12:3.468934005e9
41 43 29 18 31 12 28 17 1:2.93808616e9
29 16 12 28 17 59 43 21 27 18 31:3.26141338e9
29 43 21 27 18 12 28:3.086574871e9
59 41 43 29 21 31 12 17:3.159468971e9
29 43 16 18 31 12 1:3.280303771e9
59 29 43 21 16 31 12 28 17:3.433841072e9
59 16 43 21 31 12 28 17:3.311873399e9
43 21 18 31 28:2.985301926e9
59 29 21 18 31 12 17:3.096244796e9
29 21 16 18 31 28:3.228818746e9
15 43 29 27 21 31 16 18 12:3.140975706e9
29 43 21 31 12:3.541079782e9
29 21 16 31 12 28 8:2.992069655e9
41 43 29 21 16 18 12 28 17:3.134847974e9
59 29 43 21 16 18 31 12 17 1:3.228645427e9
59 29 21 16 31 12 17 1:2.951793814e9
21 18 31 12 28 17:3.239634465e9
59 29 43 21 27 31 12 28:3.004530947e9
16 21 18 31 12 24 28 8 17 1:2.96857596e9
16 43 21 31 12 17:3.49041671e9
29 16 12 24 8 17 59 43 21 18 31:3.128078605e9
59 41 43 29 21 31 12 28:3.03975134e9
59 29 16 18 31 12 28:3.117441109e9
29 43 25 16 31 12 28 17:2.95626619e9
41 43 29 16 31 12 17:3.18083801e9
29 16 12 24 28 8 17 43 21 27 18 31:2.988333264e9
41 29 21 27 16 31 18 12 28 17:3.148726189e9
41 43 29 18 31 12 28:3.15694463e9
29 43 21 16 18 31 12 24 17 1:3.092646411e9
41 29 21 31 12 17:2.949182122e9
16 43 21 27 31 12 17:3.323283803e9
29 43 18 31 12 24 28:3.072773993e9
15 21 16 18 31 12 28:2.940028507e9
15 43 29 21 16 31 18 12:3.327635069e9
29 21 27 18 31 12 28:3.256731068e9
29 43 21 27 18 12 17:3.127273423e9
41 43 29 18 31 12 28 17:3.206457667e9
29 43 21 16 18 31 12 8:3.254429755e9
41 43 29 21 16 31 12 17:3.459936356e9
41 29 21 16 18 31 12 17:3.341064641e9
16 43 21 38 31 18 12 28:2.987110166e9
59 16 43 21 31 12 28:3.263951811e9
16 43 21 31 12 17 1:3.235334253e9
29 43 21 27 16 31 28 17:3.127888595e9
29 43 16 18 31 12 8 17 1:2.968245402e9
16 43 21 27 38 31 18 12 17:2.940810768e9
29 43 21 31 28:3.136367194e9
29 43 21 16 28 17:2.99916383e9
59 41 43 29 21 18 31 12 28 17:3.157325594e9
59 41 29 21 16 31 12:3.038505296e9
29 21 16 18 12 28 17:3.35006618e9
15 29 21 16 31 12:2.962395641e9
41 43 29 27 21 31 18 12:3.123607258e9
59 29 43 21 27 16 18 12 28 17:2.967111003e9
29 43 21 16 31 12 24 17:3.33151708e9
59 29 43 21 16 18 31 12 1:3.189393311e9
29 43 16 18 31 28 1:3.002121808e9
29 43 18 31 12 28 8:3.001647455e9
16 43 21 31 28:3.084793106e9
59 29 43 21 16 31 28:3.041399879e9
29 43 16 31 12 24 28 17:3.189380341e9
29 43 18 31 12 24 8 17:3.113332462e9
29 43 21 27 16 18 12:3.309010003e9
41 43 29 21 16 18 12:3.094676707e9
29 21 18 31 12 28 17:3.572218845e9
16 43 21 27 18 31 12 24 28:2.954910549e9
15 43 21 18 31 12 28 17:2.998067631e9
16 21 18 31 28 17:2.941584822e9
29 21 16 27 31 12 28 17:3.390673191e9
41 43 29 21 16 31 18 24 12:3.019839787e9
29 43 21 16 18 12 8:2.968884707e9
15 29 21 18 31 12 28:2.971729449e9
29 43 21 27 18 31 12:3.456812236e9
16 12 24 28 8 17 43 21 27 18 31:2.964953143e9
29 21 16 18 31 28 1:2.967234973e9
16 43 21 31 12 24 8:3.076209376e9
16 43 21 18 31 12 24 28 17 1:3.008538797e9
41 43 29 21 18 31 12 28 1:2.935489697e9
41 43 16 31 12 28 17 1:2.942251403e9
16 43 21 31 12 1:3.181783489e9
16 18 31 12 28:3.079254605e9
29 43 21 18 31 12 8 17:3.129742979e9
29 16 12 17 59 41 43 21 27 18 31:3.226416306e9
15 43 29 16 18 31 12:3.056678187e9
29 43 16 31 12 17 1:3.218302825e9
29 16 18 31 12 24 28 8 17:3.197002088e9
41 29 21 18 31 12:3.025920903e9
43 31 12 28 1:3.004575579e9
29 43 21 16 12 24 17:2.981585597e9
29 43 16 18 31 12 28 17 1:3.403176515e9
15 43 29 18 31 12 28 17:3.014698857e9
59 41 43 29 27 21 31 16 12:3.091542228e9
41 43 21 16 18 31 12 17:3.27865433e9
29 43 21 16 18 12 28 1:3.093329052e9
29 21 16 27 18 31 12 28:3.452896254e9
16 43 31 12 28:3.360629478e9
59 29 43 21 18 31 12 24 17:2.983965091e9
41 43 16 18 31 12 28 17 1:3.033601175e9
29 43 21 18 31 12 24 17 1:2.943516703e9
29 43 21 16 12 28 17:3.442113854e9
29 43 16 31 12 28:3.604000376e9
41 43 21 27 16 31 12 28 17:3.034510168e9
43 21 18 31 12 24 28 8 17:3.076365579e9
29 18 31 12 28 1:3.03305994e9
29 21 16 31 12 24:3.006392942e9
29 43 21 16 12 28:3.388226189e9
15 43 29 21 31 12 28:2.998173876e9
29 43 31 12 17 1:3.004538175e9
41 43 21 27 18 31 12 28 17:2.964932793e9
59 41 43 29 21 16 31 17:2.949816098e9
29 43 16 18 31 12 24 28 8 17:3.315684879e9
16 21 18 31 12 28 17:3.504824493e9
29 43 16 18 12 24 8 17:2.989105714e9
59 29 43 21 31 12 28 17 1:2.954070007e9
15 43 21 16 18 31 12:3.060686921e9
59 16 21 18 31 12 28:3.101449549e9
29 43 21 16 18 31 12 24 17:3.447741719e9
59 29 43 21 16 31 12 8 17:2.934931983e9
59 29 21 18 31 12:3.035224761e9
29 43 16 31 12 8:2.991681864e9
29 43 16 12 17:2.993850124e9
29 21 16 12 28 17:3.215078309e9
59 41 43 29 21 16 31 12 17:3.33670435e9
59 41 43 29 21 16 31 18 28 17:2.969286481e9
29 43 16 31 12 24 8:3.148783555e9
16 43 21 27 31 12:3.255590831e9
59 29 21 31 12 17:2.962293516e9
41 43 29 21 16 31 28:2.977104247e9
29 43 21 16 31:3.25786271e9
16 43 21 31 12 8 17:2.972405497e9
29 43 21 31 12 24 8:3.118300223e9
29 43 21 18 31 12 17:3.755713271e9
29 21 16 38 31 12:2.999681779e9
16 18 31 12 24 28 8 17 1:2.980898041e9
59 41 43 29 21 16 31 18 12 1:2.99113807e9
59 41 43 16 18 31 12 17:2.938859828e9
59 41 43 29 21 16 31 12:3.289814782e9
16 43 18 31 12 24 28 17:3.131413462e9
41 43 29 21 18 31 12 17 1:3.014884672e9
59 29 43 16 18 31 28:2.983904975e9
29 43 21 16 18 31 1:3.059998188e9
16 21 31 12 24 28 8:2.954517541e9
29 43 21 38 31 18 12 28 17:2.972915163e9
29 43 21 16 31 12 28 17 1:3.336661553e9
29 43 21 18 31 12 1:3.26437218e9
16 43 21 27 18 12 28:3.08027562e9
29 43 21 18 12 28 17:3.385164565e9
29 21 16 27 31 12 17:3.331849959e9
29 43 16 18 31 17:3.066651008e9
29 43 16 27 18 31 12 28 17:3.240299372e9
59 29 43 16 18 31 12 28:3.373470425e9
59 29 43 16 27 18 31 12 28 17:2.980573961e9
29 21 16 18 31 12 24 17:3.204334653e9
43 21 31 12 24 28 8 17:2.985691411e9
41 43 29 16 18 31 12 24 8 17:2.94386722e9
29 21 16 18 31 12 24 28 8 1:2.968931502e9
29 43 18 31 28:3.024917387e9
59 29 43 21 27 31 12:3.065558342e9
41 43 21 27 16 31 12 17:3.004985245e9
29 43 21 16 18 31 28:3.430781658e9
29 16 12 24 8 17 41 43 21 18 31:3.030569849e9
59 29 43 31 12 28:3.097145222e9
59 16 43 21 18 31 28:2.97261494e9
59 15 43 29 21 16 31 12:2.953051534e9
59 41 43 21 16 18 31 12:3.175109031e9
16 43 21 27 18 31 12 24 28 17:2.997985302e9
29 43 16 38 31 12 28 17:2.959944124e9
59 29 43 21 16 31 12 28 17 1:3.065056438e9
16 21 27 18 31 12 28 17:3.300059264e9
16 43 21 38 31 18 12 17:3.113741333e9
41 43 29 21 16 31 18 12 28 1:3.045377798e9
41 43 29 21 16 18 12 28:3.09085134e9
29 43 16 18 31 12 28 17:3.788775202e9
16 43 31 12 24 28:2.955656927e9
41 43 29 27 21 31 18 12 28 17:3.0874419e9
59 16 21 18 31 12 28 17:3.155242831e9
22 29 43 21 16 18 31 12 17:2.945205729e9
59 29 21 18 31 12 28:3.141916105e9
43 18 31 12 28 1:3.116460324e9
59 16 21 18 31 12 17:2.942117255e9
29 16 18 12 28 17:3.03113623e9
29 16 31 12 24 28 17:2.966497471e9
29 43 16 12 28 17:3.252088224e9
16 12 28 17 59 41 43 21 27 18 31:3.002377773e9
15 43 29 16 18 31 12 28 17:3.186702274e9
15 43 29 21 18 31 12 28:3.088962989e9
59 29 43 21 18 31 17:2.987670748e9
29 21 16 18 31 12 28 17:3.784296745e9
16 31 12 28 17 1:3.001955112e9
59 41 43 29 27 21 31 16 12 17:3.134212075e9
29 43 21 27 18 31 12 1:3.00063544e9
16 43 21 27 31 28 17:2.961851643e9
29 16 12 24 28 8 17 1 21 18 31:3.002165009e9
29 43 21 16 12 24 8:3.007348012e9
59 43 21 18 31 12 17:3.125969463e9
16 43 18 12 28 17:3.079954774e9
16 43 21 18 31 12 8:3.034133809e9
43 21 31 12 28 17:3.409085563e9
41 43 29 21 16 31 18 12:3.523390554e9
41 43 21 16 18 31 12 28:3.279768677e9
29 43 21 27 31 12:3.323897322e9
59 29 43 21 27 16 31 18 12:3.3653819e9
41 43 21 27 16 31 12 28:2.990393871e9
59 29 43 16 27 18 31 12 17:3.005688637e9
29 43 21 16 18 12 1:3.089523166e9
59 16 43 21 18 12 28:2.983012741e9
16 43 21 18 31 12 24 28 8:3.17677423e9
21 18 31 12 28 1:3.030796442e9
29 43 16 12 28 17 1:2.986846286e9
16 43 18 31 28 17:3.021349108e9
59 29 43 21 16 31 12 28:3.39140799e9
29 21 16 31 12 24 28 17:3.137920394e9
29 43 16 18 31 12:3.59593343e9
16 43 21 27 31 12 1:2.972198687e9
29 18 31 12 24 28 8 17:3.024816348e9
59 41 43 21 16 18 31 12 17:3.227432953e9
29 43 16 31 12 24 28:3.141002307e9
29 16 12 28 17 59 15 43 21 18 31:2.973852737e9
29 43 21 27 31 12 17 1:2.950357366e9
29 43 21 16 18 31 28 17:3.482554857e9
29 21 18 31 12 24 28 8:3.069508352e9
29 16 12 28 17 15 43 21 27 18 31:3.051356352e9
59 41 43 16 18 31 12 28 17:3.088154952e9
59 41 43 29 27 21 31 18 12 17:3.061992773e9
29 21 16 18 31 28 17 1:3.011405989e9
16 21 31 12 24 28 8 17:3.002527957e9
59 29 43 21 27 31 12 28 17:3.043412725e9
29 43 21 18 12 24 8 17:2.988070161e9
59 29 43 21 16 18 31 28:3.131648073e9
59 29 43 16 18 31 12 28 17 1:3.11389121e9
29 43 31 12 28 1:3.104810393e9
16 43 21 18 12 17:3.125145019e9
29 21 18 31 12:3.312516408e9
29 43 21 16 18 31 12 8 17:3.300935092e9
59 29 43 21 16 12:3.027778581e9
29 43 21 16 18 12 17:3.584042683e9
29 43 21 16 31 12 28 1:3.29831377e9
16 43 21 31 12 28 8 17:3.00734475e9
41 43 21 16 31 12 17:3.145668394e9
43 21 18 31 12:3.272330122e9
59 29 43 16 31 12 17 1:2.996750458e9
29 43 21 16 18 31 24 28 17:2.996492239e9
29 43 21 16 12 1:2.984611413e9
29 21 16 18 31 12 17:3.701618223e9
29 21 16 18 12 24 8 17:2.95259491e9
59 29 43 21 31 12:3.260496012e9
29 43 31 12 24 28 8:3.037253146e9
29 43 21 18 31 12 28:3.683166002e9
43 21 27 31 12 17:3.038867954e9
41 43 29 27 21 16 18 12 17:2.97986096e9
29 43 21 18 12 17 1:2.950026933e9
29 21 16 18 31 12 28 8:3.08290409e9
59 29 16 18 31 12 17:2.95120015e9
29 43 21 38 31 18 12 17:3.125405094e9
29 43 21 27 18 31 12 17 1:3.04291452e9
16 21 18 31 12 28:3.436137898e9
43 21 18 31 12 24 8 17:3.039676738e9
29 16 18 31 12 24 28 17:3.086588845e9
16 43 18 31 12 28 8 1:2.950294063e9
43 21 18 31 28 17:3.045524888e9
41 43 21 16 31 12 28 17 1:2.977529911e9
59 41 43 29 16 31 12 17:3.100556878e9
29 43 21 16 31 12 24:3.277785803e9
29 43 18 31 12 17 1:3.121047584e9
29 21 18 31 12 28:3.510453148e9
29 43 21 16 28:2.945182849e9
29 43 21 18 31 12 24 8 17 1:2.981237673e9
29 21 31 12 28:3.377071509e9
29 21 16 31 12 24 28 8 17:3.160192377e9
29 43 21 18 31 12 28 1:3.247681116e9
29 16 12 24 28 8 17 21 27 18 31:2.962485405e9
29 43 21 16 38 31 18 12 28:3.034668774e9
29 43 21 27 16 31 18 28 17:3.227233219e9
59 41 43 29 18 31 12 28 17:3.057850041e9
59 16 43 21 18 31 12 24 17:2.940973113e9
41 43 21 16 18 31 12 28 17:3.328145727e9
29 43 21 12 28 17:3.26653242e9
29 43 21 27 16 31:3.073012152e9
29 16 18 31 12 28:3.466561877e9
29 16 18 31 12:3.104161112e9
59 21 18 31 12 28 17:2.947428048e9
29 43 21 27 38 31 16 12 17:2.973434374e9
59 29 43 21 27 18 31 12 28:3.087465874e9
29 43 21 16 31 12 28 17:3.798106214e9
16 18 31 12 28 17 1:3.128845268e9
16 43 21 27 18 31 12 24 8:2.972768399e9
29 43 21 27 16 31 18 12 28 1:3.078604298e9
15 43 29 21 16 31 12 28 17:3.184152567e9
59 41 43 21 31 12 28 17:2.963255107e9
29 43 16 18 31 12 24 8 1:3.049576745e9
21 27 18 31 12 28 17:3.057063459e9
16 43 21 18 31 12 24 8 1:3.003607278e9
41 43 29 27 21 31 16 12 28 17:3.138109925e9
29 43 16 31 12 24 8 17 1:3.003467236e9
16 43 21 18 31 12 28 1:3.361303542e9
16 43 21 18 31 17:3.043219951e9
16 43 21 38 31 18 12 28 17:3.024767666e9
29 21 16 31 12 17:3.532456482e9
16 43 21 18 31 12 24 28 8 1:2.985348753e9
16 43 18 31 12 1:3.077508713e9
15 43 29 21 18 31 12:3.118989325e9
41 43 29 21 16 31 18 12 17 1:3.165880941e9
29 21 16 12 28 17 1:2.937956104e9
41 43 29 21 16 31 12 28 1:2.976829144e9
16 43 21 18 31 12 28 17 1:3.405284972e9
41 43 29 27 21 31 12:3.013764491e9
16 43 21 12 28 17:3.200562635e9
59 29 16 31 12 28 17:3.055918551e9
16 43 21 18 12 28:3.271926081e9
29 43 16 31 12 28 8:3.058602969e9
29 16 18 31 12 28 1:3.224489763e9
59 29 43 16 18 31 12 28 1:3.077718001e9
15 43 29 21 16 31 18 12 17 1:2.987842543e9
43 21 31 12 28 17 1:3.145763864e9
29 21 27 31 12 28:3.137345515e9
59 43 21 27 18 31 12 28:2.989807407e9
16 43 21 18 31 12 24 8:3.188696985e9
29 43 16 31 12 24 8 1:2.963485948e9
29 43 21 16 18 12 17 1:3.137714907e9
29 21 31 12 28 17:3.439001046e9
41 21 16 27 18 31 12 28 17:2.962238101e9
41 43 29 21 16 31 12 24 17:2.968820839e9
29 43 31 28 17:2.956777497e9
15 43 29 27 21 31 16 12 17:3.083641292e9
29 43 16 31 12 1:3.165868034e9
29 43 21 31 28 17:3.189509942e9
29 21 16 27 31 28 17:2.947523528e9
29 43 21 16 18 31 12 28 8:3.141911913e9
15 29 21 16 18 31 12 28:3.146661333e9
29 43 16 18 31 12 24 28 1:3.008496927e9
41 43 21 16 31 12 28 1:2.940373607e9
29 43 21 18 31 28:3.248042678e9
29 43 16 18 31 12 24 8 17:3.313907995e9
29 43 21 16 18 31 12 1:3.445940208e9
29 43 16 18 31 12 28:3.730219048e9
59 16 43 21 27 18 31 12:3.150671071e9
29 43 21 18 31 12 24:3.190913678e9
43 21 31 12 28 1:3.100954252e9
59 29 43 31 12 28 17:3.145485159e9
15 43 29 27 21 31 16 12 28 17:2.970878436e9
29 43 21 18 31 12 28 8 17:3.06273263e9
29 43 21 16 12 17:3.431425606e9
29 43 16 38 31 18 12:3.06306993e9
59 29 43 18 31 12:3.066191798e9
41 43 29 21 31 12 17:3.249789407e9
29 43 21 31 12 24 8 17:3.165308654e9
59 29 43 21 31 12 28:3.245879331e9
29 43 21 16 18 31 12 17:4.010505075e9
41 43 29 16 18 12 28:2.959661558e9
59 29 43 21 18 31 12 1:3.038752707e9
41 43 21 27 16 31 18 12 28 17:3.129208825e9
15 43 29 16 31 12 28 17:3.08570355e9
16 21 27 31 12 28:3.103032782e9
15 43 21 16 18 31 12 28:3.126634633e9
29 43 21 16 18 31 28 1:3.063756495e9
41 43 29 27 21 31 12 28 17:3.002976357e9
29 21 16 18 31 12 24 28:3.193097179e9
29 43 21 16 18 12 24:3.048112674e9
41 29 21 16 18 31 28 17:2.964959741e9
29 43 21 27 16 31 18 24 28 12:3.02829007e9
29 16 12 24 28 8 17 59 43 18 31:3.002859301e9
43 31 12 28 17:3.15846157e9
59 41 43 29 21 16 18 12 28 17:2.984840345e9
16 43 21 18 31 12 24 28 17:3.22753324e9
41 29 21 16 18 12 28 17:2.977914182e9
59 16 21 18 31 12 28 17 1:2.978710519e9
29 21 27 31 12 28 17:3.1925088e9
43 21 31 12 24 28 8:2.943279558e9
43 21 27 18 31 12 28 1:2.95012914e9
16 43 18 31 12 28:3.508058496e9
29 43 16 18 12 17:3.166172813e9
59 29 43 21 16 18 31 17:3.199845356e9
41 43 21 27 16 31 18 12 28:3.085196036e9
29 43 16 12 28:3.190727635e9
41 43 29 16 18 31 12 28 1:3.03393214e9
59 16 43 21 31 12:3.1796749e9
41 43 29 27 21 31 16 12 28:3.099189553e9
15 43 29 16 18 31 12 17:3.115759848e9
29 43 21 16 18 31 12 24 8 1:3.073418761e9
29 43 21 16 18 12 28:3.50289412e9
16 43 18 31 12 24 8 17 1:3.000155536e9
59 16 43 31 12 28 17:3.143960149e9
29 43 21 18 12 28:3.329888335e9
15 43 29 27 21 31 16 12:3.035121397e9
59 43 21 18 31 12 17 1:2.951457847e9
59 41 43 21 16 31 12 28 17:3.11424139e9
29 43 27 18 31 12 17:2.97114508e9
59 29 43 21 16 18 31 12 8 17:3.017499157e9
59 29 43 18 31 12 17:3.125555486e9
29 43 21 16 31 12 24 28 17 1:2.946754265e9
59 41 29 21 16 31 12 28 17:3.071751333e9
59 29 43 21 16 38 31 18 12 17:2.966929487e9
29 43 21 27 18 31 28 17:3.059201724e9
29 21 16 18 12:3.074332213e9
29 43 31 12:3.129640167e9
41 43 29 27 21 31 18 12 17:3.173835852e9
29 43 21 27 16 31 18 12:3.69221527e9
29 21 16 18 31 12 8:3.083964827e9
29 21 16 27 18 31 12 17:3.484153845e9
41 43 29 21 16 31 18 12 28 17:3.466004537e9
29 21 16 18 12 28 17 1:3.034914959e9
29 21 16 31 12 17 1:3.222936778e9
29 43 16 18 31 12 8 17:3.158784313e9
29 21 16 27 18 31 12 24 17:2.98888664e9
29 43 21 31 12 24 28:3.073000471e9
29 21 18 31 12 24 8:3.041235255e9
29 43 21 27 31 12 28:3.299156299e9
29 21 16 38 31 18 12 28 17:3.043686938e9
29 43 21 27 16 31 12 24:3.04773028e9
59 16 43 21 27 18 31 12 28:3.156489595e9
29 21 16 31 12 24 8 17 1:2.962079276e9
29 18 31 12 28 17:3.274950753e9
41 29 16 31 12 28:3.008957386e9
29 43 16 31 12 28 17 1:3.310226227e9
29 16 12 24 28 17 43 21 27 18 31:3.065958619e9
59 43 21 18 31 12 28:3.189337753e9
41 43 29 21 16 31 18 12 1:3.126090746e9
15 43 29 27 21 31 16 18 28 12:3.013550943e9
41 43 29 18 31 12:3.00820678e9
29 43 21 16 18 31 12 28 17:3.908104585e9
29 16 18 12 28:2.959948002e9
29 16 18 31 12 28 17:3.534598163e9
29 43 21 16 38 31 18 12 17:3.272743608e9
59 41 43 29 16 31 12 28 17:3.114734465e9
29 43 21 31 12 24:3.071767511e9
59 29 43 16 31 12 1:2.953340345e9
15 43 29 21 16 31 18 12 17:3.380828533e9
59 29 43 21 18 31 12 17:3.43258026e9
29 43 18 12 28 17:3.167404139e9
29 16 31 12 24 28 8:3.044093913e9
16 43 21 31 12 24 28 8 17 1:2.948641138e9
59 29 43 21 16 18 31 12 24 8:3.089995518e9
29 43 21 16 18 31 12 24 28:3.302141092e9
29 43 21 16 18 12 28 17:3.556626898e9
16 43 21 12 28 17 1:2.973896228e9
41 21 16 18 31 12 28 17 1:2.955357249e9
29 43 16 18 31 24 28 8 17:2.968058597e9
59 29 21 18 31 12 28 17:3.190660448e9
29 43 21 27 18 31 28:3.011888596e9
29 43 21 16 18 31 24 8:3.008801154e9
29 43 21 27 31 12 17:3.384432053e9
16 43 21 18 31 12 28 8:3.054888871e9
59 41 43 29 21 16 31 18 12:3.390731818e9
41 15 43 29 21 31 16 18 12 17:3.029118887e9
16 43 21 18 31 12 24 28:3.179575402e9
29 43 21 12 28:3.211100676e9
16 43 21 18 12:3.046420536e9
29 18 31 12 24 28 8:2.975107802e9
59 29 21 16 18 31 12 28 1:3.002889101e9
59 29 43 21 16 18 31:3.146613745e9
29 16 12 28 17 59 41 43 21 18 31:3.276010478e9
29 43 31 12 24 28 8 17:3.080434702e9
16 43 18 31 12 28 8 17:3.080449771e9
29 43 31 12 24 28 17:3.015931538e9
15 43 29 21 18 31 12 17:3.173130158e9
29 43 16 18 12 28 1:3.038253747e9
41 43 29 18 31 12 17:3.069557107e9
59 43 21 31 12 28 17:3.13313455e9
16 43 18 31 12 24 8 1:2.954463858e9
29 16 18 31 12 17 1:3.071650697e9
41 29 21 16 31 12 17:3.203396816e9
41 43 29 21 18 31 12 17:3.370345076e9
43 21 18 12 28:3.050434147e9
29 43 21 27 16 31 12 24 8 17:3.06931116e9
16 21 18 31 12 24 8 17:2.992983008e9
59 16 43 18 31 12 17 1:2.945082558e9
41 43 29 16 18 31 28 17:2.980769479e9
41 43 29 21 16 12 17:3.028781383e9
15 43 29 21 16 31 18 12 1:2.94916404e9
15 43 29 27 21 31 18 12:2.944791617e9
15 43 29 21 16 31 12 17:3.265226014e9
29 43 21 18 31 12 24 8 1:2.945473555e9
29 43 21 18 31 12 24 28 17:3.208299234e9
41 43 21 18 31 12 28 17:3.152632535e9
29 43 16 31 12 28 1:3.266722326e9
59 29 16 18 31 12 28 17 1:2.961601779e9
21 27 18 31 12 28:2.993971632e9
59 43 21 27 18 31 12 28 17:3.033908731e9
43 21 27 18 31 12:3.122352332e9
29 43 16 18 31 12 28 8:3.149538736e9
16 43 21 27 31 12 17 1:3.020339347e9
29 43 16 18 12 24 28 8 17:3.031611592e9
41 29 16 18 31 12 28 17 1:2.973520751e9
41 29 21 16 18 31 12 28 17 1:3.050430581e9
16 43 21 27 31 12 28 17:3.399485537e9
29 43 21 16 38 31 12 17:3.181765793e9
16 43 18 31 12 28 8 17 1:2.989207824e9
16 43 18 31 12 24 28 8 17:3.225868219e9
29 21 16 18 12 28 1:2.989680585e9
16 18 31 12 28 17:3.157636613e9
41 43 21 16 18 12 28 17:2.944848039e9
29 43 16 27 31 12 28:3.087571745e9
41 43 21 16 18 31 12 1:2.994378317e9
43 21 18 31 12 17 1:3.134194511e9
41 43 29 27 21 31 16 18 12 17:3.36665437e9
29 43 21 27 16 18 12 17:3.371763196e9
29 21 27 31 12 17:3.046149428e9
16 31 12 28 1:2.943768199e9
29 43 21 27 16 12 17:3.234161848e9
29 43 21 16 18 17:3.011134904e9
29 43 21 16 12 17 1:3.032906687e9
29 43 21 16 31 17:3.324056697e9
29 43 21 27 12 28:2.98029613e9
29 43 21 16 31 28:3.320228001e9
59 16 43 18 31 12 28 17 1:3.092685841e9
59 16 43 21 27 31 12 17:3.085436642e9
29 43 21 18 31 12 28 17 1:3.286623623e9
15 43 29 21 16 18 12 28 17:2.972866194e9
41 43 21 16 18 31 12 28 17 1:3.0564679e9
43 21 27 31 12 28 17:3.196498745e9
43 21 18 31 12 24 28 8:3.034050391e9
22 29 43 21 16 18 31 12 28 17:2.942737581e9
59 29 21 16 18 31 12 28 17:3.359758246e9
29 43 21 16 31 12 24 28 8:3.169774087e9
41 29 21 18 31 12 28:3.150482159e9
29 43 21 18 31 28 17 1:2.965611231e9
16 43 21 27 18 12 28 17:3.135567114e9
59 29 43 21 16 18 12:3.146345794e9
29 43 16 18 31 12 24 17:3.215287069e9
59 16 43 18 31 12 17:3.018087508e9
29 43 16 18 31 12 24 8 17 1:3.089478936e9
59 29 43 21 16 18 31 28 17:3.174020501e9
29 43 21 16 31 12 1:3.344330974e9
16 21 18 31 12 17 1:3.08563461e9
16 43 21 38 31 12 17:3.010524041e9
41 43 29 21 16 12:2.97276779e9
29 43 21 16 31 12 17 1:3.39128721e9
29 16 18 31 12 1:3.011358282e9
29 43 21 27 18 31 12 28 1:2.953897542e9
16 43 25 21 18 31 12 28 17:2.985128135e9
16 43 21 12 17:2.950919497e9
29 43 21 27 16 31 12 24 28 17:2.985898162e9
29 21 16 31 12 28 17:3.655048429e9
16 43 21 31 12 24 17:3.037916788e9
59 29 43 16 18 31 28 17:3.031259051e9
59 29 21 16 27 18 31 12 28:3.08014993e9
41 43 21 18 31 12 17:3.031698895e9
29 43 16 18 12:3.088188981e9
29 18 31 12 28 17 1:3.083854033e9
29 16 31 12 24 28 8 17 1:2.952065564e9
59 29 43 18 31 12 28 17:3.249095044e9
29 43 21 16 18 31 24 28 8:2.944019397e9
29 21 27 18 31 12 17:3.201797081e9
29 16 18 31 12 24 8 17 1:2.953531546e9
29 21 18 12 28 17:3.134476826e9
29 43 21 16 31 12 24 8 1:2.998222027e9
16 43 21 31 28 17 1:2.948410092e9
29 21 31 12 24 28 8:2.977028306e9
41 43 29 21 16 18 12 17:3.150554736e9
16 43 21 27 18 31 12 28 1:3.103869755e9
59 29 21 16 18 31 12 28:3.312028087e9
16 21 27 31 12 28 17 1:2.935853329e9
29 43 21 18 12 28 17 1:2.998206589e9
16 43 21 38 31 12:2.962989201e9
29 43 16 31 12 24 28 8 17 1:3.015564736e9
29 16 12 28 59 41 43 21 27 18 31:3.001367252e9
29 43 31 12 17:3.204518648e9
29 43 16 38 31 18 12 17:3.10977275e9
29 21 16 18 31 12 24 8 1:3.008678441e9
41 43 29 27 21 31 16 12 17:3.259112732e9
29 21 16 27 18 12 28 17:3.120414998e9
59 29 43 16 18 31 12 1:3.047671052e9
16 21 27 18 31 12 28:3.238201203e9
59 29 43 21 27 16 31 18 12 1:2.944689786e9
29 43 21 38 31 18 12 28:2.938839495e9
29 21 16 27 12 28:2.943424551e9
59 29 43 21 18 12 17:2.98603596e9
41 43 29 31 12 28:3.050333436e9
29 16 18 31 12 24 28 8 1:2.995241336e9
16 43 31 12 24 28 17:3.011191506e9
29 43 16 18 31 12 28 8 1:2.95202197e9
29 43 21 18 31 12 24 17:3.245555279e9
15 43 29 21 31 12 17:3.054922422e9
59 41 43 29 21 18 31 12 17:3.262554651e9
29 21 16 31 12 8 17:3.020655531e9
41 43 29 21 31 12:3.194290219e9
41 43 21 27 16 31 18 12 17:3.12693682e9
59 16 43 21 18 31 12 17 1:3.131368957e9
59 15 43 29 21 16 31 12 17:2.996551515e9
59 29 21 16 27 31 12:2.976885347e9
59 43 18 31 12 28 17:3.049055392e9
59 29 43 21 16 18 12 17:3.200589427e9
59 16 43 21 18 31 12 28 17 1:3.140754644e9
41 43 29 21 16 12 28 17:3.041516086e9
29 21 16 18 31 12 24 8:3.24340269e9
16 21 18 31 12 28 1:3.227731994e9
41 15 43 29 21 31 16 18 12:2.984920066e9
29 21 18 31 12 28 8 17:2.984911452e9
29 43 16 18 12 28 17 1:3.08293978e9
29 43 21 27 16 31 12 28 1:3.00603513e9
29 43 21 31 17:3.058290107e9
29 21 16 31 12 8:2.966655593e9
29 21 16 18 31 12 28 17 1:3.37446801e9
29 16 12 24 28 8 17 43 21 18 31:3.283417477e9
16 18 31 12 28 1:3.070781612e9
29 16 12 28 17 1 41 43 21 18 31:3.077981281e9
16 43 25 21 18 31 12 28:2.939329393e9
59 29 43 16 18 31 12 24 28:2.952678255e9
29 16 27 18 31 12 28:2.996483295e9
43 21 27 18 31 12 17:3.190980159e9
29 43 21 27 16 31 18 12 28 17:3.608660294e9
41 43 29 16 31 12 17 1:2.940994907e9
41 21 16 31 12 28:2.954540783e9
41 29 21 27 16 31 12:2.980607342e9
29 43 21 16 31 28 17:3.372145181e9
16 21 31 12 17 1:2.949652374e9
41 43 29 21 16 31 18:3.075515366e9
16 43 21 27 18 31 28:3.024164788e9
29 43 16 31 28 17 1:2.952060783e9
29 43 16 31 12 24 28 8:3.183686357e9
59 29 43 21 16 18 31 12 8:2.979083096e9
29 43 21 18 31 12 24 28 8 17:3.170616901e9
41 43 29 16 18 12 28 17:3.009579846e9
41 43 21 18 31 12:2.969989317e9
16 43 21 38 31 18 12:3.066295157e9
41 43 16 18 31 12 17:2.942053347e9
43 21 18 31 12 24 28 17:3.056408941e9
43 31 12 28 17 1:3.056038033e9
16 43 21 31 12 28 8:2.965424028e9
16 21 27 18 31 12 28 1:2.989101864e9
29 21 16 38 31 18 12:3.105388326e9
41 29 21 27 16 31 18 12 28:3.103819588e9
59 29 21 16 27 31 12 28 17:3.031123685e9
29 43 21 16 31 12 17:3.866588445e9
29 21 16 18 31 12 8 17:3.137847865e9
29 21 16 18 12 24 28 8 17:2.953158422e9
59 29 43 21 27 16 31 18 12 28:3.223283288e9
16 12 24 28 8 17 59 43 21 18 31:2.954027626e9
59 15 43 29 21 16 31 18 12 17:3.090231529e9
59 41 43 29 16 31 12 28:3.073249257e9
43 21 31 12 17 1:3.015134456e9
43 21 18 31 12 28 17:3.539600804e9
16 43 21 27 18 31 28 17:3.077417676e9
29 43 21 31 12 8:2.979426161e9
59 43 21 18 31 12 28 17:3.238039774e9
59 16 43 21 18 31 12 28 17:3.414299591e9
29 43 21 18 12 24 8:2.938492286e9
29 43 21 16 31 12 28:3.746267196e9
29 43 21 31 12 17:3.608425877e9
29 43 25 21 16 31 12 28 17:2.980897275e9
41 29 21 31 12 28:3.041160576e9
29 21 31 12:3.138993868e9
16 43 21 27 12 28:2.960254932e9
16 21 18 31 12 28 17 1:3.278424947e9
41 43 29 21 16 31 18 24 12 8:2.992488358e9
29 43 21 16 18 12 24 8 17:3.160628965e9
59 16 43 21 18 12 28 17:3.031902588e9
59 41 43 29 21 31 12 28 17:3.07769989e9
29 21 16 27 38 31 18 12 17:2.953117206e9
29 43 21 18 31:3.136351857e9
41 43 29 16 18 31 12 28:3.331829814e9
41 43 29 27 21 31 16 12:3.209573292e9
29 21 18 31 12 24 17:2.959500313e9
16 43 21 18 31 12 28:3.696671266e9
43 18 31 12 28:3.240550962e9
29 16 31 12 24 28 8 17:3.092823616e9
16 43 21 31 12 24 8 17 1:2.957488929e9
59 16 43 21 18 31 12:3.310215533e9
16 43 27 18 31 12 28:3.023576197e9
29 16 31 12 17 1:2.938901955e9
29 43 21 27 16 31 18 24 12 17:3.200486215e9
29 43 21 16 18 31 12 24:3.394125922e9
16 43 21 31 12 24 28 8 17:3.129949519e9
41 43 21 16 31 12 28 17:3.224505718e9
59 41 43 29 16 18 31 12 28:3.161041064e9
29 43 16 31 28 17:3.180781441e9
59 29 43 21 18 31 12 17 1:3.078568376e9
21 18 31 12 28:3.169402825e9
29 16 12 24 28 8 59 43 21 18 31:2.956961717e9
59 41 29 21 16 18 31 12 28:3.118223901e9
16 43 18 31 12 28 17 1:3.366839829e9
29 43 21 18 12 17:3.316488781e9
59 16 43 21 27 18 31 12 17:3.20500503e9
16 43 31 12:2.940449862e9
29 43 21 27 16 31 12 24 17:3.095868136e9
59 29 18 31 12 28 17:2.967886732e9
59 41 29 21 16 18 31 12 28 17:3.160087979e9
41 43 29 21 16 31 12 28:3.332281204e9
29 43 21 16 31 12:3.800494605e9
59 41 43 29 21 16 31 18:3.004594114e9
59 41 21 16 18 31 12 28 17:3.005038084e9
29 43 21 27 18 31:2.960176101e9
29 21 16 27 18 31 28 17:3.064123254e9
29 16 12 24 28 17 41 43 21 18 31:2.959377344e9
29 43 21 27 16 31 12 17 1:3.119558573e9
29 21 16 27 18 31 28:3.0101911e9
59 29 43 21 18 31 12:3.378507103e9
59 29 43 16 31 12:3.176007135e9
59 29 21 16 31 12:3.145692866e9
29 43 16 18 31 12 24 28 8:3.27349482e9
41 29 18 31 12 28 17:2.974613756e9
29 43 21 16 31 12 24 8:3.288475508e9
59 29 43 21 31 12 1:2.952402457e9
29 43 21 31:2.990783958e9
29 43 21 27 18 31 12 24:2.965926306e9
29 43 21 27 16 31 12:3.561995647e9
29 43 21 16 18 31 12 24 28 1:2.982433778e9
29 21 16 27 18 31 12 28 1:3.038334973e9
59 29 21 16 18 31 12 28 17 1:3.038993313e9
29 21 16 31 12 28 17 1:3.2803491e9
29 43 31 12 28 8 17:2.951776665e9
15 29 21 16 31 12 28 17:3.091620774e9
29 43 21 27 16 31 12 24 8:3.028147153e9
59 41 43 29 16 18 31 12 17:3.212199717e9
43 21 27 18 31 12 28 17 1:2.990088716e9
59 29 43 21 16 18 12 28 17:3.193421091e9
29 43 21 16 38 31 12 28:2.964905092e9
29 21 16 18 12 28:3.287321574e9
59 41 29 21 16 31 12 17:3.091478306e9
16 21 31 12 28 1:3.118030875e9
15 21 16 18 31 12 28 17:2.995801743e9
29 16 18 31 12 24 28:3.030961193e9
41 43 21 16 18 31 12:3.217979044e9
16 21 18 31 12 24 28 8:3.057434934e9
29 43 18 31 12 28 1:3.199941918e9
29 16 31 12 28 17 1:3.166636396e9
29 21 16 31 12 24 17:3.068633893e9
29 43 21 27 16 31 18 12 8:2.998580249e9
29 43 18 31 12 28 8 17:3.04512373e9
59 41 43 29 21 16 18 12 17:3.051844001e9
59 29 43 18 31 12 28 1:2.946041035e9
41 29 16 31 12 28 17:3.065081032e9
41 43 21 16 18 31 12 28 1:3.019396838e9
16 21 27 18 31 12 28 17 1:3.034410271e9
29 43 21 18 31 12:3.688511356e9
59 41 43 29 21 16 31 18 17:3.051429471e9
29 43 21 16 18 31 12 24 28 8:3.246737207e9
15 43 29 21 16 31 12:3.211909305e9
59 41 43 21 16 18 31 12 28 17:3.203226614e9
59 16 43 21 31 12 17 1:3.034454561e9
16 43 31 12 28 17:3.42829497e9
41 43 29 16 18 31 12 17:3.31272663e9
15 29 21 16 31 12 17:3.024827579e9
59 41 29 21 27 16 31 18 12:2.976021432e9
29 21 16 27 31 12 28 1:2.954192791e9
29 43 16 18 12 24 28 17:2.95261899e9
29 43 21 16 18:2.941300033e9
29 21 16 27 18 12 28:3.064434198e9
41 43 29 21 38 31 16 18 12 17:2.94413135e9
29 43 31 12 1:2.951328952e9
59 29 16 18 31 12 28 17:3.170695898e9
15 29 21 27 16 31 18 12 28 17:2.989740213e9
16 43 21 27 18 31 12 17 1:3.125958958e9
29 43 16 27 31 12 17:3.089161192e9
59 29 43 16 31 12 28 1:3.000732726e9
59 41 29 21 16 18 31 12:3.15337207e9
16 43 21 12 28:3.139117262e9
16 43 21 27 31 12 28 17 1:3.058252394e9
59 29 43 16 31 12 28 17 1:3.036987627e9
29 16 18 31 12 28 17 1:3.274391565e9
16 43 31 12 1:2.944220358e9
41 43 21 16 31 12:3.084861603e9
29 21 18 31 12 24 28:3.025302639e9
15 43 29 21 16 31 18 12 28:3.230556959e9
29 16 18 31 12 17:3.189645732e9
29 21 16 31 12:3.455272504e9
59 29 43 16 27 18 31 12 28:2.940649547e9
16 43 21 18 31 12 24 17 1:2.979999513e9
29 43 16 18 12 28 17:3.384256905e9
16 43 27 18 31 12 28 17:3.079273949e9
59 29 43 21 18 31 28 17:3.02491594e9
41 43 29 21 16 31 17:3.01166822e9
59 29 43 16 18 31 12:3.30398107e9
29 21 18 31 28 17:3.065260331e9
41 29 21 27 18 31 12 28 17:2.987213839e9
29 16 31 12 17:3.000042992e9
41 43 29 21 16 31 18 24 12 17:3.064057368e9
29 21 16 31 12 24 8:3.127614e9
29 43 25 16 18 31 12 28 17:3.05543617e9
29 21 38 31 18 12 17:2.976551072e9
59 41 43 29 16 18 31 12 28 17:3.202414843e9
29 43 16 18 31 12 24 28 8 1:3.052663684e9
29 43 31 12 28 17 1:3.149058735e9
41 43 29 21 16 31 12 24 8 17:2.949126993e9
16 43 21 18 31 12 17:3.654592376e9
29 43 21 16 38 31 18 12 28 17:3.067960365e9
29 21 16 12 17:2.975861308e9
59 29 43 21 18 31 28:2.98167787e9
29 16 12 24 28 8 17 59 43 21 18 31:2.987718548e9
16 12 24 28 8 17 1 43 21 18 31:3.018415303e9
59 29 21 16 27 18 31 12 28 17:3.123106513e9
29 21 16 27 31 12:3.262588405e9
15 43 21 18 31 12 28:2.949372165e9
16 43 21 31 28 17:3.143913733e9
59 41 43 29 21 16 31 12 28:3.16141841e9
29 43 21 16 18 31 12 24 1:3.05298684e9
16 43 18 12 28 17 1:2.983923584e9
41 43 29 21 18 31 12:3.314971807e9
15 43 16 18 31 12 28:2.9905514e9
59 29 43 21 27 16 31 18 12 17:3.413654836e9
29 21 16 27 18 31 12 17 1:3.078070961e9
29 21 16 31 12 24 28:3.088870418e9
43 18 31 12 24 28 8 17 1:2.963724243e9
16 43 21 27 18 12 17:2.997966758e9
41 43 29 21 16 31 18 12 17:3.577770799e9
41 43 29 21 16 31 12 28 17 1:3.00951234e9
29 43 16 18 31 12 24 17 1:2.99874103e9
59 29 43 16 12 28 17:2.948327026e9
15 43 29 21 18 31 12 28 17:3.131616254e9
29 16 12 17 1 59 41 43 21 18 31:3.025782006e9
41 43 29 16 18 31 12 17 1:3.037120919e9
29 43 18 31 12 28 17 1:3.244092961e9
59 29 21 16 31 12 28:3.210328024e9
16 43 18 31 12 24 8 17:3.066729177e9
29 43 27 18 31 12 28 17:3.062088195e9
41 29 21 16 18 31 12 28 17:3.374695134e9
29 43 18 31 12 24 28 8 17 1:2.971638082e9
41 43 21 27 16 31 12:2.949383939e9
29 43 21 27 16 18 12 28:3.246854582e9
43 18 31 12 28 17:3.3094139e9
59 41 43 21 27 16 31 12 17:2.962151937e9
41 43 29 16 31 12 28 1:2.95551268e9
59 41 29 21 18 31 12 17:2.999875923e9
29 43 21 18 31 12 24 8:3.219922047e9
29 16 12 24 8 17 1 43 21 18 31:3.108626582e9
59 29 43 16 18 31 12 24 28 17:2.992146986e9
29 43 21 16 18 12 24 8:3.112155343e9
41 29 21 16 31 12 28 17:3.268646213e9
29 21 16 12 28:3.152144187e9
29 31 12 28:3.053134397e9
16 21 31 12 28:3.286537211e9
29 43 18 31 12 28 17:3.576407332e9
29 43 21 16 31 12 24 8 17:3.33462347e9
15 43 29 16 31 12 17:2.986225966e9
29 43 21 27 16 31 12 24 28:2.948142759e9
29 43 21 16 18 31 24 28:2.954151621e9
59 16 43 21 27 31 12:3.031001514e9
16 43 18 31 28:2.953764867e9
16 43 27 31 12 28 17:2.957634307e9
41 43 29 16 18 31 12 28 17:3.380334276e9
59 29 21 16 27 31 12 28:2.988063487e9
59 41 43 21 27 16 31 18 12:3.019101139e9
59 29 43 21 27 31 12 17:3.114620827e9
29 16 12 24 28 17 1 43 21 18 31:3.014925569e9
29 43 18 31 12 28:3.51657575e9
16 21 18 31 12 17:3.166182804e9
41 29 21 16 31 12 17 1:2.949707476e9
41 43 29 27 21 31 16 18 17:2.959463028e9
16 43 21 27 18 31 12 24 17:2.98652313e9
41 43 16 31 12 28:3.026307543e9
16 21 18 12 28 17:2.982775658e9
29 43 18 31 12 24 8:3.060416611e9
59 43 21 18 31 12 28 1:2.96744117e9
59 29 43 21 16 18 31 12 28 17:3.523157366e9
29 21 16 27 18 31 12 24 8:2.992463343e9
16 21 31 12 28 17 1:3.168839896e9
29 43 21 27 18 31 12 17:3.51722867e9
15 43 29 21 16 31 12 28:3.142296482e9
29 43 21 31 12 24 17:3.126525732e9
59 41 29 16 18 31 12 28 17:3.013363535e9
59 16 43 21 18 31 12 28 1:3.103858988e9
59 41 43 29 21 18 31 12:3.214948143e9
29 43 16 18 31 12 24 28 17:3.292640229e9
41 29 21 16 31 12 28 17 1:2.971120935e9
59 29 43 21 16 18 31 12 28:3.480835542e9
41 43 29 21 16 31 12 28 17:3.375372111e9
29 43 21 31 12 28 17 1:3.203763482e9
41 43 21 16 31 12 28:3.176004236e9
29 43 21 27 16 31 17:3.132639291e9
29 43 18 31 28 17:3.084820997e9
29 43 21 27 16 31 12 8 17:2.949939466e9
29 43 21 27 18 31 12 24 8 17:3.003800832e9
29 43 31 12 24 8:2.944691247e9
59 41 43 29 27 21 31 16 18 12:3.183837767e9
29 31 12 28 17:3.122925616e9
15 29 21 27 16 31 18 12 17:2.998394681e9
29 43 16 27 18 31 12:3.163349386e9
59 16 43 18 31 12 28 17:3.260640887e9
43 31 12 24 28 8 17:2.939646402e9
29 43 21 27 16 31 18 24 12 8:3.117261517e9
15 43 21 27 16 31 18 12 17:2.986411218e9
29 43 21 27 18 31 12 28 17 1:2.988350768e9
43 21 18 31 12 28 17 1:3.242066379e9
59 16 43 21 27 31 12 28:3.062944252e9
59 29 43 21 27 16 31 18 28 17:2.947000447e9
16 43 21 18 31 12 1:3.298809926e9
29 16 12 28 17 41 43 21 27 18 31:3.22047057e9
16 21 27 18 31 12:2.966137049e9
29 21 18 12 28:3.069809221e9
29 43 31 12 24 28:2.966500413e9
29 43 21 16 18 31 17:3.468458829e9
59 29 43 21 16 31 17:3.083555148e9
29 21 18 31 12 1:3.069691978e9
16 21 18 31 12 1:3.023939212e9
59 29 43 21 27 16 18 12:2.970519696e9
29 21 16 18 31 12 24 28 8 17:3.249765116e9
16 43 31 12 17 1:3.004739633e9
29 43 21 27 38 31 16 18 12 17:3.056367864e9
15 43 21 16 18 31 12 28 17:3.174358003e9
59 29 43 21 16 18 31 12:3.584466552e9
41 29 21 16 31 12 28:3.218725155e9
29 43 21 16 31 24 8 17:2.955538303e9
16 43 18 31 12 24 28 1:2.980292327e9
29 21 31 12 24 8 17:2.977040556e9
29 43 16 27 18 31 12 17:3.224973003e9
59 16 43 18 31 12 24 28 8 17:2.942750766e9
29 21 16 31 12 24 28 8:3.117664806e9
29 43 25 21 16 31 12 28:2.940971588e9
16 43 31 12 28 1:3.206608313e9
29 16 31 12 28 8 17:2.945110055e9
59 16 43 21 18 31 12 28:3.366495987e9
15 43 29 18 31 12 28:2.966487827e9
29 21 16 38 31 12 17:3.048570878e9
59 16 43 18 31 12 28 1:3.051028329e9
59 41 21 16 18 31 12 28:2.957845955e9
29 16 18 31 12 24 28 17 1:2.935865913e9
29 21 16 18 31 12 28:3.723996749e9
29 16 18 31 12 28 8:3.001559332e9
29 43 21 27 16 31 18 12 8 17:3.040060223e9
59 29 43 21 16 18 12 28:3.150166837e9
41 29 21 16 18 31 12 28 1:3.013019019e9
43 21 18 31 12 1:3.079985409e9
29 16 12 17 1 59 43 21 27 18 31:2.979931428e9
15 43 21 16 31 12 28:3.024120536e9
29 43 21 16 18 31 24 8 17:3.054906426e9
29 21 16 38 31 18 12 17:3.154177931e9
59 29 21 16 27 31 12 17:3.031344388e9
29 43 21 27 16 12 28 17:3.192122158e9
29 43 21 16 12 28 1:3.010011586e9
29 21 16 27 18 12 17:3.000100087e9
41 43 29 27 16 31 18 12 17:2.935658484e9
16 43 21 18 31 28:3.212596849e9
41 29 21 27 16 31 12 28 17:3.052493864e9
29 43 21 18 31 12 24 8 17:3.266833414e9
43 21 27 31 12:2.970113622e9
15 43 21 16 31 12 28 17:3.071969802e9
29 43 21 38 31 12 17:3.032207273e9
29 43 21 27 16 12:3.171269137e9
59 16 43 21 27 31 12 28 17:3.106449421e9
29 16 18 31 12 24 28 8 17 1:3.033431705e9
29 43 16 18 31 12 28 8 17:3.192110895e9
29 18 31 12 28:3.205335807e9
29 43 21 31 12 8 17:3.02690197e9
29 43 25 21 16 31 18 12:2.989854307e9
41 43 29 27 21 31 18 12 28:3.047866294e9
29 43 21 27 31 28 17:2.959294123e9
29 43 21 16 18 31 12 28 8 17:3.178920595e9
59 29 43 21 27 18 31 12 17:3.221817211e9
59 29 43 16 31 12 17:3.23453766e9
43 21 27 18 31 12 28 17:3.314432814e9
29 16 31 12 28 1:3.11661926e9
29 43 21 16 18 28 17:3.114198019e9
29 43 21 16 31 12 24 8 17 1:3.033503067e9
15 29 21 27 16 31 18 12:2.941922005e9
29 21 31 12 17:3.217734644e9
41 29 16 18 31 12 17:2.942625667e9
59 29 43 21 16 31 12 24 17:3.055155985e9
29 43 21 12:3.088025415e9
59 29 43 16 18 12 28:3.00423442e9
16 43 21 18 31 12 24 28 8 17:3.218225301e9
29 43 16 31 12 17:3.507820428e9
59 29 43 21 16 31 12 24 8:3.008322516e9
29 43 21 27 16 31 18:3.203557794e9
16 21 18 31 12 28 8 17:2.960818511e9
41 29 21 16 18 31 12 17 1:3.048882954e9
29 43 21 16 18 31 12 28 17 1:3.41759241e9
29 43 18 31 12:3.294926645e9
29 43 21 12 17:3.159548031e9
16 43 21 31 12 28 17:3.62845251e9
59 29 43 21 31 12 17 1:2.992298685e9
16 43 21 31 12:3.415800611e9
29 21 16 18 31 12 24:3.142231526e9
16 43 18 31 12:3.126671835e9
15 43 29 21 16 31 18 17:2.942760393e9
29 21 27 18 31 12:3.131437341e9
15 29 16 18 31 12 28 17:3.004684799e9
29 43 21 16 18 12 24 28:3.006878149e9
15 29 21 16 18 31 12 17:3.161094986e9
29 21 31 12 28 17 1:3.120084174e9
59 29 21 16 18 31 12 24 8 17:2.970630066e9
59 41 43 29 16 18 31 12:3.160871368e9
16 21 31 12 17:2.973087134e9
29 21 18 31 12 17:3.3910826e9
59 41 29 21 16 18 31 12 17:3.206218484e9
59 43 21 31 12 28:3.084313918e9
59 41 43 21 18 31 12:2.9650442e9
29 43 21 16 12 24 28 17:2.958048235e9
29 43 21 31 12 17 1:3.208419524e9
41 43 16 18 31 12 28 17:3.201581727e9
29 43 25 21 16 31 18 12 28 17:3.065124608e9
43 18 31 12 28 17 1:3.167817841e9
29 16 12 28 17 59 41 43 21 27 18 31:3.034829419e9
29 43 16 31 12 24 17:3.083819178e9
16 43 21 18 12 28 1:3.02591175e9
41 29 16 18 31 12 28:3.130009307e9
59 29 43 16 31 12 28 17:3.319700949e9
59 43 21 18 31 12 28 17 1:3.004907894e9
59 29 43 21 16 31 12 17 1:3.143975513e9
59 41 43 29 27 21 31 12 17:2.967973279e9
16 43 31 12 24 8 17:2.937230343e9
59 29 43 21 27 16 31 12 28 17:3.180434257e9
16 43 18 31 12 24 28 8 17 1:3.107231282e9
29 43 12 28:2.967715694e9
29 43 18 31 12 17:3.369648798e9
16 43 18 31 12 24 8:3.007818228e9
29 43 21 16 38 31 12:3.139378623e9
29 21 16 38 31 18 12 28:3.005321756e9
15 43 29 21 16 31 18 12 28 17:3.272294729e9
16 21 31 12 28 17:3.355396082e9
15 43 21 27 16 31 18 12 28 17:2.996560563e9
29 43 21 18 12:3.245133447e9
16 43 21 18 12 28 17 1:3.071045432e9
15 43 29 27 21 31 18 12 17:2.993924283e9
16 43 21 27 18 31 12 28 17 1:3.143297625e9
16 21 18 31 12:3.079206825e9
29 21 18 31 12 24 8 17:3.095637126e9
29 43 21 16 31 12 28 8 17:3.101081077e9
16 43 31 12 24 28 8 1:2.985835263e9
29 43 18 31 12 8 17:2.953348645e9
59 16 43 31 12 28:3.090006916e9
59 16 43 21 31 12 28 17 1:3.062208082e9
15 43 21 16 31 12 17:2.988517436e9
16 43 31 12 17:3.024354679e9
59 29 43 21 16 31 12 28 1:3.032706227e9
29 43 27 18 31 12 28:3.012795152e9
29 43 21 27 38 31 16 12:2.934990068e9
29 16 12 24 28 17 59 43 21 18 31:3.04262555e9
16 43 31 12 24 28 8 17:3.121677314e9
29 43 16 31 12 24 28 17 1:2.966564982e9
29 43 16 31 12 24 28 8 17:3.225976793e9
59 16 43 21 31 12 17:3.23924694e9
41 43 29 21 16 31 18 17:3.12996571e9
29 43 16 38 31 18 12 28:3.001699792e9
29 43 25 16 18 31 12 28:3.009203223e9
41 43 29 21 31 12 28:3.187465826e9
29 43 16 18 31 12 24 8:3.261925045e9
29 43 21 27 16 31 18 12 17:3.751642392e9
16 43 21 27 18 31 12:3.40495635e9
29 43 16 18 31 12 28 1:3.359769856e9
21 31 12 28:3.015610967e9
59 16 21 27 18 31 12 28 17:2.974856781e9
41 43 29 16 31 12 28 17 1:2.992426245e9
29 43 16 18 31 12 24 28 17 1:3.045686935e9
59 16 43 21 27 18 31 12 28 17:3.199897989e9
29 21 16 31 28:3.098716254e9
59 43 21 31 12 17:2.992974089e9
16 43 21 27 31 12 28:3.346172747e9
16 43 18 31 12 28 1:3.316275716e9
16 43 38 31 18 12 28 17:2.971124965e9
16 43 21 31 12 24 8 17:3.127893478e9
59 41 43 29 21 16 31 12 17 1:2.951618388e9
16 21 18 31 12 24 28 8 17:3.105329875e9
41 43 29 21 18 12 28:2.942777356e9
16 43 18 31 12 24 28 17 1:3.023414949e9
29 21 16 27 31 12 17 1:2.972602189e9
59 29 43 21 16 31 12 24 8 17:3.046485024e9
59 29 43 21 18 31 12 24 8 17:2.989172517e9
16 43 18 12 28:3.009302016e9
43 21 12 28 17:2.97633456e9
29 21 16 18 31 12 17 1:3.341013865e9
29 43 21 18 31 12 24 28:3.165032342e9
16 43 21 18 31:2.968664415e9
43 21 18 31 12 28:3.479449677e9
15 29 21 18 31 12 28 17:3.02163303e9
41 43 21 16 31 12 17 1:2.94156122e9
29 21 12 28 17:2.99437583e9
29 43 21 16 31 12 24 28:3.212789554e9
29 43 16 18 31 28:3.248805234e9
16 43 18 31 12 28 17:3.575568657e9
29 43 21 16 18 31 24 28 8 17:2.980746175e9
41 43 29 21 16 31 18 28 17:3.111311439e9
59 41 43 16 31 12 28 17:2.986799751e9
29 43 21 27 38 31 16 18 12:3.017992372e9
29 43 16 18 12 28:3.32306432e9
29 43 21 16 18 12 24 17:3.104629209e9
29 21 16 31 12 28 1:3.236118611e9
59 16 43 21 18 31 12 1:3.086891222e9
16 43 21 18 31 12 28 8 17:3.096712187e9
16 43 18 31 12 28 8:3.031710563e9
29 43 21 16 18 31 12 28:3.85639963e9
29 43 21 31 12 28 8:2.944644503e9
29 43 16 38 31 12:2.961692651e9
41 43 29 31 12 17:2.934756851e9
29 43 21 16 38 31 18 12:3.230440086e9
59 16 21 31 12 28 17:3.038972759e9
59 29 21 16 27 18 31 12 17:3.150576408e9
29 43 16 31 12 24 8 17:3.200872183e9
29 16 12 28 17 59 41 21 27 18 31:2.937442281e9
59 16 43 21 18 31 12 24 8:2.946827316e9
29 43 21 16 31 28 1:2.982213994e9
59 29 43 21 18 31 12 28 1:2.990556201e9
59 29 43 21 16 12 28 17:3.101515141e9
29 43 21 31 12 28 17:3.62284171e9
29 21 18 31 12 28 8:2.94107307e9
59 29 43 16 27 18 31 12:2.955512737e9
29 43 18 31 12 1:3.067939828e9
59 16 43 21 18 31 12 24 8 17:2.989289215e9
43 21 18 31 12 24 28:3.007422564e9
29 43 21 27 16 31 18 24 12:3.152441766e9
16 43 18 31 28 17 1:2.951097455e9
29 43 16 38 31 12 17:3.008486073e9
29 43 18 31 12 24 28 17:3.12208638e9
29 43 21 16 18 31 12 28 1:3.379335991e9
29 21 16 18 31 17:3.069670985e9
29 21 16 18 31 12 24 8 17:3.296739405e9
59 29 43 16 18 31 12 24 28 8:2.968010554e9
59 29 43 21 18 31 12 24:2.9394164e9
41 43 29 21 16 31:2.95708392e9
29 43 16 31 28:3.121998213e9
29 16 12 24 28 8 17 1 43 21 18 31:2.995505724e9
59 29 21 16 31 12 28 17 1:2.962577171e9
59 29 43 21 16 12 28:3.058142841e9
43 21 18 12 28 17:3.11336014e9
29 43 21 31 12 28 1:3.164729554e9
59 41 43 29 21 16 12 17:2.948471472e9
21 18 31 12 28 17 1:3.082361751e9
59 41 43 29 16 31 12:3.049111965e9
16 43 21 18 31 12 24:3.109756255e9
59 16 43 31 12 28 1:2.961209414e9
41 43 16 18 31 12 28 1:2.991185052e9
29 43 21 16 38 18 12 17:3.015410175e9
59 29 43 21 27 18 31 12:3.172850024e9
41 43 29 16 18 31 12:3.25243197e9
29 43 21 16 18 31 12 24 8 17:3.433774206e9
59 15 43 29 21 16 31 18 12:3.046835857e9
59 29 43 21 18 31 12 24 8:2.950454374e9
29 43 21 27 18 12 28 17:3.135893078e9
29 16 12 24 17 59 43 21 27 18 31:2.936172724e9
59 16 43 21 18 31 12 24 28 17:2.961660331e9
59 16 43 21 18 31 28 17:3.020469718e9
59 29 21 16 27 18 31 12:3.09622606e9
16 43 21 18 31 12 24 8 17:3.240279634e9
16 43 21 27 31 12 28 1:3.018747766e9
59 29 43 21 16 18 31 12 17:3.637637121e9
41 29 21 18 31 12 17:3.090135062e9
16 43 21 31 12 24 28 8:3.088401783e9
29 43 21 16 18 31 24:2.953574065e9
59 16 43 18 31 12 28:3.206812877e9
59 29 43 21 31 12 28 17:3.289177428e9
15 29 21 16 31 12 28:3.042689902e9
16 43 21 18 31 12 24 17:3.170014895e9
29 43 21 27 16 31 18 12 17 1:3.210635181e9
59 41 43 29 18 31 12 17:3.009289278e9
29 43 21 16 31 12 28 8:3.063979891e9
59 41 43 29 21 16 31 12 28 17:3.198573708e9
29 43 21 16 18 31 12 8 17 1:3.004907973e9
29 43 21 18 31 12 28 17:3.736056568e9
29 43 38 31 18 12 17:2.935380645e9
29 43 21 16 18 28:3.060385776e9
29 43 21 16 31 12 8:3.153899684e9
29 16 12 17 1 41 43 21 27 18 31:2.934998155e9
59 29 43 21 16 31 28 17:3.083883793e9
29 43 21 16 38 18 12:2.971096135e9
29 43 21 27 18 31 12 24 8:2.962060278e9
59 41 43 21 18 31 12 28:3.011822661e9
29 21 18 31 12 28 1:3.171546261e9
59 41 43 29 21 31 12:3.111751599e9
59 29 21 27 18 31 12 28 17:2.964569857e9
59 29 21 16 18 12 28 17:2.975122959e9
29 16 31 12 28 17:3.386860121e9
43 18 31 12 24 28 8 17:3.046454303e9
29 43 21 16 31 12 24 28 8 17:3.20654612e9
29 43 21 16 12 24 8 17:3.055933309e9
41 43 29 21 16 31 12 17 1:3.080180784e9
59 41 43 29 21 18 31 12 28:3.119482944e9
29 43 18 31 12 24 8 17 1:2.93686781e9
41 43 16 31 12 28 17:3.08172151e9
59 29 43 21 27 16 31 12:3.260034623e9
41 29 21 16 18 31 12 1:3.003219447e9
29 43 21 27 18 12:3.063212814e9
29 43 21 16 18 12 24 28 8 17:3.037750989e9
16 43 18 31 12 17:3.210411318e9
29 21 18 31 12 17 1:3.124662466e9
59 29 21 16 18 31 12 17 1:3.047071145e9
59 16 43 21 31 12 28 1:3.025229309e9
29 21 16 18 31 12 24 28 17 1:2.976087722e9
29 43 16 12 28 1:2.94205387e9
41 43 29 16 31 12 28:3.228006565e9
59 29 43 16 18 31 12 24 17:2.956778675e9
59 16 43 18 31 12:2.952334596e9
41 43 21 31 12 28:2.996782913e9
29 16 18 31 12 24 8 17:3.065526604e9
29 43 21 18 31 12 28 8:3.024892093e9
29 21 16 18 31 12 24 8 17 1:3.049066561e9
41 21 16 18 31 12 28:3.075622108e9
15 43 29 21 16 18 12:2.965141826e9
41 43 21 16 18 31 12 17 1:3.039265809e9
16 43 21 31 12 28 17 1:3.311028956e9
59 29 43 21 18 31 12 28 17:3.380875582e9
16 43 21 18 12 28 17:3.333207162e9
29 21 16 27 18 31 12 24 8 17:3.039863352e9
29 43 21 31 12 24 28 17:3.116376347e9
41 29 21 31 12 28 17:3.092232758e9
29 43 21 16 18 31 28 17 1:3.102055285e9
29 43 21 16 18 12 28 17 1:3.132520052e9
16 43 21 27 12 28 17:3.015683866e9
29 43 16 18 31 12 8:3.10628765e9
29 43 21 16 31 1:2.95787389e9
29 43 21 18 31 28 17:3.301002742e9
29 43 12 28 17:3.030752872e9
59 41 43 29 18 31 12:2.95709066e9
59 29 43 21 18 31 12 28:3.33768937e9
41 43 29 16 31 12 28 17:3.276636998e9
29 43 18 12 28:3.104535592e9
29 43 21 31 12 1:3.16074795e9
29 43 18 31 12 24 28 8:3.129542881e9
29 21 31 12 24 28 17:2.968033533e9
16 43 21 18 31 28 17:3.271563805e9
59 29 43 21 16 18 31 12 24 17:3.149758446e9
29 43 21 31 12 28:3.569816454e9
41 29 21 27 16 31 18 12:3.106025357e9
59 29 16 31 12 28:3.002527538e9
16 43 21 18 31 12 24 1:2.934988533e9
29 21 16 27 31 12 24 8 17:2.936422897e9
29 43 21 16 18 12 8 17:3.017863258e9
59 16 43 21 18 31 12 17:3.369664625e9
29 21 16 18 31:2.992564605e9
29 43 21 16 12:3.361531204e9
29 21 18 31 12 24 28 8 17:3.112935102e9
41 43 29 21 16 12 28:2.997390961e9
29 43 21 16 31 17 1:3.004883691e9
29 43 16 18 12 24 28 8:2.987825104e9
59 29 43 18 31 12 28:3.200874003e9
29 43 21 27 18 31 12 28 17:3.448160988e9
41 43 21 31 12 28 17:3.046271595e9
29 43 21 27 18 31 12 24 17:3.014771896e9
29 43 16 31 12 24:3.023628253e9
41 43 29 21 16 31 12 1:3.040307335e9
29 21 16 27 31 12 28:3.336670028e9
43 21 27 31 12 28:3.142188959e9
29 43 21 27 16 31 12 28 17 1:3.040067551e9
29 43 21 27 31 12 28 17:3.346522888e9
29 21 16 18 12 17:3.15591252e9
29 43 31 12 24 8 17:2.997713289e9
59 41 43 29 21 16 18 12:3.004196081e9
29 43 16 18 31 12 28 8 17 1:2.985694698e9
29 21 18 31 12 28 17 1:3.216491257e9
29 43 21 16 31 12 24 1:2.967566677e9
16 43 21 31 12 24:2.977535258e9
41 43 29 27 21 31 16 18 28 12:3.181647778e9
29 21 27 31 12:2.975648625e9
29 43 16 18 31:2.993183355e9
29 43 16 27 31 12 28 17:3.136019577e9
59 29 43 21 16 18 31 12 24 28:3.007533507e9
29 43 21 27 18 31 12 24 28 17:2.938902662e9
59 29 43 21 16 18 31 12 24:3.105952177e9
16 43 21 18 31 12 24 28 1:2.971361585e9
59 41 43 21 18 31 12 17:3.018227219e9
29 43 21 27 18 31 17:3.020665705e9
59 41 43 16 31 12 28:2.9395957e9
16 43 31 12 24 28 8:3.073272155e9
16 43 18 31 12 17 1:3.137918427e9
59 29 43 21 16 31:3.030207087e9
21 31 12 28 17 1:2.970352143e9
15 43 21 16 18 31 12 17:3.120952465e9
29 21 31 12 1:2.949100075e9
29 43 21 16 18 31 12:3.944554275e9
29 16 12 24 28 8 43 21 27 18 31:2.955790275e9
59 29 43 16 18 31 12 17 1:3.090996388e9
29 21 16 18 31 12 24 28 1:2.938864621e9
29 16 27 18 31 12 28 17:3.052725344e9
41 29 21 27 16 31 12 28:3.007474441e9
29 16 12 28 17 59 41 43 21 27 31:2.964427133e9
59 29 21 16 31 12 28 17:3.258186997e9
59 41 29 21 27 16 31 18 12 17:3.024037843e9
16 43 21 27 18 31 12 28 17:3.514687949e9
29 43 21 18 31 12 17 1:3.311948621e9
59 41 29 21 18 31 12 28:2.975059458e9
29 43 21 16 18 31 12 24 28 17:3.344433025e9
29 21 27 18 31 12 28 17:3.31176335e9
59 29 43 21 16 31 12 24 28 17:2.969047981e9
15 43 29 16 31 12 28:3.038356881e9
29 21 16 27 18 31 12 1:3.03005174e9
59 16 21 31 12 28:2.985043937e9
29 43 16 18 31 12 24:3.155221891e9
59 29 21 16 18 31 12 17:3.336798242e9
29 21 16 18 31 12 24 28 8:3.207347434e9
41 43 29 21 18 31 12 28 17:3.324749076e9
59 29 43 21 31 12 17:3.314686018e9
29 43 16 38 31 18 12 28 17:3.03908233e9
59 41 43 29 21 16 18 12 28:2.947049369e9
15 29 21 16 18 31 12 28 17:3.195449243e9
59 29 21 16 18 31 12:3.276842903e9
29 21 16 31 28 17:3.159266548e9
29 43 21 27 16 31 28:3.081391038e9
29 43 21 16 18 12 24 28 8:2.999877869e9
29 16 12 28 17 1 43 21 27 18 31:3.112566174e9
16 43 31 12 28 8 17:2.974966495e9
16 43 21 31 12 24 28 17:3.124760671e9
15 43 29 27 21 31 16 18 12 17:3.189395503e9
29 43 21 16 12 24 28 8 17:2.958271416e9
41 43 29 21 18 31 12 28 17 1:2.968674216e9
16 43 18 31 12 24 28 8:3.177569023e9
29 21 16 18 31 28 17:3.289194541e9
16 43 18 31 12 24 28 8 1:3.068585696e9
29 43 16 31 12 28 8 17:3.101276246e9
16 43 21 38 31 12 28 17:2.944689908e9
15 29 21 16 18 31 12:3.098811396e9
59 29 43 21 16 12 17:3.082145224e9
59 41 43 21 16 31 12 28:3.072257931e9
41 43 29 21 16 31 18 28:3.068279603e9
59 29 43 21 27 18 31 12 28 17:3.126256748e9
16 43 21 27 18 31 12 28:3.461492174e9
59 29 21 31 12 28:3.037406278e9
43 18 31 12 24 28 8:2.997212915e9
41 21 16 31 12 28 17:3.010581613e9
29 21 16 31 12 28 8 17:3.034989649e9
59 29 43 31 12 17:2.995067402e9
29 16 38 31 18 12 28 17:2.946691994e9
16 43 21 18 31 12 17 1:3.35225809e9
59 41 43 29 27 21 31 18 12:3.018767749e9
59 29 43 21 16 31 12 17:3.522220796e9
59 41 29 16 18 31 12 28:2.966691089e9
41 43 29 21 31 12 28 17:3.231505173e9
41 43 29 16 31 12:3.120409793e9
29 21 16 27 18 31 12 24 28:2.936918962e9
59 29 43 21 18 12 28 17:3.043544675e9
29 43 21 31 12 24 28 8:3.053867154e9
29 31 12 28 17 1:2.973617087e9
29 21 16 18 31 12 28 1:3.330346293e9
29 43 21 16 18 31 12 14 17:2.937835445e9
29 21 16 27 31 12 28 17 1:2.9933296e9
59 29 43 16 18 12 28 17:3.052765278e9
29 21 31 12 24 28 8 17:3.020564945e9
29 43 21 27 16 31 12 28 17:3.509585879e9
43 21 31 12:3.104436955e9
29 43 25 21 16 31 18 12 28:3.025308127e9
41 43 29 27 21 31 16 18 12:3.317219013e9
41 43 29 16 18 31 12 1:2.992876877e9
59 29 43 16 31 12 28:3.27227955e9
29 43 21 16 18 12:3.514314423e9
29 43 21 16 18 31 12 24 8:3.387722795e9
41 29 21 16 31 12:3.14024792e9
29 43 21 16 18 31 24 17:3.007251357e9
29 21 16 27 12 28 17:2.999560548e9
29 16 18 31 12 28 8 17:3.050620519e9
59 41 43 21 16 31 12 17:3.113356708e9
41 43 29 27 21 31 12 17:3.064097738e9
29 43 16 18 31 12 17:3.669311402e9
29 43 16 31 12:3.434287268e9
29 16 12 24 8 17 43 21 27 18 31:3.15834831e9
43 21 18 31 12 17:3.348120758e9
21 31 12 28 17:3.086015624e9
59 41 43 29 21 16 31 18 12 17:3.437511149e9
16 18 31 12 24 28 8 1:2.936833882e9
59 29 43 16 18 31 12 17:3.362388191e9
29 43 21 38 31 12:2.988992363e9
29 43 21 16 18 31 17 1:3.106909151e9
41 29 21 27 16 31 18 12 17:3.163159143e9
59 43 18 31 12 28:2.994273447e9
41 43 29 21 16 31 28 17:3.02026023e9
15 43 29 21 16 18 12 17:3.020942959e9
59 29 21 16 18 31 28 17:2.96709018e9
29 16 12 24 28 8 1 43 21 18 31:2.966493947e9
29 43 21 27 16 31 18 12 1:3.168871799e9
59 41 43 21 27 16 31 18 12 17:3.067035269e9
59 41 43 29 18 31 12 28:3.015641001e9
16 43 31 12 24 28 8 17 1:3.024562625e9
16 43 21 18 31 28 17 1:3.043263303e9
15 43 29 21 31 12:3.000657774e9
59 16 43 21 31 12 1:2.989890795e9
29 43 21 16 18 31:3.402421049e9
29 21 16 31 12 24 8 17:3.18106619e9
29 21 31 12 28 1:3.075030235e9
15 43 21 27 16 31 18 12 28:2.95302171e9
29 43 16 31 12 8 17:3.044285117e9
59 43 21 27 31 12 28 17:2.938509842e9
29 43 21 16 31 12 8 17:3.200502484e9
29 43 21 16 31 12 24 17 1:3.007307162e9
29 16 12 24 17 59 41 43 21 18 31:2.959131954e9
59 41 43 21 16 31 12:3.060916165e9
41 29 21 27 18 31 12 28:2.94139449e9
29 21 16 18 31 12 28 8 17:3.12571334e9
41 43 29 21 16 31 12:3.405431332e9
43 21 31 12 24 28 17:2.950807194e9
16 31 12 28 17:2.985148968e9
59 29 43 16 18 31 12 28 17:3.420773555e9
16 43 21 27 18 31 12 24 8 17:3.019130263e9
29 16 12 28 17 1 59 43 21 18 31:3.132813208e9
16 43 21 18 31 12:3.580128323e9
29 16 18 31 12 24 8:3.005464611e9
16 18 31 12 24 28 8 17:3.004218831e9
29 21 18 31 12 24 28 17:3.075418603e9
41 43 21 18 31 12 28:3.103268912e9
59 29 43 16 18 31 12 24 8 17:3.020541353e9
59 43 21 18 31 12:3.065582614e9
41 43 29 31 12 28 17:3.099973071e9
59 29 43 21 16 31 12 1:3.104642895e9
29 21 18 31 28:3.003417125e9
41 29 21 16 18 31 12 28:3.324912325e9
29 43 21 16 38 31 12 28 17:2.998275349e9
59 15 43 29 21 16 31 18 12 28:2.939321379e9
16 43 21 31 12 28 1:3.266949151e9
29 43 21 27 12 28 17:3.029743227e9
29 43 21 16 18 12 24 28 17:3.050626207e9
16 21 18 31 12 24 28 17:3.025670124e9
59 41 29 21 18 31 12 28 17:3.017847774e9
59 29 43 21 27 16 18 12 17:3.019765256e9
29 43 16 31 12 28 17:3.662702228e9
59 29 43 21 27 16 31 18:2.967962666e9
29 43 31 12 28 17:3.446866498e9
16 21 27 18 31 12 17:3.04474984e9
29 21 16 18 31 12 24 17 1:2.967726906e9
29 43 21 16 31 12 24 28 17:3.255189844e9
15 29 21 27 16 31 18 12 28:2.945671225e9
41 21 16 18 31 12 28 17:3.131517564e9
29 43 16 18 31 12 17 1:3.332637152e9
29 43 21 27 16 31 18 12 28:3.56233487e9
16 43 31 12 28 17 1:3.257277306e9
29 43 21 31 12 24 28 8 17:3.0914593e9
29 43 21 18 31 12 24 28 8:3.133116518e9
43 21 18 31 12 28 1:3.197355199e9
43 21 18 31 12 28 8 17:2.950954212e9
59 29 43 21 27 16 31 18 17:3.016286083e9
41 29 21 27 16 31 12 17:3.037861536e9
41 29 21 18 31 12 28 17:3.201415351e9
29 43 16 31 12 24 28 8 1:2.98204415e9
59 41 29 21 18 31 12:2.946060744e9
59 41 43 21 18 31 12 28 17:3.054517868e9
29 43 16 18 31 12 24 1:2.954097095e9
29 21 16 38 31 12 28 17:2.962833321e9
59 29 43 21 16 18 31 12 28 1:3.100540585e9
59 29 43 16 18 31 12 24 8:2.978171524e9
29 43 25 21 16 31 18 12 17:3.038688514e9
41 43 29 21 18 31 12 1:2.974490461e9
29 43 16 18 31 12 24 28:3.244380306e9
15 43 29 16 18 31 12 28:3.139485156e9
43 31 12 28:3.089442674e9
29 43 16 27 31 12:3.027416599e9
59 29 21 31 12 28 17:3.086280062e9
16 43 18 31 12 24 28:3.076005544e9
15 43 16 18 31 12 28 17:3.045237747e9
16 43 21 18 31 12 24 8 17 1:3.043415419e9
59 16 43 31 12 28 17 1:3.002954375e9
29 43 21 16 18 31 12 8 1:2.969433738e9
59 41 43 16 18 31 12 28:3.041068942e9
43 21 31 12 1:2.960822697e9
29 16 31 12 28:3.318648303e9
59 41 43 29 21 16 31 18 12 28:3.238960453e9
59 29 43 21 12 28 17:2.949057815e9
29 21 31 12 17 1:3.004183731e9
59 41 29 21 16 31 12 28:3.029766307e9
41 43 29 21 18 31 28 17:2.962414727e9
59 29 43 21 27 16 31 12 28:3.142213318e9
29 16 12 24 28 8 17 1 43 18 31:3.086107681e9
16 18 31 12 24 28 8:2.948641727e9
29 21 16 18 31 12 1:3.286906736e9
16 21 18 31 12 24 28:2.970223845e9
29 16 18 31 12 24 28 8:3.148391686e9
29 21 16 18 31 12 24 28 17:3.242017252e9
29 43 21 18 12 28 1:2.958224082e9
16 21 27 31 12 28 17:3.165030054e9
59 43 21 27 18 31 12 17:2.977802921e9
29 43 21 27 16 31 12 17:3.621540496e9
41 43 16 18 31 12 28:3.14630154e9
29 21 16 27 18 31 12:3.41503267e9
59 41 43 21 16 18 31 12 28:3.161354812e9
41 43 21 27 16 31 18 12:3.071445525e9
41 29 16 18 31 12 28 17:3.18598604e9
43 21 27 18 31 12 28:3.2602401e9
16 43 21 31 12 28:3.569413579e9
29 21 16 18 31 12:3.624607575e9
59 41 43 29 31 12 28 17:2.967853498e9
41 43 29 21 16 31 18 12 28:3.423031336e9
16 43 21 18 31 12 28 17:3.755567641e9
29 16 18 31 28 17:2.976225519e9
29 43 31 12 28:3.386888591e9
16 43 21 18 31 12 8 17:3.086225503e9
59 16 21 18 31 12 28 1:2.937524538e9
41 43 29 21 18 12 28 17:2.987851374e9
15 43 29 21 31 12 28 17:3.040946026e9
29 43 21 27 16 31 18 28:3.180853019e9
29 16 12 24 28 8 17 1 43 21 31:2.935224666e9
29 21 16 27 18 31 12 28 17 1:3.077389529e9
29 21 16 27 18 31 12 28 17:3.506768585e9
29 43 27 31 12 28 17:2.955165095e9
43 21 31 12 17:3.180380777e9
29 43 21 27 16 31 12 1:3.077721504e9
29 43 21 16 18 31 12 17 1:3.492801368e9
29 43 21 27 16 18 12 28 17:3.294939761e9
59 29 21 16 18 31 12 1:3.003191343e9
29 43 16 12 24 28 8 17:2.938312143e9
59 29 43 31 12:2.935579683e9
43 21 31 12 28:3.348791253e9
29 43 21 27 12 17:2.986160186e9
41 43 18 31 12 28 17:2.985978251e9
41 43 29 27 21 31 12 28:2.963303114e9
59 41 43 21 16 18 31 12 17 1:2.961149264e9
29 43 21 31 12 28 8 17:2.982577544e9
29 43 21 16 12 28 17 1:3.049302407e9
59 29 43 18 31 12 28 17 1:2.982795686e9
59 29 43 21 27 16 31 12 17:3.3084028e9
29 43 21 18 31 12 8:3.082365146e9
59 41 43 21 27 16 31 18 12 28:2.964270175e9
29 43 21 27 18 31 12 28:3.400903776e9
29 43 21 27 16 12 28:3.143908146e9
29 43 18 31 12 24 28 8 17:3.17262406e9
41 43 29 16 18 31 12 28 17 1:3.070761489e9
59 29 43 21 16 31 12 24:3.011257408e9
29 43 18 31 12 24 28 8 1:2.937608676e9
29 43 21 27 16 31 18 17:3.263056433e9
59 29 21 16 31 12 17:3.205782667e9
16 43 21 31 12 24 28:3.076687066e9
16 43 21 27 18 31 12 1:3.077898711e9
29 21 16 27 18 31 12 24 28 17:2.980364517e9
29 43 21 18 31 17:3.203642519e9
16 43 21 18 31 28 1:2.999238077e9
16 43 21 27 18 31 12 17:3.472523387e9
15 29 16 18 31 12 28:2.949727333e9
29 43 16 27 18 31 12 28:3.191963995e9
29 43 16 18 31 28 17 1:3.045572741e9
41 29 21 16 18 31 12:3.27806215e9
