16 43 18 31 12 28 8
29 21 16 31 12 24 8
41 29 16 31 12 28
29 43 21 31 17
29 43 16 31 12 24 28 17
29 21 18 31 12 28 8 17
29 43 21 16 18 31 12 24 1
41 29 21 27 16 31 12 28
41 43 29 21 31 12 28 17
59 29 21 18 31 12 17
15 43 21 27 16 31 18 12 17
59 41 29 21 18 31 12 28 17
41 21 16 31 12 28
29 43 16 31 12 24 28 8 17 1
29 21 18 31 12 28
16 43 21 18 31 12 24 28 8 1
16 43 18 12 28
59 16 43 31 12 28 17
59 16 43 21 27 18 31 12
16 43 18 31 12 24 28 1
41 43 29 16 31 12 28 17 1
29 21 27 18 31 12 28
29 43 18 31 12 24 28 17
59 29 43 16 27 18 31 12 28
15 43 29 21 16 31 18 12 17 1
29 21 16 18 12 28 1
29 43 21 16 18 31
41 43 29 27 21 16 18 12 17
15 43 29 21 16 31 18 17
29 21 16 18 31 12 28 8
29 21 16 18 31 12 24 28 17 1
59 29 43 31 12
29 43 21 16 38 31 18 12 28
29 43 16 18 31 12 28
41 43 21 16 18 31 12 28 1
41 43 29 21 16 31 18 12 28 17
41 15 43 29 21 31 16 18 12 17
16 43 21 18 31 28
43 21 18 31 12 24 28
16 43 21 18 31 12 8 17
29 18 31 12 28 1
59 41 29 21 16 31 12 17
16 43 21 31 12 24 8
16 43 21 18 12 28 1
29 43 21 31 12 24 8 17
41 43 21 18 31 12 28 17
29 43 16 18 31 12
41 43 29 21 18 31 12 28 17
29 43 21 18 12 17 1
16 43 21 18 31 12 28 8 17
29 43 21 18 31 12 24 8
59 16 21 18 31 12 28 17 1
16 43 21 12 17
16 43 18 31 12 28 8 1
59 29 43 21 27 16 18 12 28 17
29 16 12 28 17 59 41 21 27 18 31
29 43 21 18 31 28
43 21 31 12 28 17 1
29 16 12 28 17 59 15 43 21 18 31
29 43 21 27 16 31 18 24 12 17
59 41 43 29 21 16 31 17
29 43 21 16 31 28 17
16 43 21 27 18 31 28 17
41 43 29 21 16 18 12 28 17
59 43 21 31 12 17
29 21 18 31 12 24 8
29 43 21 16 31 12 28 17
59 16 43 21 18 31 12 28 17 1
59 29 16 18 31 12 28 17
16 43 21 18 31 12 24 8 1
41 43 29 21 16 18 12
29 16 18 31 12 24 28
29 21 31 12 28 1
21 18 31 12 28 17 1
29 21 16 18 12 28 17 1
16 21 18 31 12 24 28 17
29 18 31 12 28 17 1
59 41 43 16 18 31 12 28 17
29 21 16 27 18 31 12 28
59 41 43 29 16 31 12 17
43 21 31 12 24 28 8 17
29 43 21 27 18 31 12 1
59 29 21 16 27 31 12 17
29 21 31 12 1
41 43 21 16 31 12 17
29 43 16 31 28 17 1
41 43 29 16 31 12 28 17
29 21 16 18 12 28 17
59 41 43 29 21 31 12 28
29 21 12 28 17
59 43 21 18 31 12 28 17 1
16 43 38 31 18 12 28 17
41 43 29 27 21 31 18 12 28
15 43 29 27 21 31 16 12 28 17
16 43 18 31 28 17 1
59 41 43 29 21 16 18 12 17
29 43 16 31 12 28 17
59 29 21 16 27 31 12 28
29 43 21 16 18 31 24
15 43 29 27 21 31 16 18 28 12
16 43 31 12 24 28 8 17 1
15 43 29 21 16 31 18 12
29 43 21 16 31 12 24
15 43 29 21 18 31 12 17
41 29 21 16 18 31 12 17
59 41 43 29 21 16 31 18 12 28
29 43 31 12 28 17 1
29 16 18 31 12 28 8
59 29 21 16 31 12 28
59 41 43 29 16 18 31 12 17
59 41 43 29 21 18 31 12 28
29 43 16 31 12 24 17
29 16 18 31 12 24 28 8 1
41 29 21 16 18 31 12 28 17
29 16 12 17 1 59 41 43 21 18 31
41 43 29 21 16 31
29 16 12 17 59 41 43 21 27 18 31
29 21 16 31 12 28 1
29 43 21 27 18 31 17
41 43 29 21 18 31 12 28 1
16 43 18 31 12 24 28 8 17 1
