826 1521 676 726 1049 439
374
1251
1341
782
1073
528 1320 288 365 964
1272
430 796 1472 819
1390 8 1450
1312 1268 182 37 625
1373 481 620 321 594 773 1096 664 327 1342 617
759
94 1186 1446 404 1236 287 1340 1024 414 244 1512 1436
300 888 445 349 17 439 595
1373 773 1096 620 664 321 594 327 1342 617
1491 1118 991 675 166 1314 1347
1082
1317
924 1223 1373 1344 281 1128 1084
773 912 446 1482 236 706
1556
479 724 575 625 751 608
1373 773 481 620 1096 1077 594 327 617
178
94 1446 1236 287 1340 271 1024 237 414 244 1512 1436
1446 1229 87 1342 1163
849
181
773 481 1096 1077 664 594 327 1342 617
881 438 1364 937 355 1048 958
309
1289
1056 1499 840
