1516
782
773 481 620 1096 664 321 594 1342 617
966 11 510 1353 267 743
11 510 1353 1320 1282 267 743
1373 773 620 594 327 1342 617
1126
620
94 1446 404 1236 287 1340 271 1024 237 414 1512
1172 779 783 962 1161 130
907 1433 707 1556
231
638 1104 1536 920 1380 1180 1470
1013
1250 900 104 1017 1345 840
208 25 753 1429 71 640
773 1096 594 327 1342 617
1082
1456 1140 441 1527 1439 584
1281
1380
1024 1446 1236 237 287 414 244 1340 1512 271
1101
231 1263 287 308 470
1518
1319
792
528 1320 344 288 365 964
773 1096 620 594 327 1342 617
1437 351 205
966 1320 1353 267 743
1100
684 1456 1140 1527 917 584
1289 873 1549 1472 347
773 481 1096 1077 664 594 327 1342 617
1373 773 1096 620 664 594 327 1342 617
1268 182 87 37 625
914
488
1186 404 1236 287 1340 271 1024 237 414 244 1512
684 1456 441 1527 1439
1186 1446 404 1236 287 1340 237 414 244 1512 1436
404 1236 287 1340 271 1024 237 414 244 1512 1436
1373 773 1096 620 664 321 594 327 1342 617
249
1173 1506 171 558 487 470
684 1456 1140 441 917 584
907 1433 707 1556 1489
1345
841 1251 86 602 76
352 336 36 725 9 895 625 958
1386 560 1136 1197 1303 327
988 772 1431 339 1281
571
1135 985 519 991 845 1295 862
1373 773 481 620 1096 664 594 327 617
1289 873 191 384 1472 347
94 404 1236 287 1340 1024 237 414 244 1512 1436
234
767
1373 773 481 620 1096 1077 594 1342 617
308
1289 873 191 1472 347 280
1046 1123 1412 1516 863 447 281
1373 773 1096 664 321 594 1342 617
1290
815 937 1087 798 944 471
1279 430 796 1472 819
631
1341
1221
1373 773 1096 620 1077 594 1342 617
1373 773 481 1096 1077 321 594 1342 617
773 1096 620 1077 321 594 327 1342 617
773 1096 1077 664 594 327 1342 617
1373 773 1096 1077 664 594 1342 617
944
882
1460
551 907 1433 707 1556 1489
773 481 620 1096 664 321 594 327 617
666 83 545 1244 1475 387 608
551 1433 1510 1556 1489
1509
94 1024 404 1236 237 287 414 1340 1512
1222
888 349 1531 439 17
595 888 445 17 349 1531 439
1373 773 1096 1077 321 594 327 1342 617
59 49 486 168 1228
218 728 1427 1044 1543
966 11 510 1353 1320 1282 267
1349 1460 767 850 218
1373 773 481 620 1096 1077 321 594 327 617
924 1223 1373 1344 281 1128 1084
1268 182 1295 87 37 625
667 1029 407 197 873 733 450
1512
773 481 1096 594 327 1342 617
277 1315 1153 932 1432 106 111
1251 86 99 602 292 76
1064
982 988 772 339 1281
1312 1268 182 37 625
881 438 937 355 1120 958
1039
1367 678 1504 1017 761 1267 645
967
684 1456 1140 441 1527 1439
773 481 1096 1077 664 321 594 327 617
684 1456 441 917 1439
1373 773 481 620 664 321 594 1342 617
94 1186 404 1236 287 1340 271 1024 237 414 1512 1436
981
469
888 445 349 17 439 595
352 336 725 9 895 625 958
928
1367 678 1504 1017 761 1394 645
1373 773 481 1096 664 321 594 327 617
222
710 676 726 1049 1521 439
241 1390 1450 751
218 1400 728 1044 1543
773 1096 620 594 1342 617
486 1315 510 1332 1282 1432 1459
1373 773 481 620 321 594 327 1342 617
94 1186 1236 287 1340 1024 237 414 244 1512 1436
966 11 510 1353 1320 1282 267 743
719
1373 773 620 1077 594 327 1342 617
326
75
486 1315 510 1282 1432 1459
1373 773 1096 1077 664 321 594 327 1342 617
