55 52 28 75 37 19 34 88 31 82 85 91 127 106 109
55 72 28 75 37 19 34 124 88 31 121 85 91 127 106 109
16 55 52 72 75 37 19 34 124 88 31 91 127 106 109
55 52 72 75 103 37 19 34 124 88 31 82 85 91 127 106 109
55 52 72 75 37 34 49 124 88 31 82 85 91 127 106 109
55 52 72 75 37 19 34 124 88 31 121 82 85 91 127
55 52 72 75 103 37 19 34 124 88 31 121 91 127 106 109
55 72 28 75 37 19 34 124 88 31 82 85 91 127 106 109
55 52 72 28 75 103 37 19 34 124 88 31 82 85 91 127 106 109
16 55 52 72 28 75 37 19 34 124 88 31 91 127 109
55 72 28 75 37 34 124 88 31 85 91 127 109
55 52 72 103 37 19 34 49 124 88 31 82 85 91 127 106 109
55 52 28 75 37 19 34 49 124 88 31 91 127 109
16 55 52 72 75 37 34 124 88 31 82 85 91 127 106 109
16 55 52 72 28 75 37 19 34 124 88 31 82 85 91 127 106 109
16 55 72 28 75 37 19 34 124 88 31 82 85 91 127 109
55 28 37 19 34 124 88 31 82 85 91 127 109
16 55 52 72 37 19 34 124 88 31 82 85 91 127 106 109
55 52 37 19 34 49 124 88 31 82 85 91 127 106 109
55 52 72 28 75 37 19 34 49 124 88 31 91 127 106 109
55 52 72 75 37 34 49 124 88 31 85 91 127 109
55 72 75 37 19 34 124 88 31 121 82 85 91 127 109
55 52 72 28 75 37 19 34 124 88 31 91 127 106 109
55 52 72 28 75 37 19 34 124 88 31 121 91 127 106 109
55 52 75 37 19 34 49 124 88 31 82 85 91 127 109
55 52 75 37 19 34 49 124 88 31 121 82 85 91 127 106 109
55 52 72 28 75 37 19 34 49 124 88 31 82 85 91 127 109
55 52 72 75 37 19 49 124 88 31 82 85 91 127 109
55 52 72 28 75 37 34 124 88 31 121 85 91 127 106 109
55 52 72 75 37 19 34 49 124 88 31 91 127 109
55 52 103 37 19 34 49 124 88 31 82 85 91 127 106 109
55 52 72 28 75 103 37 19 34 49 124 88 31 85 91 127 106 109
55 52 72 75 103 37 34 49 124 88 31 82 85 91 127 106 109
55 52 75 37 19 34 49 124 88 31 91 127 106 109
55 52 72 75 37 19 34 124 88 31 121 82 91 127 106 109
16 55 52 72 75 37 19 34 124 88 31 82 91 127 106 109
55 52 75 37 34 49 124 88 31 82 85 91 127 106 109
16 55 52 72 37 19 34 124 88 31 82 85 91 127 109
55 52 28 75 37 34 124 88 31 91 127 106 109
55 28 75 37 34 124 88 31 82 85 91 127 109
