402 493 33 990 424 527
260 402 990 194 198 424 522
260 402 493 33 578 198 424 842 73
493 33 990 578 198 424 73 522
402 493 33 578 842 424 527 73
260 402 493 33 990 198 424 527 522
695 898 990 141 492 842 286 780 198 355 468 162
260 493 33 194 578 842 424 73
260 402 493 990 194 842 198 424 527
402 493 33 990 578 424 522
260 402 33 990 424 522 493 578 198 527 73
260 402 493 33 990 194 73 527 522
695 898 990 141 492 9 842 286 780 198 355 468
493 33 990 194 424 527
260 402 493 33 578 842 424 527 522
493 33 990 194 578 198 424 842 73
260 402 33 990 578 198 424 73 522
260 402 33 990 578 73 424 527 522
402 493 990 194 578 198 424 842 73 522
402 33 194 198 424 527
402 33 990 73 527 522
33 990 194 73 198 522
493 33 990 73 198 522
695 898 990 71 141 492 9 355 286 780 198 468 162
260 990 194 578 198 527 73 522
402 493 33 194 578 842 424 73
260 402 990 842 198 424 73 522
260 695 898 990 71 141 492 511 9 842 286 198 355 468 162
493 33 73 198 424
260 695 898 990 141 9 842 286 780 575 198 468 355 162
402 493 33 424 527 522
402 33 842 198 424 527 522
260 33 990 842 198 424 522
260 402 33 990 198 424
260 493 990 194 578 198 527 73 522
260 493 33 578 198 424 842 527 522
260 33 990 194 578 198 842 73 522
260 33 990 842 73 424
260 33 194 842 198 424 73 522
695 898 990 71 141 492 9 842 286 780 575 198 468 355 162
402 33 990 578 198 424 527 73
260 402 33 842 198 424 527
260 402 33 194 842 73 424 527 522
493 990 194 842 198 424 527 522
260 695 898 990 71 492 9 842 286 575 198 355 162
260 493 990 194 578 198 424 842 73
260 493 33 842 73 424 527
260 402 33 990 194 578 842 424 73
402 33 990 194 73 198 424 527 522
402 33 990 194 73 424 522
260 695 898 990 71 141 492 842 286 780 575 198 355 162
260 402 493 194 842 73 424 522
260 402 493 33 73 198 424
402 493 33 842 198 424 527 73 522
260 990 194 198 424 527 522
402 33 194 198 424 527 522
402 33 990 424 522 493 578 198 842 527 73
260 695 898 990 71 492 355 286 780 198 468 162
260 493 990 578 198 424 842 522
260 402 493 990 578 73 527 522
402 990 194 73 198 424 522
493 33 194 578 198 424 73 522
260 695 898 990 71 492 511 9 842 286 780 575 198 355
402 33 990 578 73 527 522
260 402 493 33 990 194 578 198 842 73
402 493 990 194 842 198 527 522
402 493 990 842 198 424 527 73 522
260 402 493 33 842 73 424
260 402 493 33 194 842 198 424 73 522
260 695 990 492 511 9 842 286 780 575 198 468 355 162
260 402 33 990 424 522 493 194 578 842 527 73
260 402 493 33 990 842 198 424 527
260 695 990 71 492 9 842 286 780 198 355 468 162
260 33 194 578 198 424 527 73 522
260 402 493 33 990 842 198 527 522
260 402 493 33 578 842 424 73 522
402 493 194 842 198 424 73 522
260 402 493 578 198 842 527 73 522
402 493 194 578 198 424 842 73 522
402 493 33 194 578 198 424 73
260 493 33 990 578 73 424 527 522
33 194 198 424 527 522
260 402 493 33 578 73 424
402 493 33 194 842 198 527 73 522
260 402 33 194 842 73 424
402 33 990 194 842 198 527 73 522
33 990 194 198 424 522
493 33 990 194 73 424 522
260 493 990 578 198 842 527 73 522
695 898 990 141 492 511 842 286 780 198 355 468 162
402 33 990 424 522 493 194 578 198 842 527
695 898 990 71 492 842 286 780 575 198 468 355 162
402 493 33 990 73 198 424 527
801
260 493 33 990 194 198 424 527
402 493 194 578 198 424 842 527 73
260 33 990 194 578 73 424 527 522
493 194 842 73 424 527 522
402 493 33 990 194 578 198 424 842
33 990 578 198 73 522
402 493 33 990 194 578 424 527 522
33 990 194 578 198 527 73 522
990 578 73 424 527 522
260 695 898 990 71 141 511 9 842 286 780 575 198 468 355 162
402 33 578 198 424 527 73 522
260 402 493 33 990 194 842 198 527 73
493 33 990 194 842 73 424
260 402 493 33 194 73 198 527 522
695 898 990 71 141 492 511 9 842 286 780 575 198 468 355
260 695 898 990 492 511 842 286 575 198 355 468 162
990 194 578 198 424 842 73
493 990 578 198 424 842 527 73
260 402 33 990 578 198 424 527 73 522
402 493 33 578 198 424 522
33 194 578 73 424 527 522
402 493 33 990 194 198 424 522
260 493 33 990 194 842 198 424 527
402 493 33 842 198 424 73
260 402 493 990 194 842 73 527 522
260 493 990 194 578 842 424 73 522
402 990 578 198 424 842 73
402 33 990 578 198 424 842 73
260 493 33 990 578 198 424 842 73 522
402 493 990 842 73 424 527 522
493 33 990 194 842 198 424 73 522
260 402 33 73 198 424 527 522
402 194 842 198 424 73 522
260 695 898 990 71 141 492 511 9 842 286 780 198 355
260 493 990 194 842 73 424 527
260 402 578 198 424 842 73 522
260 33 990 424 527 522
493 990 73 198 424 527
260 402 493 33 194 578 842 527 73 522
402 194 578 198 424 842 527 73
260 695 898 990 141 492 511 9 842 286 780 575 198 468 162
402 493 578 198 424 842 73
260 493 33 990 194 842 424 527
493 194 578 198 424 842 527 73 522
547 481 72 280 59 243 511 854 753 358 606 389 355 765 116
260 493 578 842 424 527 73 522
260 695 898 990 71 492 511 9 355 286 780 575 198 468
493 990 842 73 424 522
402 493 33 990 73 424 527
260 493 33 842 198 424 73 522
547 481 72 767 280 59 243 511 854 753 358 606 355 765 116
402 33 194 842 198 424 522
260 402 33 990 73 198 424
402 33 990 194 578 198 424
260 402 493 33 990 194 842 73 522
402 194 842 198 424 527 73
260 695 898 990 492 842 286 780 198 355 468 162
260 402 493 33 990 424 527 522
260 402 493 33 990 578 73 424 527
402 33 990 194 578 424 527 522
493 33 990 194 578 842 424 522
260 493 33 990 578 73 424 522
695 898 990 492 511 842 286 780 198 355 468 162
695 898 990 141 492 511 9 355 286 780 575 198 468 162
260 402 493 33 990 194 424 527
260 402 493 990 194 842 198 424 73
493 578 842 424 527 73 522
493 194 578 198 424 527 73
402 990 194 578 73 424 527
402 33 990 578 842 424 522
260 695 898 990 71 492 511 355 286 780 198 468 162
402 33 842 198 424 527
260 402 33 194 578 73 424 527 522
260 33 194 578 198 842 527 73 522
260 33 990 194 842 73 527 522
402 33 990 194 578 198 842 527 73 522
260 402 33 990 194 578 198 424 73
402 493 33 578 842 527 73 522
260 402 33 578 842 424 527 73
402 493 33 990 198 424 522
402 493 33 194 842 73 424 527
260 402 493 578 198 424 842 73 522
493 33 990 73 198 424 522
493 33 990 194 578 198 424 73 522
402 493 990 578 73 424 522
260 402 493 990 194 578 198 424 842 73
402 493 33 990 194 842 198 527 522
402 33 990 578 842 527 73
260 402 493 33 990 194 578 842 527 73
493 33 578 198 424 73 522
402 493 33 990 842 198 424
260 33 73 198 424 527 522
260 402 33 990 578 198 73 522
260 402 33 194 842 198 527 73
