402 493 33 990 194 578 198 842 522
260 402 33 990 424 522 493 194 842 198 527 73
260 402 33 990 842 73 522
260 33 990 194 578 198 842 527 73
695 898 990 71 492 9 842 286 780 198 355 162
260 402 990 194 842 424 527 522
260 493 33 990 578 424 527 522
260 402 33 990 73 424
402 33 194 578 198 424 73
695 898 990 492 511 9 842 286 780 575 198 468 162
260 402 33 990 578 198 424 842 73 522
260 493 990 194 578 198 424 527 73
260 402 33 842 198 73 522
402 493 33 990 194 578 842 73
402 33 194 842 73 424 522
402 493 990 194 578 842 424 73 522
260 33 194 578 198 424 73
260 695 898 990 71 492 511 9 842 286 780 198 468 162
260 493 33 842 198 424 73 522
260 990 194 578 198 424 527 522
260 402 493 33 578 73 424 527 522
260 402 33 990 194 578 198 424 73
402 493 33 990 578 842 73 522
260 402 33 990 424 522 194 578 842 527 73
402 33 990 194 578 198 424 527 73 522
402 493 33 990 578 73 522
260 402 33 990 424 522 493 194 578 842 527 73
260 695 898 990 71 141 492 9 355 286 575 198 468 162
260 402 493 33 194 578 198 73 522
260 402 493 33 194 578 198 842 527 522
260 402 493 990 578 842 424 527 522
990 578 73 424 527 522
260 402 493 33 990 194 578 198 424
260 33 990 578 198 424 842 73
260 402 990 578 198 424 842 73 522
260 402 990 578 198 424 73
547 481 72 767 280 59 243 511 854 358 606 389 355 765 116
260 33 578 73 424 527 522
695 898 990 492 9 355 286 780 575 198 468 162
493 990 194 578 198 424 842 527 522
33 990 578 842 424 73 522
260 695 898 990 71 141 492 9 842 286 575 198 355 468
402 990 578 842 424 527 73
260 695 898 990 71 492 511 842 286 780 198 355 162
990 194 73 198 424 527
