55 52 72 75 37 34 49 124 88 31 91 127 106 109:1.708930689e9
55 75 37 19 34 124 88 31 85 91 127 106 109:1.703693804e9
55 52 72 28 75 37 19 34 124 88 31 91 127 106 109:1.752243051e9
55 52 72 75 37 19 34 124 88 31 91 127 106 109:1.754372365e9
55 28 75 37 19 34 124 88 31 85 91 127 109:1.706155318e9
55 52 72 75 37 19 34 49 124 88 31 121 82 85 91 127 106 109:1.722069933e9
55 52 72 75 37 19 34 49 124 88 31 82 85 91 127:1.713893107e9
16 55 72 75 37 19 34 124 88 31 82 85 91 127 109:1.710025909e9
55 52 28 75 103 37 19 34 124 88 31 82 85 91 127 106 109:1.71249664e9
55 52 28 75 37 19 34 49 124 88 31 82 85 91 127 106 109:1.705176087e9
55 52 75 103 37 19 34 49 124 88 31 85 91 127 106 109:1.719619222e9
16 55 52 72 28 75 37 19 34 124 88 31 85 91 127 106 109:1.717103209e9
55 52 75 103 37 19 34 49 124 88 31 82 85 91 127 106 109:1.722125134e9
55 52 72 75 37 19 34 49 88 31 82 85 91 127 106 109:1.709135324e9
55 72 37 19 34 124 88 31 82 85 91 127 106 109:1.710689082e9
55 52 72 28 37 19 34 124 88 31 85 91 127 106 109:1.716096335e9
55 52 37 19 34 49 124 88 31 85 91 127 106 109:1.703087587e9
55 52 72 75 37 19 34 88 31 82 85 91 127 106 109:1.722401599e9
55 72 28 75 103 37 19 34 124 88 31 82 85 91 127 106 109:1.717352119e9
55 52 72 28 75 37 19 34 124 88 31 82 85 91 127 106:1.712547438e9
55 52 72 37 19 34 124 88 31 82 85 91 127 106 109:1.743927843e9
55 52 75 37 34 124 88 31 82 85 91 127 106 109:1.725160834e9
16 55 52 75 37 19 34 124 88 31 82 85 91 127 106 109:1.72801724e9
55 52 72 75 37 19 34 69 124 88 31 85 91 127 106 109:1.702641491e9
55 75 103 37 19 34 124 88 31 82 85 91 127 106 109:1.714349435e9
55 52 72 75 103 37 19 34 124 88 31 85 91 127 106 109:1.760109529e9
55 52 72 28 75 37 19 34 124 88 31 121 82 85 91 127 109:1.703620571e9
16 55 52 72 75 37 19 34 49 124 88 31 82 85 91 127 109:1.714459725e9
55 72 28 75 37 19 34 124 88 31 91 127 109:1.710716219e9
55 52 72 75 103 37 19 34 124 88 31 121 82 85 91 127 106 109:1.721730733e9
16 55 52 75 37 19 34 49 124 88 31 85 91 127 106 109:1.702974483e9
55 52 72 75 37 19 49 124 88 31 82 85 91 127 106 109:1.702503811e9
55 52 72 75 37 34 124 88 31 85 91 127 109:1.714817895e9
55 72 28 75 37 34 124 88 31 85 91 127 106 109:1.705903216e9
55 52 75 37 19 34 124 88 31 85 91 127 109:1.728634124e9
55 28 75 37 19 34 124 88 31 82 85 91 127 109:1.721422956e9
55 52 72 75 37 19 34 49 124 88 31 82 85 91 127 106:1.72143948e9
16 55 72 75 37 19 34 124 88 31 85 91 127 106 109:1.705805854e9
55 52 72 28 75 37 19 34 49 124 88 31 82 85 91 127 109:1.708379941e9
55 52 75 37 19 34 49 124 88 31 82 85 91 127 106 109:1.757064245e9
55 52 72 75 37 19 34 49 124 88 31 82 91 127 106 109:1.709487551e9
55 52 75 37 19 34 49 124 88 31 82 85 91 127 109:1.74531295e9
55 52 72 75 37 19 34 124 88 31 121 82 85 91 127 106 109:1.755832877e9
55 52 72 75 37 34 124 88 31 91 127 106 109:1.702356566e9
16 55 52 72 75 37 19 34 124 88 31 121 82 85 91 127 106 109:1.706721526e9
16 55 52 72 75 37 19 34 124 88 31 85 91 127 109:1.725114067e9
55 52 37 19 34 124 88 31 82 85 91 127 106 109:1.724921733e9
55 52 28 75 37 19 34 124 88 31 91 127 109:1.712315776e9
55 52 75 37 19 34 49 124 88 31 91 127 106 109:1.724671231e9
55 52 72 28 75 37 19 34 49 124 88 31 82 85 91 127 106 109:1.711014549e9
55 52 72 103 37 19 34 124 88 31 82 85 91 127 106 109:1.715670464e9
55 52 28 75 37 19 34 124 88 31 121 85 91 127 106 109:1.702167635e9
55 52 75 37 19 34 124 88 31 121 85 91 127 106 109:1.716512263e9
55 72 75 37 19 34 124 88 31 82 85 91 127 106:1.707152022e9
55 52 72 37 19 34 49 124 88 31 82 85 91 127 106 109:1.724537315e9
55 52 75 37 34 49 124 88 31 82 85 91 127 106 109:1.716963905e9
55 52 72 28 75 37 19 34 124 88 31 82 85 91 127 106 109:1.764389606e9
55 52 72 75 37 34 49 124 88 31 85 91 127 106 109:1.731427935e9
55 52 72 75 37 19 34 124 88 31 82 85 91 127 109:1.785039042e9
55 52 72 75 37 19 34 124 88 31 121 85 91 127 106 109:1.747179066e9
55 72 75 37 19 34 124 88 31 121 82 85 91 127 106 109:1.730831111e9
55 28 75 37 19 34 124 88 31 85 91 127 106 109:1.721727473e9
55 72 75 103 37 19 34 124 88 31 85 91 127 106 109:1.724748738e9
55 52 72 75 103 37 19 34 49 124 88 31 85 91 127 109:1.706150645e9
55 72 75 37 19 34 124 88 31 85 91 127 109:1.722151021e9
16 55 52 72 75 37 19 34 124 88 31 121 85 91 127 106 109:1.702874301e9
55 52 72 75 37 19 34 49 124 88 31 85 91 127 106 109:1.774038527e9
55 72 75 37 19 34 124 88 31 85 91 127 106 109:1.743692706e9
55 52 72 75 103 37 19 34 49 124 88 31 82 85 91 127 109:1.704037471e9
55 52 72 75 37 19 34 49 124 88 31 121 82 85 91 127 109:1.714434468e9
55 52 75 37 19 34 124 88 31 82 85 91 127 106 109:1.771974083e9
55 52 72 75 37 34 49 124 88 31 82 85 91 127 109:1.726834522e9
16 55 52 72 28 75 37 19 34 124 88 31 85 91 127 109:1.707492111e9
55 52 72 75 103 37 34 124 88 31 85 91 127 106 109:1.713510991e9
55 52 75 103 37 19 34 124 88 31 82 85 91 127 109:1.707832469e9
55 75 37 19 34 124 88 31 82 85 91 127 106 109:1.735906698e9
55 72 28 75 37 19 34 124 88 31 85 91 127 106 109:1.747924031e9
55 72 28 75 37 19 34 124 88 31 91 127 106 109:1.726532424e9
55 52 75 37 19 34 49 124 88 31 121 82 85 91 127 106 109:1.707561844e9
55 52 37 19 34 124 88 31 82 85 91 127 109:1.70709518e9
55 52 72 28 75 37 34 124 88 31 85 91 127 106 109:1.729478894e9
55 52 72 75 37 34 124 88 31 85 91 127 106 109:1.734837761e9
55 52 72 75 37 19 34 124 88 31 121 82 85 91 127 109:1.743108464e9
55 52 28 75 103 37 19 34 124 88 31 85 91 127 106 109:1.715638826e9
55 52 72 28 75 37 19 34 124 88 31 121 85 91 127 106 109:1.7193172e9
55 52 72 37 19 34 49 124 88 31 82 85 91 127 109:1.713840968e9
55 52 72 75 103 37 19 34 124 88 31 85 91 127 109:1.721440135e9
55 52 72 28 75 37 19 34 124 88 31 82 85 91 127:1.707572909e9
55 52 72 28 75 37 19 34 88 31 82 85 91 127 106 109:1.702881053e9
55 52 28 75 37 34 124 88 31 85 91 127 106 109:1.706017157e9
55 52 72 75 103 37 19 34 49 124 88 31 82 85 91 127 106 109:1.737266077e9
55 52 72 75 37 19 34 124 88 31 91 127 109:1.733448305e9
55 52 75 37 19 34 124 88 31 121 82 85 91 127 106 109:1.732052816e9
55 52 72 75 103 37 19 34 124 88 31 121 85 91 127 106 109:1.719302972e9
55 52 72 75 37 19 124 88 31 82 85 91 127 109:1.703817292e9
55 52 72 75 37 19 34 49 124 88 31 82 85 91 127 106 109:1.775894111e9
55 52 75 37 19 34 124 88 31 82 85 91 127 109:1.755120454e9
55 52 72 75 103 37 34 124 88 31 82 85 91 127 106 109:1.72784363e9
55 52 28 75 37 19 34 49 124 88 31 91 127 106 109:1.704703258e9
16 55 52 72 75 103 37 19 34 124 88 31 82 85 91 127 106 109:1.720716883e9
55 75 37 19 34 124 88 31 82 85 91 127 109:1.716375662e9
55 52 72 75 37 19 34 124 88 31 121 85 91 127 109:1.730681092e9
55 52 72 75 37 19 124 88 31 82 85 91 127 106 109:1.719899679e9
55 52 72 37 19 34 49 124 88 31 85 91 127 106 109:1.719431807e9
55 72 28 37 19 34 124 88 31 82 85 91 127 106 109:1.70194487e9
55 75 37 19 34 124 88 31 121 82 85 91 127 106 109:1.702126326e9
55 52 72 75 37 34 49 124 88 31 85 91 127 109:1.716598171e9
55 52 72 75 103 37 34 49 124 88 31 82 85 91 127 106 109:1.702179646e9
55 52 72 75 103 37 19 34 49 124 88 31 91 127 106 109:1.725538338e9
55 52 72 28 75 37 19 34 124 88 31 82 85 91 127 109:1.756836859e9
55 52 72 75 37 19 34 124 88 31 82 91 127 106 109:1.727491683e9
55 72 75 103 37 19 34 124 88 31 121 82 85 91 127 106 109:1.701938502e9
55 52 72 75 103 37 19 34 124 88 31 82 85 91 127 106:1.712403302e9
55 52 72 28 75 37 34 124 88 31 91 127 106 109:1.71105194e9
16 55 52 72 75 37 19 34 124 88 31 85 91 127 106 109:1.742393775e9
55 52 72 75 103 37 19 34 124 88 31 91 127 106 109:1.734221053e9
16 55 52 72 75 37 19 34 124 88 31 91 127 106 109:1.715451221e9
55 72 28 75 37 19 34 124 88 31 82 85 91 127 106 109:1.753010558e9
55 52 72 28 75 37 19 34 124 88 31 121 85 91 127 109:1.710407742e9
55 72 75 37 34 124 88 31 82 85 91 127 106 109:1.721020019e9
55 52 72 75 103 37 19 34 124 88 31 82 85 91 127 109:1.733161196e9
55 52 72 75 37 19 34 69 124 88 31 82 85 91 127 106 109:1.712115252e9
55 52 72 28 37 19 34 124 88 31 82 85 91 127 106 109:1.715393702e9
55 52 72 28 75 103 37 19 34 124 88 31 82 85 91 127 106 109:1.723728714e9
55 52 28 75 37 19 34 124 88 31 82 85 91 127 106 109:1.749599881e9
55 52 72 103 37 19 34 124 88 31 85 91 127 106 109:1.702789813e9
55 52 37 19 34 49 124 88 31 82 85 91 127 106 109:1.715697701e9
55 52 72 75 37 34 124 88 31 121 82 85 91 127 106 109:1.714625591e9
55 52 28 75 37 34 124 88 31 82 85 91 127 109:1.702801633e9
55 52 28 37 19 34 124 88 31 85 91 127 106 109:1.704532255e9
55 52 72 75 37 19 34 124 88 31 85 91 127:1.704314905e9
55 72 28 75 37 19 34 124 88 31 121 82 85 91 127 106 109:1.703461737e9
55 52 28 75 37 19 34 49 124 88 31 85 91 127 109:1.706996438e9
55 52 28 75 37 19 34 49 124 88 31 85 91 127 106 109:1.714905703e9
55 52 72 28 75 37 19 34 124 88 31 85 91 127:1.70430939e9
55 52 75 37 19 34 124 88 31 121 82 85 91 127 109:1.717533751e9
55 52 72 28 75 103 37 19 34 124 88 31 85 91 127 106 109:1.733384306e9
55 52 72 28 75 37 19 34 124 88 31 85 91 127 106:1.71308196e9
55 52 75 37 19 34 124 88 31 91 127 106 109:1.715522027e9
55 52 75 37 34 49 124 88 31 85 91 127 106 109:1.703664025e9
55 52 75 37 34 49 124 88 31 82 85 91 127 109:1.70404129e9
16 55 52 72 75 37 19 34 124 88 31 82 85 91 127 106 109:1.753339813e9
16 55 52 72 28 75 37 19 34 124 88 31 82 85 91 127 109:1.702617198e9
55 52 28 75 37 19 34 124 88 31 82 85 91 127 109:1.740287406e9
16 55 52 72 28 75 37 19 34 124 88 31 82 85 91 127 106 109:1.708633741e9
16 55 52 72 28 75 37 19 34 124 88 31 91 127 106 109:1.704073949e9
55 52 75 103 37 19 34 124 88 31 85 91 127 106 109:1.728796156e9
55 52 28 75 37 34 124 88 31 82 85 91 127 106 109:1.713272094e9
55 52 72 28 75 37 19 34 124 88 31 85 91 127 109:1.757068603e9
16 55 52 72 75 37 19 34 49 124 88 31 91 127 106 109:1.708763027e9
16 55 52 72 75 103 37 19 34 124 88 31 85 91 127 106 109:1.716015012e9
55 52 72 75 37 19 34 124 88 31 85 91 127 106 109:1.784325338e9
55 52 72 28 75 37 19 34 49 124 88 31 85 91 127 106 109:1.727121935e9
55 52 72 28 75 37 19 34 124 88 31 91 127 109:1.739083829e9
55 52 28 75 37 19 34 124 88 31 91 127 106 109:1.727234726e9
55 52 72 28 75 37 34 124 88 31 82 85 91 127 106 109:1.730197311e9
55 52 72 75 37 19 34 49 124 88 31 121 85 91 127 109:1.7158208e9
55 72 75 37 19 34 124 88 31 82 85 91 127 109:1.751218974e9
55 52 72 75 37 19 34 124 88 31 82 91 127 109:1.711482306e9
16 55 72 75 37 19 34 124 88 31 82 85 91 127 106 109:1.726201597e9
55 52 72 75 37 19 34 124 88 31 121 91 127 109:1.703337175e9
55 52 72 28 75 37 34 124 88 31 82 85 91 127 109:1.721486578e9
55 72 28 75 37 34 124 88 31 82 85 91 127 109:1.704212313e9
55 52 75 103 37 19 34 124 88 31 82 85 91 127 106 109:1.745207285e9
55 52 75 37 19 34 124 88 31 82 85 91 127 106:1.710980591e9
55 52 72 75 37 19 34 49 124 88 31 91 127 109:1.738328089e9
55 72 75 37 19 34 124 88 31 121 85 91 127 106 109:1.712732969e9
55 52 75 37 19 34 124 88 31 85 91 127 106 109:1.749277322e9
55 52 72 75 37 34 124 88 31 82 85 91 127 106 109:1.755453484e9
16 55 52 75 37 19 34 124 88 31 85 91 127 106 109:1.710167696e9
55 52 72 75 37 34 49 124 88 31 82 85 91 127 106 109:1.737962485e9
16 55 52 72 75 37 19 34 49 124 88 31 85 91 127 106 109:1.725747742e9
55 52 72 37 19 34 124 88 31 85 91 127 109:1.705176024e9
55 52 75 37 19 34 49 124 88 31 91 127 109:1.707155731e9
55 28 75 37 19 34 124 88 31 82 85 91 127 106 109:1.733376682e9
55 52 72 75 37 19 34 49 124 88 31 85 91 127:1.704713731e9
55 72 75 37 34 124 88 31 82 85 91 127 109:1.702112315e9
55 52 72 28 37 19 34 124 88 31 85 91 127 109:1.704209143e9
55 52 72 75 37 19 34 49 124 88 31 91 127 106 109:1.754048937e9
55 52 72 28 75 37 19 34 124 88 31 121 82 85 91 127 106 109:1.70894334e9
55 72 75 37 19 34 124 88 31 82 85 91 127 106 109:1.768955358e9
16 55 52 72 75 37 19 34 49 124 88 31 85 91 127 109:1.713658136e9
55 52 72 28 75 37 19 34 124 88 31 121 91 127 106 109:1.70776688e9
55 52 72 75 37 19 34 124 88 31 82 85 91 127 106:1.740544322e9
55 72 28 75 37 19 34 124 88 31 82 85 91 127 109:1.74281656e9
55 72 28 75 37 19 34 124 88 31 121 85 91 127 106 109:1.704960269e9
55 52 72 37 19 34 124 88 31 85 91 127 106 109:1.724764274e9
55 52 72 75 103 37 19 34 124 88 31 82 85 91 127 106 109:1.769619692e9
55 52 72 75 37 19 34 49 124 88 31 121 85 91 127 106 109:1.727142058e9
55 52 72 75 37 19 34 88 31 82 85 91 127 109:1.705463906e9
55 52 72 75 103 37 19 34 49 124 88 31 85 91 127 106 109:1.741502381e9
55 52 72 28 75 37 19 34 49 124 88 31 85 91 127 109:1.720972398e9
55 52 72 28 75 37 19 34 49 124 88 31 91 127 106 109:1.720581758e9
55 72 75 37 19 34 124 88 31 91 127 106 109:1.708176563e9
55 52 72 37 19 34 49 124 88 31 85 91 127 109:1.705033659e9
16 55 52 75 37 19 34 49 124 88 31 82 85 91 127 106 109:1.706827169e9
55 52 72 75 37 19 34 124 88 31 85 91 127 106:1.721198953e9
55 72 28 75 103 37 19 34 124 88 31 85 91 127 106 109:1.718149049e9
55 52 75 37 19 34 49 124 88 31 121 85 91 127 106 109:1.705905977e9
55 52 37 19 34 49 124 88 31 82 85 91 127 109:1.702973482e9
16 55 52 72 75 37 19 34 124 88 31 82 85 91 127 109:1.739841532e9
16 55 52 72 75 37 19 34 49 124 88 31 82 85 91 127 106 109:1.722855672e9
55 72 28 75 37 19 34 124 88 31 85 91 127 109:1.734111604e9
55 52 72 75 37 19 34 124 88 31 82 85 91 127:1.727645187e9
55 52 28 75 37 19 34 124 88 31 85 91 127 109:1.73398263e9
55 72 75 37 19 34 124 88 31 121 82 85 91 127 109:1.715429291e9
55 52 72 75 37 34 124 88 31 82 85 91 127 109:1.739223187e9
55 52 72 75 37 19 34 124 88 31 85 91 127 109:1.765476792e9
55 52 28 75 37 19 34 124 88 31 85 91 127 106 109:1.746897802e9
55 52 72 75 37 19 34 49 124 88 31 85 91 127 109:1.760380083e9
55 52 75 37 34 124 88 31 82 85 91 127 109:1.707135885e9
55 52 72 37 19 34 124 88 31 82 85 91 127 109:1.728129162e9
55 52 72 75 37 19 34 124 88 31 121 91 127 106 109:1.721910663e9
55 52 72 37 19 34 124 88 31 121 82 85 91 127 106 109:1.702318985e9
55 52 28 37 19 34 124 88 31 82 85 91 127 106 109:1.711105418e9
55 52 72 75 37 19 34 124 88 31 82 85 91 127 106 109:1.800098019e9
55 72 75 103 37 19 34 124 88 31 82 85 91 127 109:1.705819228e9
55 52 72 75 37 19 34 49 124 88 31 121 91 127 106 109:1.711802956e9
55 52 72 28 75 103 37 19 34 124 88 31 91 127 106 109:1.721276751e9
55 52 75 37 19 34 49 124 88 31 85 91 127 109:1.732990235e9
55 52 72 28 75 37 19 34 49 124 88 31 91 127 109:1.712441553e9
55 72 28 75 37 34 124 88 31 82 85 91 127 106 109:1.715564297e9
55 52 72 28 37 19 34 124 88 31 82 85 91 127 109:1.707109207e9
55 52 72 75 37 19 34 49 124 88 31 85 91 127 106:1.716157249e9
55 52 72 28 75 37 19 34 124 88 31 85 91 127 106 109:1.768224047e9
55 52 72 28 75 37 34 124 88 31 85 91 127 109:1.717165464e9
55 52 72 75 37 19 34 49 124 88 31 82 85 91 127 109:1.765937468e9
55 52 75 37 19 34 49 124 88 31 85 91 127 106 109:1.748443331e9
55 72 75 103 37 19 34 124 88 31 82 85 91 127 106 109:1.743686566e9
16 55 52 75 37 19 34 124 88 31 82 85 91 127 109:1.712724307e9
