5 56 29 7 25 58 60 46 66 40 34 36 62
56 29 7 25 58 52 60 66 40 48 34 36 62
56 29 58 52 60 34 36 31 9 62 3
34 56 29 7 58 62 40 48
29 7 25 58 52 60 66 40 34 9 42 62
56 29 7 58 52 60 48 34 36 31 9 62
34 56 29 7 58 60 40 48
34 56 29 7 58 38 60 52 66 62
34 29 7 36 52 60 58 62 74 40
56 29 7 58 60 40 48 36 31 9 42 62
5 56 29 58 52 40 48 34 36 9 42 62
5 29 7 58 52 60 40 34 44 9 62
64 56 29 25 58 52 60 40 48 34 36 9 62
34 56 29 7 58 52 40
34 29 36 52 9 60 58 62 40
34 56 29 58 52 31 60 62 48
5 29 36 58 60 66 62 40
34 56 29 36 58 60 42 62 3 40
64 5 56 29 58 52 60 40 36 31 42 62 3
34 56 58 52 9 60 66 62 3 40
5 56 29 58 9 60 42 62 40
34 56 29 7 58 52 9 60 62 3
34 56 29 25 58 52 9 60 62 48
64 29 58 60 66 40 48 34 36 42 62
5 56 29 7 58 52 60 48 34 31 9 62
56 29 7 60 66 40 48 34 9 62 3
64 5 56 7 29 58 52 60 66 34 36 9 42 62
56 29 7 36 58 9 62 40 48
64 5 56 7 29 58 52 40 34 42 62 3
64 5 56 7 29 58 52 60 48 34 36 62
64 5 56 7 29 60 40 48 34 36 42 62
34 56 29 7 9 66 62 3 40
5 56 29 7 25 52 60 66 40 48 34 36 62
5 56 7 58 52 60 66 40 48 34 36 62
5 56 29 7 58 52 72 60 40 34 31 42 62 3
56 29 36 52 60 58 66 62 48
56 29 7 58 52 60 66 40 48 36 9 42 62
64 56 29 58 60 40 48 34 36 31 62 3
5 34 29 7 36 52 60 58 66 40
29 7 58 9 60 42 66 62 40
5 56 29 7 58 52 60 66 40 48 34 36 9 42 62 3
5 29 7 58 60 40 48 34 31 9 62
5 56 29 7 58 52 60 40 34 44 42 62
5 56 29 7 58 52 60 66 40 48 34 36
5 34 29 25 58 52 60 62 40
5 56 29 58 52 60 66 40 34 36 9 42
34 56 29 7 36 58 60 3 40 48
5 56 29 7 58 52 72 60 40 34 62
5 29 7 58 52 60 66 40 34 38 9 62
56 29 7 25 58 52 40 34 36 62 3
29 7 58 52 60 66 40 34 9 62 74
5 56 34 58 52 60 62 40 48
64 56 29 7 58 60 40 48 34 36 31 42
64 5 56 7 29 52 60 66 40 34 9 42 62
34 56 29 7 58 60 62 74 40
34 29 36 58 60 42 66 62 40
5 29 7 58 31 60 66 62 3 40
64 56 29 7 58 52 60 66 40 9 62
56 29 7 25 58 52 60 48 34 36 62
34 56 29 25 9 60 62 40
5 56 29 7 52 60 40 48 34 36 62 74
56 29 36 52 9 60 58 66 62 48
64 5 29 58 52 60 40 34 31 42 62 3
5 56 29 7 25 52 60 66 40 34 62
34 56 29 7 52 31 60 62 40 48
5 29 58 60 66 40 48 34 36 31 42 62
56 29 36 58 60 42 62 40
56 7 36 52 9 60 58 66 62 40
5 34 29 7 60 62 40
56 29 7 60 66 40 34 36 31 42 62
56 29 7 58 52 60 40 48 34 36 42 3
56 29 7 58 38 60 52 66 62 40
56 29 25 58 52 60 46 40 34 9 62
34 56 29 7 58 60 62 48
34 56 29 25 36 58 60 62 3 40
64 56 29 7 58 52 72 60 66 40 34 62
5 56 29 7 58 52 60 40 48 36 9 42 62
5 56 29 58 52 60 40 48 34 36 9 62
34 56 29 58 31 46 60 62 40
34 56 29 7 58 52 9 62 40
56 29 7 58 60 66 40 48 36 31 9 42 62
64 56 29 7 52 60 40 48 34 36 31 9 42 62
5 56 34 29 9 60 66 62 40 48
5 29 7 58 60 66 40 34 31 9 42 62 3
29 25 58 52 60 66 40 48 34 36 62
5 56 29 58 60 40 48 34 36 42 62
5 29 7 58 60 40 34 36 31 9 62 3
5 34 7 36 58 9 60 62 40
34 56 29 25 36 58 66 62 40
29 7 25 58 52 60 40 48 34 36 9
5 56 29 7 58 72 60 66 40 34 62
56 29 7 58 52 60 40 48 34 36 31 9 42 62
5 56 29 7 58 52 66 40 48 34 36 62
56 29 7 58 52 72 60 40 34 62 3
34 56 29 36 58 31 60 66 62 40
56 29 58 60 40 34 36 31 9 62 3
34 29 25 36 58 60 66 62 40 48
64 56 29 7 52 60 66 40 34 31 62 3
64 56 29 58 52 60 66 40 48 34 36 42 62 3
56 29 52 60 66 40 34 36 31 62 3
34 29 36 52 60 62 40
5 56 29 7 52 60 66 40 48 34 62 3
34 29 7 52 31 60 66 62 40 48
5 56 7 58 52 60 66 40 34 36 9 42 62
56 29 7 58 60 46 40 34 9 62 3
34 56 29 7 58 52 9 60 62 48
5 34 29 7 36 58 62 3 40
5 56 29 7 60 66 40 48 34 36 42 62 3
34 56 29 7 58 52 72 60 62 40
34 29 7 25 36 9 60 62 40
64 29 7 58 52 72 60 66 23 40 34 31 42 62 3
5 34 29 36 58 31 60 62 40
5 34 29 7 36 58 66 62 40
56 29 7 36 52 58 66 62 3 40
64 56 29 7 58 52 40 34 42 62 3
64 56 29 7 58 52 60 40 34 44 9 42 62
34 29 58 31 9 60 62 3 40
64 5 56 7 29 58 52 72 60 66 40 34 36 31 62 3
56 29 7 58 52 72 60 66 40 34 9 42 62
56 29 58 52 60 66 40 34 9 42 62
5 29 7 58 60 66 40 34 36 31 62 3
5 56 29 58 52 40 48 34 36 31 62 3
34 29 7 36 52 31 60 58 42 40
64 56 29 7 58 52 60 48 34 36 9 42 62
56 29 7 58 60 66 40 48 34 9 42
29 7 58 52 60 66 34 36 9 62 3
56 29 7 58 52 60 46 66 40 42 62
34 56 29 7 36 58 9 60 3 40
56 29 36 52 9 60 58 66 62 40
5 56 29 7 58 60 66 40 34 36 38 9 62
5 56 29 58 52 9 60 66 62 40
64 56 29 58 52 31 60 62 40
5 56 29 58 60 66 40 48 34 36 9
56 29 7 58 52 66 40 48 34 9 62 3
5 29 7 58 52 66 40 34 31 9 62
29 7 58 52 60 66 40 36 31 9 62 3
34 29 9 60 66 62 40
64 29 7 58 60 66 40 48 34 36 9 42 62
34 29 7 36 58 9 66 62 40 48
5 56 29 7 58 52 72 60 40 48 34 36 42 62
5 56 29 7 52 60 66 40 34 9 62 3
34 56 29 7 58 52 60 62 74
5 56 29 7 58 60 66 34 36 9 62 3
5 56 34 29 58 9 62 40
34 56 29 7 36 58 9 62 74 40
5 34 29 7 58 52 60 62 3 40
34 56 29 36 9 60 66 62 40 48
56 29 7 58 46 40 48 34 36 9 62
56 29 7 25 58 52 60 46 40 34 36 9 62
5 56 29 7 58 60 40 34 31 9 3
29 58 52 60 66 40 48 34 36 31 42 62 3
34 29 7 58 52 31 60 66 3 40
5 56 34 7 29 36 52 62 40
56 29 7 25 58 52 60 48 34 9 62 3
5 56 7 58 52 9 60 62 40
56 29 7 58 52 62 3 40
56 29 7 58 52 60 40 48 34 36 31 62
64 56 29 7 58 52 60 40 34 44 36 62
5 34 7 58 9 60 62 40
5 56 29 58 60 66 40 48 34 36 9 42 62
56 29 7 58 52 66 40 34 36 62 74
5 56 34 7 25 58 60 62 40
56 29 25 58 52 60 66 40 34 31 42 62
56 29 58 52 60 40 48 34 36 31 42 62 3
56 29 7 25 58 60 40 34 36 62 3
64 29 7 58 60 66 40 34 36 31 42 62
5 56 29 7 58 66 40 34 31 9 42 62
5 56 29 7 25 58 60 40 34 36 9 42 62
56 29 7 36 60 42 62 40
5 29 25 58 52 60 40 48 34 36 9 62
56 29 7 36 58 60 66 74 62 40
29 7 58 52 60 40 48 34 36 31 42 62 3
64 5 29 7 58 52 60 40 34 36 9 62
