1446 1229 87 1342
94 1186 1446 1236 237 287 414 244 1512 271
1556
773 620 594 1342 617
1456 441 917 1439 584
1340
197
445 349 17 439
1092 1229 87
1373 773 664 321 594 327 617
773 1096 620 1077 664 321 594 327 1342 617
773 1096 321 594 617
408
94 1186 1446 404 1236 287 1340 271 237 414 1512
1024 1446 1236 287 414 1340 1512
94 1024 1446 1236 237 404 287 414 1512 1436
773 481 1077 664 594 327 617
94 404 1236 287 1340 271 1024 237 414 244 1436
1024 1446 1236 237 404 287 414 1340 1512
1024 1446 1236 404 287 414 244 1340 1512 1436
773
1186 1446 404 1236 287 414 1340 1512 1436
1186 1024 1236 237 287 414 244 1340 1512 271
1024 1446 1236 237 404 287 244 414 1436
441
1436 1024 404 1236 237 287 414 1512 271
1186 1446 1236 237 287 414 1340 1512 271
773 620 321 594 1342 617
1024 1236 237 287 414 1512
1186 1024 1236 237 287 414 1512 1436
287
1436 94 1186 404 1236 287 414 1340 1512 271
94 1186 1446 404 1236 287 271 414 244 1512 1436
773 620 1077 594 327 617
1186 1446 404 1236 237 287 244 1340 1512 1436
76
94 1024 404 1236 287 414 1512 1436
1373 773 1096 1077 594 617
1436 94 404 1236 287 414 1340 1512 271
94 1186 404 1236 237 287 414 1512 271
773 664 594 327 617
94 1186 1024 1236 237 287 414 244 1340 1512
773 481 620 1096 1077 327 1342 617
1436 1186 1236 237 287 414 1340 1512 271
1164
1436 94 1446 404 1236 287 414 244 1512 271
1186 1446 404 1236 237 414 244 1340 1512 271
94 1024 1236 237 287 414 1340
349
1373 773 1096 620 594 1342
1373 773 481 620 664 594 327 617
94 1446 404 1236 237 287 414 1512 271
1024 1236 237 287 414 244 1340
94 1024 404 1236 237 287 414 1340 1512 271
1543
1186 1024 1446 1236 237 404 287 414 1512
414
66
798
863
1512
617
1186 1024 1236 237 414 244 1340 1512 271
773 620 664 594 327 617
773 1096 620 1077 664 327 1342 617
404 1236 237 287 414 1340 1512 1436
94 1186 1024 1446 1236 404 287 414 1340 1512
94 1186 1024 404 1236 287 414 244 1340 1512
1024 1446 1236 237 404 287 244 1512 1436
94 1186 404 1236 287 414 244 1340 1512
404 1236 287 414 244 1340 1512 1436
94 404 1236 237 287 414 1512 271
773 481 1096 664 321 327 1342 617
1186 1024 404 1236 237 287 244 1340 1512 1436
295
1436 94 1024 1236 287 414 244 1512 271
1024 404 1236 287 414 244 1512
1436 1186 1024 1236 237 287 414 244 1512 271
94 1024 404 1236 287 414 1512
1236 237 287 414 1340 1512 271
1024 1446 1236 237 404 287 244 414
350 849 1255 866 267 157 101
773 1096 664 594 617
1024 1446 1236 404 287 414 244 1340 1512
881 438 355 1048 958
1436 94 1446 404 1236 237 414 1340 1512 271
1186 1446 404 1236 287 414 1340 1512 271
1436 1024 404 1236 237 287 414 244 271
773 620 321 594 327 1342 617
1446 404 1236 287 414 244 1340 1512
1446 404 1236 287 414 244 1340 1512 271
1186 1446 1236 237 287 414 244 1340 1512
94 1186 1446 404 1236 237 287 414 1512
900 104 1017 1345 840
438 355 1120 1048 958
94 1446 404 1236 237 287 414 1340 1512 1436
773 481 664 594 327 617
1373 773 481 321 594 327 617
94 1024 1446 1236 237 414 1340 1512 1436
594
1373 773 481 1096 594 327 1342
1436 404 1236 287 414 244 1340 1512 271
94 1186 404 1236 237 287 414 1512
94 1186 1236 237 287 414 244 1340 1512 1436
1419 466 1292 470 637
