402 33 990 842 198 424 522
260 493 990 578 198 424 842 73
260 695 898 990 71 141 842 286 780 575 198 468 355
260 695 898 990 71 141 492 286 780 575 198 468 162
695 898 990 141 492 9 842 286 780 575 198 468 162
260 402 493 578 842 424 73 522
260 402 493 990 194 578 198 527 73 522
695 898 990 71 492 511 9 842 286 575 198 355 468
402 493 990 194 842 198 424 522
695 898 990 141 492 511 9 842 286 575 198 355 468 162
402 194 73 424 527 522
260 695 898 990 141 842 286 780 198 355 468 162
402 33 578 198 424 527 73 522
260 695 898 990 492 9 842 286 575 198 355 468
695 898 990 71 141 492 9 842 286 198 355 468
493 33 990 194 842 198 73 522
260 402 990 194 842 424 527 522
402 493 33 73 198 424 522
402 194 578 73 424 527 522
402 493 990 198 424 527
547 481 767 28 280 59 243 511 854 358 606 389 355 765 116
402 493 990 842 198 424
402 33 990 194 198 424 527 522
260 402 493 990 578 842 424 527 522
260 402 493 194 578 198 424 842 527 522
695 898 990 492 511 842 286 780 575 198 468 355 162
402 493 990 194 198 424 522
493 33 990 194 73 424 527 522
493 33 990 194 578 198 527 522
260 402 990 73 198 424 527 522
