547 481 72 767 280 59 243 511 854 753 606 355 765 116
260 402 493 578 198 424 842 522
493 33 990 73 198 424
695 898 990 71 492 511 9 355 286 780 575 198 468
260 33 990 578 198 424 73 522
260 493 33 990 842 198 73 522
695 898 990 71 141 492 511 842 286 780 198 468 162
260 695 898 990 141 492 9 842 286 780 198 355 162
260 402 990 578 198 424 842 73 522
260 493 33 990 194 578 842 424 527
493 33 990 194 578 198 842 522
402 33 990 194 578 198 424 842 527 73
260 402 33 990 424 522 493 194 578 198 842 73
493 33 194 842 73 424 522
260 402 493 990 194 578 198 527 73 522
260 402 493 33 990 578 842 527 73 522
493 33 990 842 198 73
33 990 194 73 198 424
493 33 990 194 578 73 527 522
695 898 990 71 141 492 511 9 355 286 780 198 468
260 402 493 33 198 424 522
260 33 990 578 842 527 73 522
260 402 493 33 990 578 198 424 842 522
493 33 194 578 198 424 842 522
547 481 72 280 59 243 511 854 358 606 355 765 116
402 493 990 578 198 424 527 522
260 695 898 990 71 141 492 511 842 286 780 575 198 468
990 578 198 424 842 73 522
260 33 194 578 198 424 842 73
260 33 73 198 527 522
402 493 33 990 194 578 424 527
260 695 898 990 71 141 492 355 286 780 575 198 162
260 402 493 990 73 527 522
260 402 990 194 73 198 424 522
260 695 898 990 71 492 9 842 286 780 198 355 162
