695 898 990 71 9 842 286 780 575 198 468 355 162
402 33 990 194 578 198 842 527 522
260 402 33 990 194 842 198 424
492 695 898 990 842 286 780 198 141 355
260 493 990 842 198 527 73
260 402 493 33 990 194 578 198 424 73
260 695 898 990 71 141 492 842 286 198 355 162
493 33 990 842 198 424 73
260 402 493 73 424 522
493 33 73 198 424 522
493 33 990 194 578 842 424 527 73
260 695 898 990 492 9 842 286 780 198 355 468
260 33 990 194 842 198 424 73 522
260 402 493 33 990 578 842 73 522
260 695 898 990 492 9 842 286 780 575 198 355
402 493 990 842 198 424 73 522
260 402 493 33 194 578 198 424 842
260 695 990 71 492 511 9 842 286 780 575 198 468 355
260 402 990 194 578 198 842 527 73
695 898 990 71 141 492 842 286 780 198 468 162
260 990 194 578 73 424 522
402 493 990 194 73 424 522
260 402 33 990 194 578 198 424 842 73
260 402 990 522 493 194 578 198 842 527 73
260 695 898 990 141 492 511 9 842 286 780 198 355 162
695 990 71 492 511 9 842 286 780 198 355 468 162
260 33 194 578 198 424 73 522
493 990 194 578 842 424 527 522
402 493 194 842 73 424 527
260 33 990 73 198 522
402 493 33 842 198 73 522
260 493 33 990 73 424
402 33 990 194 578 198 527 73 522
260 695 898 990 141 492 511 9 842 286 780 355 468 162
260 493 33 842 198 424 527 73 522
547 481 72 28 280 59 243 854 753 358 606 355 116
260 695 898 990 492 511 9 286 780 198 468 162
260 402 33 990 194 842 424 527
260 695 990 141 492 511 842 286 780 198 355 468 162
260 493 194 578 198 424 73 522
402 493 33 990 578 842 424
547 72 28 280 243 511 854 753 358 606 389 355 116
218
695 898 990 71 492 9 842 780 198 355 468 162
260 402 493 990 578 198 424 527 522
888
260 402 33 194 73 198 522
260 33 990 578 198 424 527
402 493 33 194 578 842 424 73 522
260 493 990 194 578 198 424 527 73
199
402 493 33 194 578 842 424 522
402 33 842 198 424 527 522
260 695 990 492 9 842 286 780 575 198 468 355
260 695 898 990 71 141 9 355 286 780 575 198 468 162
493 33 990 194 578 73 424 522
260 402 493 33 194 578 73 522
260 402 493 990 842 73 424
260 194 578 198 424 842 73 522
33 194 842 198 424 73 522
