402 493 33 990 194 578 198 424 842 522
260 493 194 842 198 527 73 522
260 402 33 73 198 522
260 990 194 842 198 424 527 73
260 990 194 73 198 424 522
260 695 898 990 71 141 492 9 355 286 780 575 198 468 162
176 636 216 7 950 920 631 221 159 835 785 511 336 675 981
260 493 33 990 194 578 73 522
402 33 194 578 198 527 73 522
260 493 33 194 578 198 424 73
260 695 898 990 492 9 842 286 780 355 468 162
260 402 73 424 527 522
260 402 33 842 198 424 527 73 522
402 493 33 990 578 73 424 522
260 402 990 842 198 527 73
547 481 72 767 28 280 59 243 511 854 358 606 355 116
335
695 898 990 71 492 511 9 842 780 198 355 468 162
260 695 898 990 511 9 355 286 780 575 198 468 162
990 578 198 424 842 73
402 493 33 194 578 198 424 73
493 33 990 73 198 522
260 402 493 33 990 194 578 424 522
990 194 73 198 424 522
884
493 194 578 842 424 527 73 522
260 695 898 990 141 842 286 780 575 198 468 355 162
260 493 33 990 194 578 73 527
402 194 73 198 424 527 522
111
260 33 990 194 578 198 424 842 73
493 33 194 578 842 424 527 73 522
402 493 990 194 578 198 424 73
402 33 990 842 198 424 522
33 990 198 424 522
796
260 402 33 990 522 493 194 578 198 842 73
260 402 578 198 424 73 522
402 493 33 578 198 424 527 73 522
260 402 33 990 578 198 842 527 522
260 493 33 990 194 578 198 842 522
260 493 33 990 198 424 527
402 493 33 194 73 424
260 402 493 33 990 578 842 73 522
33 990 194 578 198 424 842 527 73 522
402 33 990 578 198 527 73 522
547 481 72 28 280 243 511 854 358 606 355 765 116
260 402 33 842 198 527 73
402 33 990 842 198 527 522
260 33 990 194 73 198 527 522
