260 695 990 71 492 511 9 842 286 780 575 198 468 355
260 695 898 71 492 9 842 286 780 575 198 468 355 162
402 493 33 990 194 578 198 424 73
695 898 990 71 141 492 842 286 780 198 468 162
260 402 990 194 578 198 424 842 73
547 481 72 280 59 243 511 854 753 358 606 389 765 116
260 695 898 990 71 492 511 9 842 780 575 198 355 468 162
547 481 72 28 280 59 243 854 358 606 355 765 116
695 898 990 141 492 9 842 286 780 355 468 162
260 402 493 990 194 578 198 424 73
402 493 990 194 578 198 527 73
695 898 990 71 141 492 9 355 286 575 198 468 162
260 402 990 424 522 493 194 578 842 527 73
260 402 33 73 424 527 522
260 695 898 990 71 9 842 286 780 575 198 355 162
260 493 33 990 578 198 842 73 522
260 402 33 990 194 842 198 424 527 522
402 33 990 194 842 73 424 527
493 33 990 578 842 424 527 522
260 695 898 990 71 141 492 9 842 286 198 355 468
695 898 990 71 492 9 842 286 780 575 198 355 162
493 990 73 198 424 527
402 493 990 194 578 198 527 73 522
402 493 33 990 73 198 424
260 493 33 990 578 842 73 522
547 481 72 767 280 59 243 511 854 358 606 355 765 116
260 695 898 990 492 511 9 286 780 575 198 468 162
260 493 33 990 842 198 522
402 990 194 842 198 424 73
260 695 898 990 141 492 842 286 780 198 162
493 990 578 198 842 73 522
695 898 990 141 492 9 842 286 198 355 468 162
260 33 194 842 198 424 73
260 402 990 73 198 527 522
260 402 493 33 842 198 424
176 636 216 7 950 920 631 221 159 835 785 511 336 307 981
260 402 493 33 990 73 527
260 493 33 990 194 73 198 424
402 493 33 990 842 73 522
260 695 898 990 71 492 355 286 780 198 468 162
493 33 990 842 73 424 527
260 402 990 194 842 198 424 527
260 402 33 990 424 522 493 194 578 73 527
402 493 990 842 198 73 522
260 695 898 990 492 511 9 842 286 198 355 468
402 493 33 990 194 578 73 424 522
402 493 33 990 578 198 527 522
990 194 578 842 424 73 522
493 33 990 578 198 527 73
402 990 578 842 424 527 73
260 695 898 990 141 9 842 286 780 198 355 162
260 402 493 990 73 198 527 522
260 402 493 33 990 194 842 198 522
402 493 990 194 578 842 424 527 522
695 898 990 71 492 9 842 286 780 575 198 468 162
260 493 990 842 198 424 527
493 33 990 194 198 424 522
260 990 194 578 198 424 842 73 522
260 695 898 990 141 492 9 842 780 198 355 468 162
402 493 990 194 578 198 424 842 522
260 402 990 842 198 424 527 73 522
493 33 194 578 198 424 842 527 522
260 695 898 990 71 492 842 286 575 198 468 162
260 33 990 194 73 198 424 527
169
402 33 990 578 73 424
547 481 72 767 280 243 511 854 753 358 606 355 765 116
260 990 194 578 842 424 73 522
260 493 33 990 198 424 522
260 842 198 424 527 73 522
260 695 898 990 71 141 492 511 9 842 286 780 198 355 468 162
260 695 898 990 71 492 842 780 198 355 468 162
260 990 194 578 73 424 522
547 481 72 280 59 243 854 753 358 355 389 765 116
260 402 493 990 578 842 424 527 73 522
402 493 33 990 194 842 198 527 73 522
798
260 402 33 990 842 198 73 522
493 990 842 73 424 527
260 493 990 842 73 424 527
260 695 898 990 71 141 492 9 842 286 780 575 355 468 162
493 33 990 194 578 198 424 842 527 522
260 695 898 990 71 141 492 842 286 780 575 198 468 355
260 402 493 33 194 578 842 424 73
402 493 842 198 424 73
402 493 33 578 198 424 842 527 73
402 990 73 198 527 522
260 402 33 842 73 424 527 522
260 695 898 990 71 141 511 842 286 780 575 198 468 355 162
260 493 33 990 578 73 527
260 695 898 990 492 842 286 780 575 198 468 355
260 695 990 141 492 842 286 780 575 198 468 355
260 402 33 424 522 493 194 578 198 842 73
402 493 33 990 842 198 424 527
402 194 73 198 424 527 522
260 402 493 33 990 578 198 424
547 481 72 28 280 59 243 511 854 753 358 606 389 765 116
260 33 990 194 578 198 424
990 194 578 198 424 842 73 522
