695 898 990 71 141 492 511 9 842 286 780 355 468 162
260 33 990 194 842 73 527 522
493 33 194 73 198 424 522
260 493 990 194 73 198 522
33 194 198 424 527 522
402 493 990 194 578 198 842 73 522
260 695 898 990 9 842 286 780 198 355 468 162
260 695 898 990 71 141 492 9 842 286 780 198 468 162
260 695 898 990 71 492 511 9 842 286 198 355 468 162
547 481 72 28 280 243 511 854 753 606 355 389 765 116
695
260 402 493 194 842 198 424 527 522
260 402 493 33 990 842 198 527 522
260 402 493 990 578 198 842 527 73 522
260 33 194 73 198 424 527
260 898 990 71 141 492 842 286 780 575 198 468 355 162
493 33 194 842 73 424
260 695 898 990 71 141 492 9 842 286 780 355 162
260 695 990 492 842 286 780 575 198 468 355
260 402 33 990 73 198 522
260 493 33 990 194 578 198 73
260 402 493 990 194 842 73 424
260 695 898 990 492 9 842 286 780 198 468 162
402 990 578 198 424 842 527 522
695 898 990 492 511 9 842 286 780 575 198 355
260 898 990 71 141 492 9 842 286 780 198 355 468 162
260 695 898 990 141 492 511 842 286 780 198 355 162
267
260 402 990 194 578 198 424 522
493 33 194 842 198 424 73 522
402 990 194 73 198 424 527 522
260 402 493 578 198 424 527 73
260 33 194 842 198 424 527 522
402 493 33 194 578 842 424 522
402 493 33 194 578 73 527 522
402 493 990 194 578 198 73 522
493 33 194 842 198 424 522
260 33 194 578 73 424 527 522
402 493 33 842 198 424
33 990 73 198 424 527
