309 756 424 428 683
985 126 676 965 382 439 162
152 174 391
409 305 900 211 573
352 152 174 391 488
724 42 347
812 266 206 349 598 160
316 29 420 888 539 510 845
316 29 888 539 845 577 101
316 510 539 845 205 101
79 309 424 204 428 683 801
599 806 445 534 73 676
551 402 793 493 990 578 842 198
2
34 152 11 804 621 323
947 493 783 896 915 348
789 614 155 767 327
789 614 719 327
32 304 266 206 598 160
781 547 888 938 726 941 186 796
884 530 73 428 141 186 683 448
985 126 131 676 382 428 439 162
32 910 304 266 598 160
801 79 335 309 756 424 683 204 428
409 305 863 573 816 106
208 781 547 300 938 726 941 796
79 335 309 424 204 428 683 801
208 781 547 300 938 286 726 796 186
178
34 152 11 574 804 276 621
32 910 721 304 266 206 349 598 159 160
907 409 305 863 900 106
947 493 783 896 915 677 437 348
