493 33 990 194 73 198 424 527 522:2.444191e6
402 493 33 990 842 73 424 527 522:2.324302e6
402 493 33 990 73 198 424 527 522:2.565181e6
260 402 493 33 194 842 198 424 73 522:2.173988e6
280:5.763714e6
402 493 990 194 578 198 424 842 527 73:2.176134e6
260 402 493 33 990 194 842 73 424 522:2.203088e6
260 402 493 33 990 842 73 424 527:2.163827e6
402 493 33 990 578 842 424 73 522:2.16232e6
260 402 990 424 522 194 578 198 842 527 73:2.173478e6
260 33 990 194 578 198 424 842 527 73:2.132261e6
493 990 194 578 198 424 527 73 522:2.138663e6
260 402 33 424 522 493 194 578 842 527 73:2.149916e6
260 402 33 990 424 493 194 578 842 527 73:2.247192e6
260 402 33 990 424 493 194 842 198 527 73:2.458271e6
260 402 33 990 424 522 493 194 578 198 842 73:2.450271e6
260 402 33 424 493 194 578 198 842 527 73:2.22027e6
402 33 990 73 198 424 522:2.167418e6
260 402 493 33 990 842 73 424 522:2.147615e6
796:3.547936e6
260 402 493 33 990 194 578 73 424 522:2.218208e6
260 33 990 194 842 198 424 527 73 522:2.2728e6
260 402 33 990 424 522 493 194 578 198 842 527:2.303276e6
493 33 990 194 73 198 424 522:2.242689e6
260 402 493 33 578 198 424 527 73 522:2.32305e6
260 33 990 424 522 493 194 578 198 527 73:2.484701e6
493 33 990 194 842 198 424 527 73 522:2.456458e6
260 402 493 990 194 842 198 424 527 73:2.164785e6
260 402 493 33 990 194 73 424 527:2.204159e6
493 33 578 198 424 842 527 73 522:2.154882e6
260 402 493 990 73 198 424 527 522:2.26624e6
402 33 990 73 198 424 527 522:2.368531e6
493 33 990 73 198 424 527:2.182732e6
493 33 990 842 198 424 527 73 522:2.396434e6
199:2.208639e6
260 402 493 33 194 578 198 424 527 73:2.205741e6
402 33 424 522 493 194 578 198 842 527 73:2.381411e6
402 493 33 990 194 578 198 424 842 73:2.297081e6
402 493 33 990 842 198 424 527 522:2.227535e6
260 402 493 33 194 578 73 424 527 522:2.139444e6
402 493 990 194 842 198 424 73 522:2.132529e6
402 493 33 990 194 198 424 527 522:2.267974e6
402 33 990 194 842 198 424 73 522:2.250199e6
260 402 493 990 194 73 198 424 527:2.138723e6
260 402 493 33 990 842 198 424 527 73:2.400707e6
348:2.175913e6
260 402 493 33 990 842 198 527 73 522:2.214772e6
260 493 33 194 578 198 424 527 73 522:2.213701e6
260 402 493 33 990 73 198 424 527:2.395532e6
260 33 990 578 198 424 842 527 73 522:2.240404e6
73:2.409304e6
260 493 33 990 73 424 527 522:2.151733e6
402 33 990 424 522 493 194 578 198 842 527:2.310433e6
402 493 33 990 194 842 73 424 527 522:2.383342e6
260 493 33 990 194 578 198 424 73 522:2.293702e6
402 33 990 842 198 424 73 522:2.191159e6
260 493 33 842 198 424 527 73 522:2.138934e6
260 402 493 33 194 842 198 424 527 73:2.192691e6
33 990 424 522 493 194 578 198 842 527 73:2.48305e6
402 33 990 194 578 198 424 842 527 73:2.299027e6
260 402 990 424 522 493 194 578 198 842 73:2.170224e6
260 493 990 194 842 198 424 527 73 522:2.164492e6
260 493 33 990 578 73 424 527 522:2.180459e6
402 493 33 578 198 424 527 73 522:2.307623e6
260 493 33 990 194 578 198 424 527 522:2.133454e6
260 402 33 990 424 522 194 842 198 527 73:2.433372e6
402 990 194 842 198 424 527 73 522:2.135591e6
260 402 33 990 424 493 194 578 198 842 527:2.143989e6
402 493 33 990 194 842 198 424 527 73:2.462956e6
402 33 194 842 198 424 527 73 522:2.167711e6
402 33 990 194 73 198 424 527 522:2.431138e6
260 402 33 990 424 522 493 194 578 73 527:2.408818e6
260 493 33 194 842 198 424 527 73 522:2.195391e6
260 402 493 33 990 578 198 424 527 73:2.423886e6
402 33 194 73 198 424 527 522:2.143336e6
402 493 990 194 578 198 424 527 73:2.135848e6
260 402 33 990 424 522 493 194 73 198 527:2.629465e6
260 402 33 990 842 198 424 527 73 522:2.377899e6
260 402 493 33 990 194 198 424 527 522:2.282831e6
260 402 33 990 73 198 424 527 522:2.38378e6
141:2.371275e6
493 33 194 73 198 424 527 522:2.154763e6
402 493 33 990 194 842 198 424 527 522:2.286575e6
260 493 33 990 73 198 424 527 522:2.399197e6
402 493 33 990 194 73 424 527:2.175153e6
260 402 493 33 842 198 424 527 73 522:2.299011e6
260 402 33 424 522 493 578 198 842 527 73:2.321465e6
260 402 33 990 424 522 493 194 578 198 73:2.459624e6
260 402 990 424 522 493 194 578 198 527 73:2.348456e6
260 990 424 522 493 194 578 198 842 527 73:2.188671e6
260 402 33 990 522 493 578 198 842 527 73:2.213149e6
260 33 990 194 73 198 424 527 522:2.269471e6
260 402 33 990 424 522 493 194 578 842 527 73:2.40303e6
402 493 33 990 578 198 842 527 73 522:2.208387e6
260 402 493 33 990 194 842 73 424 527:2.221391e6
260 402 33 990 522 493 194 578 198 527 73:2.262658e6
260 402 990 424 522 493 194 842 198 527 73:2.33203e6
260 402 493 33 990 578 73 424 527:2.173398e6
260 402 33 990 424 522 578 198 842 527 73:2.397249e6
402 493 33 990 73 198 424 522:2.364068e6
260 402 33 990 424 522 194 578 842 527 73:2.2257e6
260 402 493 33 990 578 73 424 522:2.160398e6
402 493 33 990 194 578 73 424 522:2.196296e6
260 402 33 990 578 842 424 527 73 522:2.171457e6
260 402 990 194 842 198 424 527 73 522:2.15332e6
260 402 33 578 198 424 842 527 73 522:2.144135e6
402 493 33 990 194 578 198 424 842 527:2.139945e6
493 33 990 194 578 73 424 527 522:2.212546e6
260 493 33 990 194 842 73 424 527 522:2.222085e6
707:2.502414e6
493 33 990 194 842 198 424 527 73:2.280362e6
260 402 493 33 990 842 198 424 527 522:2.228396e6
260 493 33 990 578 198 424 73 522:2.234908e6
402 493 33 990 194 842 198 424 73 522:2.438224e6
260 402 493 33 990 578 198 424 527 522:2.247767e6
493 33 990 842 73 424 527 522:2.148466e6
493 33 990 194 578 198 424 842 527 73:2.313309e6
260 493 33 990 194 73 424 527 522:2.211757e6
260 402 33 990 424 522 194 578 198 842 527 73:2.451492e6
402 493 33 990 842 198 424 527 73:2.401825e6
402 493 33 990 73 198 424 527:2.379087e6
260 33 990 842 198 424 527 73 522:2.216343e6
260 493 990 578 198 424 842 527 73 522:2.133075e6
260 402 493 990 194 842 198 424 73 522:2.148811e6
402 493 33 990 194 578 198 424 73 522:2.45384e6
402 493 33 990 578 73 424 522:2.134919e6
402 33 194 578 198 424 842 527 73 522:2.194076e6
33 990 73 198 424 527 522:2.180845e6
260 402 33 990 194 73 198 424 527:2.265188e6
260 402 493 33 990 73 198 527 522:2.200531e6
260 402 33 990 424 522 493 578 842 527 73:2.348787e6
402 493 33 990 578 73 424 527 522:2.334087e6
402 990 194 578 198 424 842 527 73 522:2.1602e6
402 493 990 194 578 198 424 842 73 522:2.158393e6
260 402 33 990 842 198 424 527 73:2.217857e6
402 493 33 990 578 198 424 73 522:2.392463e6
493 33 990 73 198 424 522:2.179098e6
260 493 33 990 194 73 198 424 527 522:2.459221e6
260 402 990 424 493 194 578 198 842 527 73:2.190608e6
888:2.132322e6
402 493 33 990 194 73 424 522:2.167115e6
402 493 33 990 198 424 527 522:2.205367e6
351:2.326644e6
493 33 990 578 73 424 527 522:2.150185e6
260 402 33 990 194 73 198 424 527 522:2.44282e6
260 402 33 424 522 493 194 578 198 842 73:2.197157e6
493 33 194 578 198 424 842 527 73 522:2.213676e6
260 402 33 578 198 424 527 73 522:2.137095e6
542:2.395222e6
260 402 493 33 990 194 578 198 424 73:2.286175e6
402 493 33 990 194 578 842 424 527 73:2.2402e6
260 402 493 990 842 198 424 527 73 522:2.276188e6
402 493 33 990 194 842 73 424 527:2.209948e6
260 493 33 990 194 842 198 424 527 73:2.28903e6
260 402 33 990 424 522 493 578 198 842 527:2.249033e6
33 990 194 842 198 424 527 73 522:2.265328e6
260 402 493 33 842 198 424 527 73:2.135127e6
260 402 990 424 522 493 194 578 198 842 527 73:2.351498e6
260 402 33 990 578 198 424 842 73 522:2.218698e6
402 493 33 194 578 842 424 527 73 522:2.139491e6
260 402 493 33 990 194 73 424 522:2.193478e6
402 33 990 842 73 424 527 522:2.136277e6
260 402 33 990 194 73 424 527 522:2.199388e6
260 33 990 424 522 493 194 578 198 842 527 73:2.476066e6
267:2.438756e6
33 990 194 73 198 424 527 522:2.244436e6
260 402 33 990 424 493 194 578 198 842 73:2.296503e6
94:2.257575e6
260 402 33 990 424 522 493 578 198 842 73:2.396028e6
260 402 493 33 73 198 424 527 522:2.297257e6
260 402 990 194 73 198 424 527 522:2.138314e6
260 402 33 990 73 198 424 522:2.191225e6
402 493 33 990 578 842 424 527 73 522:2.349429e6
493 33 194 842 198 424 527 73 522:2.18329e6
260 402 33 990 424 522 493 194 578 198 527:2.305577e6
260 402 33 424 522 493 194 578 198 842 527 73:2.375708e6
402 33 990 578 198 424 842 527 73:2.239126e6
493 33 990 842 198 424 73 522:2.206991e6
70:2.635554e6
402 33 990 424 522 194 578 198 842 527 73:2.461824e6
260 402 33 990 194 73 198 424 522:2.250265e6
402 493 33 990 578 198 424 73:2.205722e6
260 402 33 990 522 493 194 842 198 527 73:2.271352e6
260 493 33 990 194 578 198 424 842 73:2.131584e6
260 402 493 33 990 578 73 424 527 522:2.351008e6
260 402 493 33 990 578 198 424 73 522:2.401814e6
74:4.15584e6
260 402 493 33 990 194 73 198 527 522:2.260678e6
402 493 33 990 194 73 198 527 522:2.236314e6
402 33 990 424 522 493 194 578 198 842 73:2.46205e6
260 402 493 990 578 198 424 527 73 522:2.290277e6
260 493 33 990 73 198 424 522:2.206253e6
260 402 493 33 194 73 198 424 527:2.174823e6
402 33 990 194 578 198 424 842 73 522:2.274715e6
402 33 990 194 578 198 424 527 73 522:2.457048e6
260 493 33 990 194 578 73 424 527 522:2.239253e6
260 493 33 990 73 198 424 527:2.21253e6
260 402 33 990 194 578 73 424 527 522:2.222863e6
260 402 493 33 990 842 198 424 73 522:2.375423e6
402 493 33 990 194 842 198 424 73:2.2669e6
260 402 33 990 424 493 578 198 842 527 73:2.425722e6
260 33 990 73 198 424 527 522:2.209447e6
260 402 493 33 990 578 842 424 527 73:2.190858e6
402 990 194 578 198 424 527 73 522:2.13097e6
451:2.280772e6
260 402 493 33 990 578 842 424 73 522:2.170236e6
402 493 33 194 842 198 424 527 73 522:2.355736e6
402 493 33 990 194 578 73 424 527:2.208744e6
260 33 990 424 493 194 578 198 842 527 73:2.317526e6
260 33 990 578 198 424 527 73 522:2.236847e6
493 990 194 842 198 424 527 73 522:2.143415e6
493 33 990 578 198 424 842 527 73 522:2.424256e6
801:2.261922e6
206:2.17202e6
402 493 33 990 194 73 424 527 522:2.368228e6
33 990 578 198 424 842 527 73 522:2.233816e6
260 402 33 990 578 198 424 73 522:2.215859e6
402 990 424 522 493 194 578 198 842 527 73:2.348225e6
260 493 990 194 578 198 424 527 73 522:2.172852e6
260 402 33 990 194 578 198 424 73 522:2.273669e6
284:2.95753e6
402 493 33 990 578 198 424 842 73 522:2.40424e6
260 402 33 990 424 522 493 194 842 198 527:2.283869e6
402 493 33 578 198 424 842 527 73:2.154871e6
402 33 990 842 198 424 527 73:2.20897e6
260 493 33 990 578 842 424 527 73 522:2.191015e6
33 990 842 198 424 527 73 522:2.205304e6
894:2.506064e6
493 33 990 578 198 424 842 527 73:2.252424e6
260 402 493 33 990 842 198 424 73:2.213209e6
260 493 33 990 578 198 424 842 73 522:2.241899e6
260 402 33 990 194 842 73 424 527 522:2.205564e6
260 33 990 424 522 493 578 198 842 527 73:2.420839e6
260 402 33 990 424 522 493 194 842 198 73:2.430896e6
260 493 33 578 198 424 527 73 522:2.154907e6
493 990 194 578 198 424 842 527 73 522:2.172045e6
260 493 990 194 73 198 424 527 522:2.145334e6
260 402 493 33 990 194 73 198 424 527:2.456663e6
402 493 33 990 578 198 424 842 527 73:2.431291e6
260 402 493 33 194 73 198 424 522:2.163742e6
260 402 33 990 73 198 424 527:2.204057e6
402 493 33 990 73 198 424:2.170972e6
402 493 33 990 194 842 73 424 522:2.194288e6
402 493 33 990 578 198 424 527 522:2.233794e6
260 402 33 990 424 522 493 578 198 842 527 73:2.574579e6
260 402 493 33 990 194 73 424 527 522:2.386033e6
260 402 493 33 990 194 73 198 424 522:2.43691e6
402 493 990 194 842 198 424 527 73:2.14586e6
260 402 990 194 578 198 424 527 73 522:2.161811e6
260 402 33 990 194 842 198 424 527 73:2.275421e6
723:2.992836e6
260 493 33 990 578 198 424 527 73:2.245595e6
402 493 990 73 198 424 527 522:2.237386e6
402 33 990 578 198 424 842 73 522:2.216905e6
402 493 33 194 578 198 424 73 522:2.169832e6
402 33 990 194 73 198 424 522:2.230025e6
402 33 578 198 424 842 527 73 522:2.136266e6
562:2.486116e6
402 493 33 990 578 198 424 527 73:2.411892e6
402 33 990 424 522 493 194 578 842 527 73:2.407239e6
260 402 493 33 990 73 424 527:2.143028e6
260 402 33 990 424 522 194 578 198 527 73:2.464279e6
260 493 33 990 842 198 424 527 73:2.230482e6
402 33 990 194 842 198 424 527 73 522:2.439253e6
402 493 33 194 578 198 424 527 73:2.18268e6
402 33 990 194 578 73 424 527 522:2.199504e6
260 402 33 424 522 493 194 842 198 527 73:2.354484e6
44:3.81427e6
402 493 33 990 578 73 424 527:2.145276e6
260 402 33 990 424 194 578 198 842 527 73:2.299896e6
260 402 493 33 990 73 198 424 527 522:2.570425e6
402 493 990 842 198 424 527 73 522:2.264897e6
402 493 33 194 842 198 424 527 73:2.182742e6
402 33 990 578 73 424 527 522:2.138127e6
402 33 990 424 522 493 194 842 198 527 73:2.627278e6
260 402 493 33 194 578 198 424 73 522:2.19025e6
260 402 33 990 73 424 527 522:2.140348e6
260 402 33 424 522 194 578 198 842 527 73:2.198378e6
260 402 33 990 578 198 424 527 73 522:2.406469e6
402 493 33 990 73 424 527 522:2.305621e6
539:3.421083e6
33:2.62771e6
402 493 33 194 842 198 424 73 522:2.166682e6
493 33 990 194 73 424 527 522:2.180599e6
402 493 990 194 578 198 424 527 73 522:2.32762e6
260 402 493 33 990 842 73 424 527 522:2.328111e6
695:2.365605e6
402 33 990 842 198 424 527 73 522:2.380213e6
402 493 33 990 842 198 527 73 522:2.204404e6
176:4.009408e6
260 33 990 424 522 493 194 578 198 842 73:2.297126e6
402 33 990 194 842 198 424 527 73:2.270101e6
402 493 33 990 194 578 73 424 527 522:2.395464e6
260 402 33 990 424 493 194 578 198 842 527 73:2.482056e6
493 33 990 578 198 424 527 73 522:2.411761e6
402 493 33 73 198 424 527 522:2.277379e6
402 33 990 194 578 198 424 527 73:2.27457e6
402 493 990 578 198 424 527 73 522:2.265874e6
493 33 990 578 198 424 527 73:2.220248e6
402 493 33 194 73 198 424 522:2.138873e6
260 493 33 990 194 73 198 424 522:2.266277e6
260 402 33 194 842 198 424 527 73 522:2.176464e6
260 402 493 33 990 578 198 527 73 522:2.204848e6
260 402 493 33 194 73 198 424 527 522:2.356297e6
260 402 493 33 990 73 424 522:2.134438e6
493 33 990 194 578 198 424 527 73:2.2847e6
402 33 990 578 198 424 73 522:2.196503e6
493 33 990 578 842 424 527 73 522:2.178304e6
402 493 33 990 194 578 198 527 73 522:2.2439e6
260 33 990 424 522 493 194 842 198 527 73:2.453925e6
260 402 33 990 842 73 424 527 522:2.150091e6
402 493 33 990 842 198 424 73:2.205769e6
33 990 194 578 198 424 842 527 73 522:2.29261e6
493 33 194 578 198 424 527 73 522:2.188488e6
260 402 33 194 578 198 424 527 73 522:2.194905e6
260 402 493 33 578 198 424 842 73 522:2.142914e6
402 33 990 194 73 424 527 522:2.171578e6
615:3.55503e6
260 493 33 990 194 842 198 424 73 522:2.27304e6
402 493 33 990 73 198 527 522:2.1726e6
260 402 33 990 194 842 198 424 73 522:2.252876e6
260 402 493 33 990 194 842 198 424 73:2.270773e6
260 402 493 33 990 194 73 198 424:2.257106e6
33 990 194 578 198 424 527 73 522:2.275057e6
260 402 493 33 990 73 424 527 522:2.326993e6
260 402 493 33 990 578 198 424 73:2.226274e6
260 402 33 990 424 522 493 194 578 198 527 73:2.650234e6
260 402 493 33 578 198 424 842 527 73:2.163936e6
402 33 990 194 842 73 424 527 522:2.195317e6
884:4.587984e6
493 33 990 194 842 73 424 527 522:2.20849e6
260 493 33 990 194 578 198 424 527 73:2.30648e6
402 493 990 194 842 198 424 527 73 522:2.324306e6
208:2.176918e6
260 402 493 33 990 73 198 424:2.195975e6
420:3.252258e6
402 493 33 578 198 424 842 73 522:2.136492e6
260 402 493 33 578 198 424 527 73:2.14584e6
402 33 990 522 493 194 578 198 842 527 73:2.266197e6
402 33 990 424 493 194 578 198 842 527 73:2.491192e6
402 33 990 424 522 493 194 578 198 527 73:2.653008e6
33 990 578 198 424 527 73 522:2.212696e6
402 493 33 990 842 73 424 527:2.148817e6
402 493 33 194 73 198 424 527:2.147311e6
402 493 33 990 194 578 198 424 527 73:2.47536e6
260 402 493 33 990 194 578 73 424 527:2.233299e6
607:2.427258e6
402 493 33 990 194 73 198 424:2.23567e6
402 493 33 990 194 842 198 527 73 522:2.264551e6
493 33 990 578 198 424 73 522:2.212204e6
402 493 33 990 194 73 198 424 527 522:2.627788e6
402 33 990 578 842 424 527 73 522:2.162094e6
402 493 33 990 194 578 842 424 73 522:2.22013e6
402 493 33 990 578 198 424 527 73 522:2.591631e6
260 493 33 194 73 198 424 527 522:2.184427e6
402 33 990 424 522 493 578 198 842 527 73:2.591349e6
260 402 493 33 990 198 424 527 522:2.223791e6
402 33 990 424 522 493 194 578 198 842 527 73:2.649159e6
402 493 33 990 842 198 424 73 522:2.379184e6
260 493 33 990 578 198 424 842 527 73:2.260208e6
260 402 33 990 424 522 194 578 198 842 73:2.272941e6
260 402 33 990 424 493 194 578 198 527 73:2.483787e6
391:2.343715e6
402 493 990 578 198 424 842 527 73 522:2.290046e6
260 33 990 424 522 194 578 198 842 527 73:2.295631e6
260 402 493 990 194 73 198 424 527 522:2.325649e6
260 402 33 990 578 73 424 527 522:2.165053e6
260 402 493 33 990 73 198 424 522:2.37787e6
402 33 194 578 198 424 527 73 522:2.17304e6
260 493 33 990 842 73 424 527 522:2.165628e6
402 493 33 990 194 73 198 424 527:2.443785e6
402 33 990 578 198 424 842 527 73 522:2.404014e6
402 493 33 842 198 424 527 73 522:2.296696e6
260 402 33 990 424 522 493 842 198 527 73:2.555919e6
402 493 33 194 578 198 424 842 73 522:2.194302e6
116:3.187296e6
260 402 493 990 194 578 198 424 73 522:2.155123e6
260 402 33 990 842 198 424 73 522:2.197403e6
889:2.415468e6
402 493 33 990 578 198 424 842 73:2.23718e6
260 402 33 990 578 198 424 842 527 73:2.243562e6
402 33 990 194 578 198 424 73 522:2.25788e6
402 33 990 578 198 424 527 73 522:2.395671e6
493 33 990 194 578 198 424 527 73 522:2.474122e6
260 402 33 424 522 493 194 578 198 527 73:2.38086e6
260 493 33 990 842 198 424 73 522:2.216583e6
260 402 33 990 424 522 493 194 578 842 73:2.224479e6
493 33 990 194 578 198 424 842 73 522:2.295552e6
402 493 33 194 578 198 424 527 73 522:2.369e6
402 493 33 990 842 198 424 527 73 522:2.568238e6
493 33 990 578 198 424 842 73 522:2.236758e6
260 402 33 990 424 522 493 194 578 198 842 527 73:2.628822e6
260 493 33 990 578 198 424 527 73 522:2.425907e6
260 493 33 990 194 73 198 424 527:2.274645e6
240:3.12708e6
662:3.1008e6
402 33 990 194 73 198 424 527:2.242305e6
260 402 493 990 194 578 198 424 527 73:2.167885e6
260 33 990 424 522 493 194 578 198 842 527:2.14393e6
402 493 990 194 73 198 424 527 522:2.300362e6
402 493 33 990 194 578 198 424 73:2.26919e6
260 402 33 990 424 522 493 578 198 527 73:2.592424e6
402 493 33 990 194 73 198 424 522:2.426675e6
260 402 33 990 424 522 493 194 842 198 527 73:2.611392e6
402 493 33 194 73 198 424 527 522:2.339986e6
402 493 33 990 578 198 527 73 522:2.182523e6
260 402 493 33 990 578 198 424 842 73:2.240169e6
920:3.275244e6
428:2.603987e6
493 33 990 194 578 842 424 527 73 522:2.237098e6
493 33 990 194 73 198 424 527:2.248414e6
260 402 33 194 73 198 424 527 522:2.169652e6
260 402 33 990 194 578 198 424 527 73:2.293002e6
493 33 990 194 578 198 424 842 527 522:2.137734e6
493 33 990 842 198 424 527 73:2.218247e6
260 33 424 522 493 194 578 198 842 527 73:2.221326e6
260 402 33 990 522 493 194 578 198 842 527 73:2.267392e6
493 33 990 194 842 198 424 73 522:2.267015e6
260 402 33 990 578 198 424 527 73:2.233101e6
402 493 33 990 578 842 424 527 73:2.180299e6
260 493 33 578 198 424 842 527 73 522:2.166099e6
402 33 990 73 198 424 527:2.177607e6
260 402 33 990 424 522 493 194 842 73 527:2.383584e6
402 493 33 990 578 198 424 842 527 522:2.252623e6
493 33 990 73 198 424 527 522:2.3806e6
260 33 990 194 578 198 424 527 73 522:2.295641e6
402 33 990 578 198 424 527 73:2.211102e6
260 402 493 990 578 198 424 842 527 73:2.133905e6
260 33 990 424 522 493 194 578 842 527 73:2.246242e6
402 493 33 990 842 73 424 522:2.135248e6
493 33 990 194 578 198 424 73 522:2.274565e6
218:2.798985e6
260 493 33 990 842 198 424 527 73 522:2.397468e6
402 33 990 194 578 842 424 527 73 522:2.219904e6
260 402 990 424 522 493 578 198 842 527 73:2.296886e6
402 493 33 578 198 424 842 527 73 522:2.323601e6
402 493 33 990 194 578 198 424 527 522:2.295171e6
260 402 493 33 578 198 424 73 522:2.13244e6
402 493 33 194 578 198 424 842 527 73:2.214772e6
