64 56 29 7 58 52 60 40 48 9 62 3
56 29 58 60 66 40 34 31 9 42 62
64 56 29 7 58 60 66 40 48 34 36 31 42 3
5 56 29 7 58 52 60 66 40 36 31 9 42 62 3
56 29 7 58 52 60 40 34 44 36 62 3
56 29 25 58 52 60 66 40 48 34 36 9 42 62
34 56 29 58 31 9 60 66 62 40
64 29 7 60 66 40 34 36 31 42 62 3
56 29 7 58 52 60 17 40 34 36 9 62
64 56 29 36 58 31 60 42 62 40
56 29 7 58 52 72 60 66 40 48 34 36 9 42 62
5 56 29 7 25 58 60 40 34 36 9 62 74
5 56 29 7 58 72 60 40 48 34 36 42 62
56 29 58 52 66 62 40
5 56 29 7 25 58 52 60 66 40 34 44 62
56 29 36 58 60 62 74 40 48
34 56 29 58 52 31 9 60 66 62
5 29 7 36 52 60 58 62
5 56 29 7 58 52 60 40 70 34 9 62
5 56 29 25 58 52 60 62 40
64 5 56 7 29 58 60 34 36 62 3
5 56 29 7 25 58 66 40 48 34 36 62 3
5 56 29 58 52 60 66 40 48 34 9
64 5 56 29 58 52 60 66 40 34 44 9 42 62
34 56 7 25 58 60 62 3 40
34 56 29 7 58 52 72 66 62 40
64 56 29 7 58 72 60 66 23 48 34 40 36 31 62
5 29 7 58 52 60 40 48 36 31 62
64 5 56 7 29 58 60 66 40 48 34 42
5 56 29 60 66 40 48 34 36 9 62
5 56 29 58 52 9 60 62 3 40
56 29 7 58 9 60 42 40
64 56 29 7 58 52 60 66 40 48 34 31 42
64 56 29 7 58 60 66 40 48 34 36 31 9 62 3
64 56 29 7 25 58 52 66 40 48 34 36 62
64 5 56 7 29 58 60 40 34 36 31 62 3
34 56 7 58 9 60 66 62 40
56 29 7 58 52 66 40 34 31 42 62 3
64 56 29 7 58 72 60 66 40 34 36 62 3
29 7 58 31 9 60 62 40 48
29 7 58 52 60 66 40 48 34 31 3
34 56 29 7 25 58 60 46 62 40
5 34 29 7 36 58 60 66 62 40
56 29 7 25 58 60 40 34 9 42 62 3
56 58 52 60 66 40 48 34 9 62 3
5 56 29 7 58 52 60 66 34 36 31 9 62 3
64 56 29 7 58 52 60 66 40 48 34 42 3
34 56 29 7 58 31 60
34 56 29 58 52 31 60 3 40
64 56 29 7 58 60 40 34 36 31 9 42 62 3
34 56 29 7 58 66 62
5 56 34 29 9 46 60 62 40
29 7 25 58 52 60 66 40 34 36 31 9 62
64 5 56 7 29 58 40 34 36 31 42 62
5 56 29 58 60 66 40 48 34 36 38 9 62
64 5 56 7 25 29 52 60 66 40 34 42 62
64 56 29 25 58 52 60 40 34 36 42 62 3
5 56 29 7 66 40 48 34 36 9 62 3
5 29 25 58 60 66 40 34 36 9 62
64 56 29 7 58 60 66 40 34 62 3
56 29 7 25 58 60 66 40 48 34 44 36 62
5 56 29 7 58 72 60 66 40 34 36 42 62 3
5 56 29 58 52 60 46 66 40 34 42 62
5 56 29 36 58 60 42 62 3 40
5 56 29 7 25 58 52 60 40 48 9 62 3
64 56 29 7 58 52 72 60 66 40 48 34 31 42 62 3
5 29 7 58 52 60 66 40 34 36 38 31 62
5 56 29 7 25 52 60 40 48 34 9 62
5 56 34 29 52 31 60 42 62 40
56 29 7 58 52 60 48 34 36 31 9 62
5 34 29 7 36 60 62 3 40 48
64 34 29 7 60 42 66 62 40
56 29 58 31 9 60 42 62 40
5 56 7 58 60 66 40 34 36 62 3
56 29 25 58 52 31 60 62 3 40
5 56 29 7 58 52 60 66 40 48 34 36 31 9 3
56 29 7 58 52 60 34 36 31 9 3
64 5 29 7 58 52 60 40 48 34 9 42 62
5 34 29 36 52 9 58 62 3 40
56 29 7 25 58 60 66 40 34 42 62 3
34 29 58 52 31 9 60 62 3
5 56 29 58 52 72 60 40 34 31 62 3
64 56 29 7 58 52 66 40 34 36 42 62 3
34 29 7 60 46 66 62 40
64 5 29 7 58 60 66 40 48 34 42 62 3
34 56 29 7 58 52 31 60 62 48
56 29 7 36 58 31 9 62 3 40
5 56 29 7 58 52 72 60 66 40 34 36 9 62 3
64 5 56 7 29 58 52 72 60 40 34 36 31 9 42 62
56 29 7 25 58 52 60 40 34 36 31 62
5 56 29 52 66 40 48 34 36 9 62
34 56 29 58 60 42 62
34 56 29 36 58 9 60 62 3 40
56 29 7 52 60 40 34 36 62 74 3
5 34 29 7 36 52 9 58 66 62
5 56 34 7 58 52 62 40
34 56 29 36 52 60 58 62 17 40
34 56 29 58 31 9 60 42 62
56 29 7 25 58 52 60 66 40 34 42 62 3
5 56 34 29 58 72 60 66 62 40
29 58 52 60 66 40 48 34 31 9 62 3
34 56 29 7 36 58 9 62 17 40
56 29 7 58 52 60 40 48 36 62 74
29 7 25 58 52 31 60 66 62 40
5 56 29 7 58 60 46 62 3 40
5 56 29 58 60 46 40 34 36 31 62
64 56 29 7 25 58 52 60 66 40 36 31 42 62 3
5 56 29 25 58 60 40 48 34 36 31 9 62
64 56 29 58 52 60 66 40 48 34 36 31 42 3
64 56 29 7 58 52 60 66 48 34 36 31 9 42 62
34 56 29 7 58 52 46 42 62 40
5 56 29 58 52 60 66 62 40
5 56 34 29 25 36 52 60 58 40
64 56 29 7 58 52 72 60 66 40 34 62 3
56 29 58 52 9 60 40 48
5 34 29 7 52 9 60 62 40
64 56 29 7 58 60 40 34 36 31 42
5 56 29 7 25 58 60 66 34 36 31 62
5 29 7 25 36 58 9 60 62 40
5 56 29 7 58 60 48 34 36 9 62 3
34 56 29 36 58 62 40 48
64 56 29 7 58 52 72 60 66 40 48 34 62 3
5 56 29 7 25 58 52 60 40 34 44 36 62
56 29 7 60 46 66 62 40
64 5 29 7 58 52 60 40 36 42 62
64 5 56 29 58 52 60 66 40 48 36 31 42 62
5 29 7 58 52 60 40 34 36 38 62 3
56 29 7 25 58 60 42 62 40
5 56 29 7 58 60 66 48 34 31 62
5 56 29 7 58 40 48 36 9 62 3
64 5 56 58 52 60 66 40 34 36 9 42 62
29 7 58 60 66 40 34 36 31 9 3
29 58 52 60 46 40 34 36 9 62 3
64 56 29 58 72 60 23 40 34 31 42 62 3
5 56 29 7 36 52 60 42 62 40
5 56 29 7 58 52 46 66 40 48 34 36 9 62
5 56 29 7 58 52 60 40 48 34 9 62 3
34 56 29 7 36 52 58 66 3 40
29 25 36 58 9 60 62 40 48
56 29 7 58 60 66 40 34 36 42 3
34 56 29 7 36 52 31 58 42 40
5 29 7 58 60 46 40 34 36 31 62
34 56 29 7 36 62 3 40
5 56 29 7 58 52 60 40 31 9 42 62
64 5 56 7 29 58 52 60 40 36 38 62
34 29 7 58 31 9 60 62 3 40
5 56 29 52 60 66 40 48 34 62 3
5 34 29 7 25 36 52 60 58 40
34 56 29 58 72 60 66 62 40 48
5 56 29 58 52 60 46 62 40
34 56 29 7 36 52 31 60 3 40
56 29 7 58 52 72 60 40 48 34 36 42 62 3
56 29 7 52 31 60 66 62 3 40
34 56 29 25 58 52 60 62 3 48
56 29 7 58 52 31 9 60 3 40
56 29 7 25 58 52 60 66 40 34 36 62 3
5 56 29 58 60 66 40 48 34 36 9
64 5 56 29 58 52 60 66 40 9 42 62
64 29 58 60 66 40 34 36 31 9 62
56 29 58 60 66 40 34 36 31 42 62
56 29 7 25 58 60 66 40 48 36 31 9 62
64 29 7 58 52 60 40 34 36 42 62
34 56 29 25 36 52 62 40 48
5 56 29 7 58 52 48 34 9 62 3
56 29 7 58 60 46 40 34 31 9 62 3
64 5 56 7 29 58 52 60 66 40 34 36 38 9 42 62
64 56 29 7 58 52 60 40 34 36 9 42 3
56 29 7 58 52 60 66 48 36 31 9 62 3
64 56 29 58 52 60 40 48 34 36 62 3
34 29 58 38 9 60 52 66 62 40
5 56 29 7 58 52 60 40 34 36 38
64 56 29 58 60 40 34 36 9 42 62 3
64 5 29 7 52 60 66 40 48 34 36 31 42 62 3
29 7 58 52 60 40 48 34 36 31 9 3
5 56 34 7 29 9 62 3 40
5 56 29 7 58 52 66 40 48 34 36 31 9 62
34 56 29 7 52 60 46 66 62
64 56 29 7 58 52 60 40 34 36 31 42 3
5 56 34 7 29 58 31 60 42 40
5 29 25 58 52 60 40 34 9 42 62
34 56 29 7 25 58 60 62 40 48
56 29 58 52 72 60 40 34 36 31 9 42 62 3
29 7 25 58 52 60 40 48 34 9 62 3
5 56 34 7 25 29 58 60 40 48
56 29 7 58 60 46 42 66 62 40
5 56 7 58 52 60 40 34 36 31 9 62
64 56 34 7 29 58 31 62 40 48
64 56 29 7 58 52 60 66 48 34 36 31 9 42 62 3
56 29 58 9 60 42 66 62 40 48
56 29 7 36 52 9 58 62 40
64 29 7 58 72 60 66 23 40 34 31 42 62
5 56 7 58 60 66 40 34 31 62 3
56 29 7 58 60 40 34 11 36 62 3
5 29 7 25 58 52 60 40 34 9 42 62
56 29 58 60 46 40 34 36 9 62 3
56 29 25 58 60 46 66 40 34 9 62
5 34 29 58 60 42 66 62 40 48
64 29 58 60 40 48 34 36 31 62 3
5 29 7 58 52 60 46 40 34 36 62
64 56 29 7 52 66 40 34 36 9 62
64 56 29 7 58 52 60 40 44 42 62
64 5 56 7 58 52 60 40 34 42 62
64 56 29 58 60 66 40 48 34 62 3
64 5 56 7 25 29 52 60 58 40 48 34 36 62
56 29 7 60 66 40 34 31 9 42 62
56 29 58 60 48 34 36 31 42 62 3
5 56 29 7 58 52 60 40 48 34 36 9
5 56 29 60 66 40 48 34 36 9 62 3
64 5 56 29 58 60 42 66 62 40
64 56 29 7 58 52 66 40 34 9 42 62
5 29 7 60 66 40 48 34 36 42 62
64 56 29 7 58 52 72 60 40 34 36 9 62 3
56 29 7 58 52 60 40 34 36 9 62 74 3
5 34 29 60 62 40
64 56 34 7 29 58 9 62 3 40
64 56 34 7 29 36 9 42 62 40
29 7 58 52 60 40 48 36 31 9 42 62
56 29 7 58 31 9 60 40
56 7 58 52 60 40 48 34 36 31 42 62 3
56 29 7 58 52 60 66 40 34 36 31
34 29 7 58 38 60 42 62 40
34 29 7 36 52 31 60 58 62
5 56 29 7 25 58 52 60 40 34 36 31 9 62
5 56 29 7 58 52 60 66 40 70 34 36 38 9 62
56 29 7 25 58 60 46 40 48 34 36 9 62
64 5 56 7 29 58 52 72 60 40 34 36 42 62
56 29 58 52 60 46 66 40 34 9 42 62
5 56 29 58 52 60 40 34 38 9 42 62
56 29 58 52 60 66 62 3 40 48
5 56 29 36 52 31 60 58 62 40
64 29 7 58 60 66 40 48 34 31 42 62 3
64 5 29 7 58 52 60 40 34 36 9 62
5 29 52 60 66 40 48 34 36 62 3
64 5 56 7 29 58 52 60 46 40 34 36 31 62
64 56 34 29 58 31 62 3 40
64 56 34 29 36 31 60 66 62 40
34 56 7 52 60 66 62 40
56 29 58 60 62 40 48
34 58 52 9 60 66 62 40
5 56 29 7 58 52 66 40 34 44 62
34 56 29 25 9 60 62 40
5 56 29 58 52 60 66 40 9 42 62
64 5 56 7 29 58 52 66 40 36 9 42 62
34 56 29 58 38 9 60 62 3 40
5 56 29 25 58 66 40 48 34 36 9 62
64 5 56 29 58 52 60 40 34 44 36 62
64 56 29 7 58 52 40 48 34 36 31 62 3
56 29 7 44 36 52 58 62 40
34 56 7 36 58 60 42 62 3 40
34 29 7 58 38 60 52 66 62 40
5 56 29 7 58 52 60 40 34 9 42 74 62
64 5 56 29 58 52 60 66 40 48 34 36 9 62
5 56 29 58 52 60 17 40 34 36 62
56 29 7 58 52 40 48 34 36 31 3
64 56 29 58 60 42 66 62 3 40
5 56 29 7 25 58 52 60 66 40 48 34 36 31 62
5 56 29 58 52 60 48 34 31 62 3
64 29 7 58 52 60 66 40 34 36 42 62
64 56 29 58 52 60 66 40 48 36 31 42 62 3
5 56 29 58 52 60 66 40 34 36 31 9 42 62
56 29 36 58 62 3 40
56 29 7 25 58 52 60 40 48 34 36 3
64 29 58 52 60 66 40 34 36 9 42 62 3
29 7 25 58 60 66 40 34 36 62 3
5 56 29 7 58 52 60 40 34 31 9
5 56 29 7 25 58 60 66 34 62 3
34 29 7 58 52 31 66 62 3 40
56 29 60 66 40 48 34 36 31 9 62
64 56 29 58 52 60 66 40 34 36 38 42 62
56 29 7 58 52 60 46 66 40 34 9 42 62
29 58 52 60 46 40 48 34 36 9 62
56 29 7 58 72 60 66 40 34 36 31 62 3
5 56 29 7 58 60 66 48 34 36 42 62 3
5 56 29 58 52 60 66 40 48 34 36 31
64 56 29 7 60 66 40 48 34 9 62
56 29 7 58 52 31 60 42 66 40
5 56 34 7 58 60 46 66 62 40
56 29 25 58 52 60 40 34 31 9 62
64 5 56 7 29 58 60 66 40 34 36 9
56 29 7 58 52 66 40 48 34 36 31 9 62
64 29 58 52 60 66 40 48 34 36 31 9 42 62
34 56 29 36 52 60 58 62 74 40
64 5 29 7 58 60 66 40 48 34 36 31 9 42 62
5 56 7 58 52 60 46 40 48 34 36 62
5 56 29 7 58 52 60 66 40 48 34 36 38 62 3
34 56 29 58 52 31 60 42 62 3
64 56 34 29 58 9 60 66 62
34 29 25 58 60 62 40
5 56 29 7 58 60 40 48 34 9 42 62
5 29 7 52 60 40 34 36 42 62 3
64 5 56 7 25 29 52 60 58 40 48 34 36 9 42 62
5 34 29 44 36 60 52 58 62 40
34 7 36 58 9 60 62 40
34 29 7 58 72 60 66 62 40
64 5 56 7 29 58 60 40 9 42 62 3
34 29 7 36 52 60 58 3 40
34 56 29 25 58 52 9 60 62 48
64 5 56 7 29 58 52 60 40 34 36 9 42 62
5 56 7 36 58 60 62 40
64 29 7 25 58 60 66 40 34 36 62
5 7 58 52 60 40 48 34 36 31 62
64 56 29 7 52 60 40 48 34 42 62
56 29 7 58 52 60 17 40 36 9 62 3
34 56 7 58 9 60 42 62 3 40
5 56 29 7 58 60 40 48 36 31 9 42 62
29 7 58 52 60 46 66 40 36 9 62
56 29 7 58 52 60 36 9 42 62 3
64 5 29 7 58 52 60 40 34 36 42 62
34 29 7 58 52 60 62 74 40
5 29 7 58 52 60 66 40 9 42 62
5 56 34 7 29 58 52 9 62 48
5 56 29 7 58 52 60 66 40 34 36 9 74
5 56 29 7 58 60 40 34 38 31 9 62
64 56 29 7 58 60 40 48 34 36 42 62 3
64 56 29 7 58 52 60 66 34 42 62
5 56 29 7 58 52 9 62 3 40
56 29 7 58 60 66 40 48 34 38 9 62
5 56 29 58 52 60 66 40 34 36 31 9 3
56 29 7 25 58 52 60 40 48 44 36 62
29 7 25 58 52 60 66 40 48 9 62
5 56 34 7 36 52 60 62 40 48
64 5 56 29 58 60 66 40 48 34 36 31 9 62
56 29 7 58 9 60 62 40 48
5 56 7 58 52 60 40 48 36 9 62 3
5 56 29 7 58 52 60 66 40 48 44 36 62
5 56 29 58 52 60 66 48 34 31 62 3
5 56 34 7 25 29 58 66 62 40
56 29 58 60 66 40 34 36 9 62 3
5 56 29 7 58 52 60 66 34 36 31
64 56 29 7 58 60 66 40 48 9 42 62 3
56 29 52 60 40 48 34 36 31 42 62 3
34 56 29 7 52 42 66 62 40
29 58 52 60 46 66 40 48 34 9 62
56 29 58 52 60 66 40 34 44 36 62
5 56 29 7 60 40 48 34 36 31 62 3
64 5 56 7 29 52 60 66 40 34 42 62
64 56 29 7 52 60 66 40 48 34 36 31 9 42 62 3
34 56 29 7 25 36 52 58 62
56 29 7 58 60 66 40 48 34 31 42 62
56 29 25 58 60 66 40 34 9 62 3
29 7 36 52 60 58 42 62 3 40
5 29 7 58 52 60 66 48 34 62 3
29 7 58 52 60 66 40 34 31 9 62
5 56 7 25 58 52 60 40 34 36 62
64 5 56 7 58 60 66 40 34 42 62
64 56 29 58 52 72 60 66 40 31 9 42 62 3
64 56 29 7 58 31 60 62 3 40
34 29 7 58 31 62 3 40
64 5 56 7 29 58 52 72 60 40 34 62
64 56 7 58 52 60 40 48 34 31 42 62
34 56 29 7 25 58 60 66 40 48
64 5 56 7 58 52 60 40 48 34 9 62
64 56 29 7 52 60 66 40 48 34 31 42 62
5 56 29 52 60 66 40 34 36 38 62
64 5 56 7 29 58 52 72 60 66 40 31 42 62 3
64 5 56 29 58 52 60 40 48 34 31 9 62 3
5 29 7 25 58 52 60 40 48 34 31 62 3
56 29 7 58 52 60 46 66 40 48 34 36 3
