53
346
1386
890
419
546
304
383
1475
1068
684 1456 1140 441 1527 917 1439 584
342
997
1110
1057
1456
962
6
851
71
458
1146
554
788
769
778
405
834
780
677
324
175
1261
1197
136
937
486
1314
773
1286
270
1382
1128
558
564
418
1103
337
819
1295
154
459
895
387
1512
869
631
471
130
219
624
1416
442
1518
1378
934
726
580
1048
447
1419
364
510
613
87
619
616
882
708
1157
977
1328
407
1241
1153
1412
185
464
1344
414
484
50
1136
1222
407 1056 1499 796 840
79
1118
17
1305
343
1442
980
952
231
1278
705
1315
469
386
1390
1214
1330
1236
1380
1398
709
912
722
835
1396
648
101
