16 55 72 28 75 103 37 19 34 124 88 31 85 91 127 106 109:1.668895369e9
55 52 72 28 75 37 34 124 88 31 82 85 91 127:1.671523003e9
55 52 28 75 37 19 124 88 31 85 91 127 106 109:1.670794552e9
55 52 72 75 37 19 34 49 124 88 31 121 82 85 91 127 106 109:1.722069933e9
55 52 72 75 37 19 34 124 88 31 121 82 91 127 109:1.672963928e9
16 55 52 72 28 75 103 37 19 34 124 88 31 91 127 106 109:1.670999795e9
55 52 28 75 37 19 34 49 124 88 31 82 85 91 127 106 109:1.705176087e9
55 52 75 103 37 34 124 88 31 85 91 127 106 109:1.680028904e9
16 55 52 75 37 19 34 124 88 31 121 85 91 127 106 109:1.675029435e9
55 72 37 19 34 124 88 31 82 85 91 127 106 109:1.710689082e9
55 52 72 28 37 19 34 124 88 31 85 91 127 106 109:1.716096335e9
55 52 72 75 103 37 34 124 88 31 121 82 85 91 127 106 109:1.68339192e9
55 72 28 75 103 37 19 34 124 88 31 82 85 91 127 106 109:1.717352119e9
55 52 75 37 19 34 124 88 31 85 91 127 106:1.684711142e9
16 55 72 28 75 37 19 34 124 88 31 85 91 127 109:1.688510124e9
55 72 75 37 19 34 49 124 88 31 82 85 91 127 106 109:1.689045536e9
55 72 28 75 37 34 124 88 31 121 82 85 91 127 106 109:1.669304921e9
55 52 75 37 19 34 124 88 31 121 91 127 106 109:1.687441538e9
55 75 103 37 19 34 124 88 31 82 85 91 127 106 109:1.714349435e9
16 55 52 72 75 37 19 34 49 124 88 31 82 85 91 127 109:1.714459725e9
55 52 28 37 34 124 88 31 82 85 91 127 106 109:1.673831003e9
16 55 52 75 37 19 34 49 124 88 31 85 91 127 106 109:1.702974483e9
55 52 75 103 37 34 49 124 88 31 85 91 127 106 109:1.677705677e9
55 52 28 75 103 37 34 124 88 31 82 85 91 127 106 109:1.67891845e9
55 52 72 37 19 34 49 124 88 31 91 127 109:1.681345993e9
55 52 72 28 75 103 37 19 34 124 88 31 121 91 127 106 109:1.673325535e9
55 52 72 28 37 19 34 49 124 88 31 85 91 127 106 109:1.679739263e9
55 52 72 28 75 103 37 19 34 124 88 31 82 85 91 127 106:1.674116655e9
55 52 72 75 37 19 34 49 69 124 88 31 85 91 127 106 109:1.683864132e9
55 52 72 75 37 34 124 88 31 82 85 91 127:1.681129707e9
55 52 72 37 19 34 49 124 88 31 82 85 91 127 106:1.670082684e9
55 52 72 28 75 37 19 34 49 124 88 31 82 85 91 127 109:1.708379941e9
55 52 72 75 37 34 124 88 31 91 127 106 109:1.702356566e9
55 52 75 37 19 34 49 124 88 31 82 85 91 127 109:1.74531295e9
16 55 52 72 75 37 19 34 124 88 31 85 91 127 109:1.725114067e9
55 52 103 37 19 34 124 88 31 82 85 91 127 106 109:1.700639762e9
16 55 52 72 75 103 37 19 34 124 88 31 121 85 91 127 106 109:1.672835253e9
16 55 72 28 75 37 19 34 124 88 31 82 85 91 127 106 109:1.701189439e9
55 52 72 37 19 34 49 124 88 31 82 85 91 127 106 109:1.724537315e9
55 52 72 28 75 37 34 124 88 31 121 82 85 91 127 109:1.671559735e9
55 52 28 75 37 19 34 124 88 31 121 85 91 127 109:1.691498449e9
55 52 72 75 37 19 34 124 88 31 82 85 91 127 109:1.785039042e9
55 52 72 75 37 19 34 124 88 31 121 85 91 127 106 109:1.747179066e9
55 28 75 37 19 34 124 88 31 85 91 127 106 109:1.721727473e9
16 55 52 28 75 37 19 34 124 88 31 82 85 91 127 106 109:1.696599975e9
55 72 75 37 19 34 124 88 31 82 91 127 106 109:1.693547454e9
55 72 75 37 19 34 124 88 31 85 91 127 109:1.722151021e9
55 52 72 28 75 37 34 124 88 31 121 91 127 106 109:1.669893464e9
55 52 72 28 75 37 19 34 124 31 82 85 91 127 106 109:1.676165654e9
16 55 52 72 75 37 19 34 124 88 31 121 85 91 127 106 109:1.702874301e9
55 52 72 75 103 37 19 34 49 124 88 31 82 85 91 127 109:1.704037471e9
55 52 72 75 37 34 49 124 88 31 82 85 91 127 109:1.726834522e9
55 52 72 75 103 37 19 34 124 88 31 121 85 91 127 109:1.68243917e9
55 72 28 75 37 19 34 124 88 31 85 91 127 106 109:1.747924031e9
55 52 28 37 19 34 49 124 88 31 85 91 127 109:1.669283389e9
55 72 75 37 19 34 124 88 31 85 91 127 106:1.678295633e9
16 55 28 75 37 19 34 124 88 31 85 91 127 106 109:1.67735818e9
55 52 72 75 103 37 19 34 124 88 31 85 91 127 109:1.721440135e9
55 52 72 28 75 37 19 124 88 31 82 85 91 127 106 109:1.694593856e9
55 52 75 37 19 34 124 88 31 121 82 85 91 127 106 109:1.732052816e9
55 52 72 75 37 19 34 49 124 88 31 82 85 91 127 106 109:1.775894111e9
55 52 75 37 19 34 124 88 31 82 85 91 127 109:1.755120454e9
55 52 72 75 37 19 34 49 124 31 85 91 127 106 109:1.675550687e9
55 52 72 37 19 34 124 88 31 91 127 106 109:1.693153393e9
55 52 75 37 19 34 49 88 31 85 91 127 106 109:1.670646125e9
55 52 28 75 37 19 34 49 124 88 31 91 127 106 109:1.704703258e9
16 55 52 72 75 103 37 19 34 124 88 31 82 85 91 127 106 109:1.720716883e9
55 52 72 75 37 34 49 124 88 31 82 85 91 127:1.674090536e9
55 52 72 75 103 37 19 34 49 124 88 31 85 91 127 106:1.685965354e9
55 52 72 75 103 37 34 124 88 31 82 85 91 127 109:1.691010464e9
16 55 52 75 37 19 34 124 88 31 85 91 127 109:1.691093336e9
55 52 28 75 37 19 34 49 124 88 31 82 85 91 127 109:1.700781751e9
16 55 52 72 75 103 37 19 34 49 124 88 31 91 127 106 109:1.678094829e9
55 52 72 28 75 37 19 34 124 88 31 82 85 91 127 109:1.756836859e9
16 55 52 72 75 37 19 34 49 124 88 31 121 85 91 127 106 109:1.676483489e9
55 52 72 75 37 34 124 88 31 85 91 127 106:1.671115711e9
16 55 52 72 75 37 19 34 49 124 88 31 82 85 91 127 106:1.67050095e9
55 52 28 75 37 34 49 124 88 31 85 91 127 106 109:1.680679885e9
55 52 72 75 103 37 19 34 124 31 82 85 91 127 106 109:1.672411756e9
55 52 72 28 75 37 34 124 88 31 91 127 106 109:1.71105194e9
55 72 28 75 37 19 34 124 88 31 82 85 91 127 106 109:1.753010558e9
55 52 75 37 34 124 88 31 85 91 127 106 109:1.697621031e9
55 52 72 28 75 37 19 34 124 88 31 121 85 91 127 109:1.710407742e9
55 52 28 75 37 34 49 124 88 31 85 91 127 109:1.671612634e9
55 52 72 28 75 37 34 124 88 31 85 91 127 106:1.673741142e9
55 52 72 75 103 37 19 34 124 88 31 82 85 91 127 109:1.733161196e9
55 72 75 37 19 34 124 88 31 82 85 91 127:1.691400565e9
55 52 28 75 37 19 34 124 88 31 85 91 127:1.679705847e9
55 52 72 28 75 103 37 19 34 124 88 31 85 91 127 106:1.680496849e9
55 52 72 103 37 19 34 124 88 31 85 91 127 106 109:1.702789813e9
55 52 37 19 34 49 124 88 31 82 85 91 127 106 109:1.715697701e9
55 52 72 75 103 37 19 34 124 88 31 121 82 85 91 127 106:1.66735509e9
55 52 72 75 103 37 34 49 124 88 31 91 127 106 109:1.683285851e9
55 52 72 37 19 34 124 88 31 82 91 127 106 109:1.671321507e9
55 52 28 75 37 19 34 49 124 88 31 85 91 127 106 109:1.714905703e9
55 28 75 37 19 34 124 88 31 82 85 91 127 106:1.677916039e9
55 52 75 37 19 34 124 88 31 121 82 85 91 127 109:1.717533751e9
55 72 37 19 34 124 88 31 121 82 85 91 127 106 109:1.675221119e9
55 52 28 75 37 19 34 124 88 31 121 82 85 91 127 109:1.69121046e9
55 52 72 28 75 37 19 34 88 31 85 91 127 106 109:1.699433945e9
55 52 72 28 37 19 34 124 88 31 91 127 106 109:1.698537399e9
16 55 52 72 75 37 19 34 124 88 31 121 91 127 106 109:1.680616317e9
55 72 28 37 19 34 124 88 31 82 85 91 127 109:1.691019124e9
16 55 28 75 37 19 34 124 88 31 82 85 91 127 106 109:1.684311522e9
55 72 75 37 19 34 49 124 88 31 85 91 127 106 109:1.681744472e9
55 52 75 37 34 49 124 88 31 121 82 85 91 127 106 109:1.670877283e9
16 55 52 72 75 37 19 34 13 124 88 31 82 85 91 127 106 109:1.682005654e9
55 52 28 75 37 34 124 88 31 82 85 91 127 106 109:1.713272094e9
55 52 72 75 37 19 34 124 31 85 91 127 106 109:1.67711001e9
55 52 75 37 19 34 49 88 31 82 85 91 127 109:1.673142295e9
16 55 52 72 75 37 19 34 49 124 88 31 91 127 106 109:1.708763027e9
16 55 75 103 37 19 34 124 88 31 82 85 91 127 106 109:1.672252434e9
55 52 72 28 75 37 19 34 124 88 31 91 127 109:1.739083829e9
55 52 72 28 75 103 37 19 34 88 31 85 91 127 106 109:1.669066847e9
55 52 28 75 37 19 34 124 88 31 91 127 106 109:1.727234726e9
16 55 75 37 19 34 124 88 31 85 91 127 106 109:1.668628889e9
55 52 72 28 75 37 34 124 88 31 82 85 91 127 106 109:1.730197311e9
16 55 52 72 75 37 34 124 88 31 82 85 91 127 109:1.678890688e9
55 28 75 37 34 124 88 31 82 85 91 127 109:1.680683217e9
55 52 72 75 37 19 34 124 88 31 82 91 127 109:1.711482306e9
16 55 72 75 37 19 34 124 88 31 82 85 91 127 106 109:1.726201597e9
16 55 52 75 37 19 34 49 124 88 31 91 127 106 109:1.682207258e9
55 52 72 28 75 37 34 124 88 31 82 85 91 127 109:1.721486578e9
55 52 75 37 19 34 124 88 31 82 85 91 127 106:1.710980591e9
55 72 28 75 37 19 124 88 31 82 85 91 127 109:1.66905709e9
55 52 72 75 37 124 88 31 82 85 91 127 106 109:1.674432704e9
55 52 75 37 19 34 124 88 31 85 91 127 106 109:1.749277322e9
55 28 75 37 19 34 124 88 31 121 82 85 91 127 109:1.678243455e9
55 52 37 19 34 49 124 88 31 85 91 127 109:1.686661567e9
16 55 52 72 37 19 34 124 88 31 82 85 91 127 106 109:1.699111513e9
55 52 72 103 37 19 34 124 88 31 91 127 106 109:1.675243429e9
55 52 72 28 37 19 34 124 88 31 121 85 91 127 106 109:1.669736632e9
55 37 19 34 124 88 31 82 85 91 127 106 109:1.686174508e9
55 52 28 75 37 19 34 124 88 31 82 91 127 109:1.674471942e9
55 72 28 37 19 34 124 88 31 85 91 127 109:1.679158084e9
55 52 75 37 19 34 49 124 88 31 91 127 109:1.707155731e9
16 55 52 72 37 19 34 124 88 31 82 85 91 127 109:1.684873528e9
55 52 72 75 37 19 49 124 88 31 91 127 106 109:1.673814927e9
55 52 72 75 37 19 34 49 88 31 91 127 106 109:1.675690796e9
55 52 72 28 37 34 124 88 31 82 85 91 127 109:1.671196498e9
55 28 75 37 19 34 124 88 31 91 127 109:1.679077853e9
55 52 72 75 37 19 34 49 124 88 31 121 85 91 127 106 109:1.727142058e9
55 52 72 75 37 19 34 88 31 82 85 91 127 109:1.705463906e9
55 52 72 28 75 37 19 34 49 124 88 31 91 127 106 109:1.720581758e9
55 52 28 75 103 37 19 34 124 88 31 85 91 127 109:1.681032704e9
109 55 52 75 103 37 19 34 124 88 31 82 85 91 127 100 106:1.667426128e9
55 52 72 37 19 34 49 124 88 31 85 91 127 109:1.705033659e9
55 52 72 75 103 37 19 34 124 88 31 91 127 106:1.671686861e9
16 55 72 75 37 19 34 124 88 31 121 82 85 91 127 109:1.671883081e9
55 52 75 37 19 34 49 124 88 31 121 85 91 127 106 109:1.705905977e9
55 72 28 37 19 34 124 88 31 85 91 127 106 109:1.693702259e9
55 52 37 19 34 49 124 88 31 82 85 91 127 109:1.702973482e9
109 55 52 72 75 103 37 19 34 124 88 31 82 85 91 127 100 106:1.68411226e9
55 52 72 37 34 49 124 88 31 82 85 91 127 109:1.674175594e9
55 52 75 37 19 34 124 88 31 82 85 91 127:1.696171488e9
55 52 75 103 37 19 34 49 124 88 31 82 85 91 127 106:1.668550438e9
16 55 52 75 37 19 34 124 88 31 121 82 85 91 127 106 109:1.685742828e9
16 55 52 72 37 19 34 49 124 88 31 82 85 91 127 106 109:1.673440752e9
55 52 72 75 103 37 19 34 69 124 88 31 85 91 127 106 109:1.675350904e9
55 52 28 75 37 19 34 124 88 31 85 91 127 109:1.73398263e9
55 72 75 37 19 34 69 124 88 31 85 91 127 106 109:1.668099264e9
55 52 72 75 37 19 34 124 88 31 85 91 127 109:1.765476792e9
55 52 72 75 37 19 34 49 124 88 31 82 85 91 106 109:1.671737576e9
55 52 28 75 37 19 34 124 88 31 85 91 127 106 109:1.746897802e9
55 52 37 34 124 88 31 82 85 91 127 106 109:1.677161856e9
55 52 72 37 19 34 124 88 31 121 82 85 91 127 106 109:1.702318985e9
55 52 72 75 37 19 34 49 124 88 31 91 127 106:1.694416903e9
55 72 75 37 19 34 124 88 31 91 127 109:1.684559364e9
55 52 72 75 37 19 34 49 124 88 31 85 91 127 106:1.716157249e9
55 52 72 28 75 37 34 124 88 31 85 91 127 109:1.717165464e9
16 55 52 72 75 37 34 124 88 31 82 85 91 127 106 109:1.693185619e9
55 52 75 37 19 34 49 124 88 31 85 91 127 106 109:1.748443331e9
16 55 72 75 103 37 19 34 124 88 31 82 85 91 127 106 109:1.698788202e9
55 52 72 75 103 37 19 34 124 88 31 121 91 127 106 109:1.698099066e9
55 28 75 37 34 124 88 31 85 91 127 106 109:1.677571166e9
55 52 75 37 34 49 124 88 31 85 91 127 109:1.687039609e9
16 55 52 75 37 19 34 124 88 31 82 85 91 127 109:1.712724307e9
55 75 37 19 34 124 88 31 85 91 127 106 109:1.703693804e9
55 52 72 75 37 19 34 49 124 88 31 82 85 91 127:1.713893107e9
55 75 37 19 34 124 88 31 121 82 85 91 127 109:1.684929854e9
55 52 28 75 37 19 124 88 31 82 85 91 127 109:1.667590206e9
16 55 72 75 37 19 34 124 88 31 82 85 91 127 109:1.710025909e9
55 52 72 75 37 19 34 49 124 88 31 121 91 127 109:1.698419294e9
55 72 37 19 34 124 88 31 82 85 91 127 109:1.692212994e9
55 52 72 37 34 124 88 31 82 85 91 127 106 109:1.69872088e9
55 52 72 75 37 19 34 124 88 31 82 85 91 109:1.669774459e9
55 52 72 28 75 37 19 34 124 88 31 82 85 91 127 106:1.712547438e9
55 52 72 75 37 19 34 124 88 31 121 82 91 127 106 109:1.686638741e9
55 52 28 75 103 37 19 34 49 124 88 31 91 127 106 109:1.669410441e9
16 55 52 75 37 19 34 124 88 31 82 85 91 127 106 109:1.72801724e9
55 72 28 75 37 19 34 124 88 31 121 82 85 91 127 109:1.695497717e9
55 52 75 37 19 34 49 88 31 82 85 91 127 106 109:1.686772306e9
55 52 72 75 103 37 19 34 124 88 31 85 91 127 106 109:1.760109529e9
55 52 72 75 103 37 19 124 88 31 82 85 91 127 106 109:1.692575972e9
109 55 72 75 103 37 19 34 124 88 31 82 85 91 127 100 106:1.668389775e9
55 52 72 75 103 37 19 34 49 88 31 82 85 91 127 106 109:1.675110839e9
55 52 72 28 75 37 19 34 69 124 88 31 82 85 91 127 106 109:1.667639141e9
55 52 72 28 75 37 19 34 124 31 82 85 91 127 109:1.667306139e9
55 52 72 37 19 34 124 88 31 121 85 91 127 106 109:1.690296522e9
16 55 52 72 75 37 19 34 124 88 31 82 91 127 109:1.6687759e9
55 52 72 28 37 34 124 88 31 82 85 91 127 106 109:1.680638979e9
55 72 28 75 37 34 124 88 31 85 91 127 106 109:1.705903216e9
55 72 103 37 19 34 124 88 31 82 85 91 127 106 109:1.687641238e9
16 55 72 75 37 19 34 124 88 31 85 91 127 106 109:1.705805854e9
55 52 72 28 103 37 19 34 124 88 31 82 85 91 127 106 109:1.676846454e9
55 52 72 75 37 19 34 124 88 31 121 82 85 91 127 106 109:1.755832877e9
16 55 52 72 75 37 19 34 124 88 31 121 82 85 91 127 106 109:1.706721526e9
55 52 28 37 19 34 124 88 31 91 127 106 109:1.682835839e9
55 52 28 75 37 19 34 124 88 31 91 127 109:1.712315776e9
55 52 75 37 19 34 124 88 31 121 85 91 127 106 109:1.716512263e9
55 52 72 28 75 37 19 34 124 88 31 91 127 106:1.695411619e9
55 52 72 75 103 37 34 49 124 88 31 85 91 127 106 109:1.70175755e9
16 55 52 72 75 37 19 34 124 88 31 82 91 127 106 109:1.683224581e9
55 52 72 28 37 19 34 49 124 88 31 91 127 106 109:1.671643382e9
55 52 72 75 37 19 49 124 88 31 82 85 91 127 109:1.691523758e9
55 52 75 37 34 49 124 88 31 82 85 91 127 106 109:1.716963905e9
16 55 52 28 75 37 19 34 124 88 31 85 91 127 106 109:1.698553497e9
16 55 52 72 103 37 19 34 124 88 31 82 85 91 127 106 109:1.668709531e9
55 52 72 28 75 103 37 19 34 124 88 31 85 91 127 109:1.699673804e9
55 52 28 75 37 19 34 88 31 82 85 91 127 109:1.67346387e9
55 52 72 75 37 34 124 88 31 82 85 91 127 106:1.695304122e9
55 72 75 37 19 34 124 88 31 85 91 127 106 109:1.743692706e9
55 72 28 75 103 37 34 124 88 31 85 91 127 106 109:1.678898397e9
55 52 72 103 37 19 34 124 88 31 82 85 91 127 109:1.679211968e9
55 52 75 37 19 34 124 31 82 85 91 127 106 109:1.668331667e9
55 52 72 75 37 19 34 49 124 88 31 121 82 85 91 127 109:1.714434468e9
16 55 52 72 75 103 37 19 34 124 88 31 85 91 127 109:1.67868753e9
16 55 52 72 28 75 37 19 34 124 88 31 85 91 127 109:1.707492111e9
55 52 28 75 103 37 19 34 124 88 31 82 85 91 127 109:1.679940646e9
55 52 75 37 34 124 88 31 121 85 91 127 106 109:1.668321471e9
55 72 28 75 37 19 34 124 88 31 91 127 106 109:1.726532424e9
55 72 28 75 37 19 124 88 31 85 91 127 106 109:1.670733281e9
55 52 72 28 75 103 37 34 124 88 31 82 85 91 127 106 109:1.692286016e9
55 75 37 19 34 49 124 88 31 82 85 91 127 106 109:1.66790486e9
55 52 37 19 34 49 124 88 31 121 82 85 91 127 106 109:1.669103674e9
55 52 72 28 75 37 19 34 88 31 82 85 91 127 106 109:1.702881053e9
55 52 75 37 19 34 49 124 88 31 121 85 91 127 109:1.692790067e9
55 52 103 37 19 34 49 124 88 31 85 91 127 106 109:1.676747081e9
55 52 72 75 103 37 19 34 124 88 31 82 85 91 127:1.675944806e9
55 52 72 37 19 34 124 88 31 91 127 109:1.671489629e9
55 52 72 75 37 19 34 49 124 88 31 91 127:1.680782413e9
55 52 37 19 34 124 88 31 85 91 127 109:1.676478686e9
55 52 72 37 19 34 49 124 88 31 85 91 127 106 109:1.719431807e9
55 72 28 37 19 34 124 88 31 82 85 91 127 106 109:1.70194487e9
55 72 75 103 37 19 34 124 88 31 85 91 127 109:1.68465477e9
55 52 72 75 103 37 19 34 124 88 31 121 82 85 91 127 109:1.687061821e9
55 52 72 75 37 34 49 124 88 31 85 91 127 109:1.716598171e9
55 52 28 75 37 19 34 124 88 31 121 91 127 106 109:1.686935235e9
55 52 28 37 19 34 124 88 31 85 91 127 109:1.690652115e9
16 55 72 28 75 37 19 34 124 88 31 91 127 109:1.668066475e9
55 52 72 75 103 37 19 34 49 124 88 31 91 127 106 109:1.725538338e9
55 52 72 28 37 34 124 88 31 85 91 127 106 109:1.676788754e9
55 52 75 37 19 49 124 88 31 82 85 91 127 106 109:1.681730365e9
55 52 75 37 19 34 49 124 88 31 85 91 127:1.675768772e9
55 52 72 28 75 37 19 34 49 124 88 31 85 91 127:1.673475228e9
55 52 72 75 103 37 19 34 124 88 31 82 85 91 127 106:1.712403302e9
16 55 52 72 75 37 19 34 124 88 31 85 91 127 106 109:1.742393775e9
55 52 72 75 103 37 19 34 124 88 31 91 127 106 109:1.734221053e9
55 52 75 103 37 19 34 88 31 82 85 91 127 106 109:1.668614832e9
55 72 75 103 37 34 124 88 31 82 85 91 127 106 109:1.6986197e9
55 52 28 75 37 19 34 124 88 31 82 85 91 127:1.689505886e9
55 52 72 75 37 19 34 69 124 88 31 82 85 91 127 106 109:1.712115252e9
55 72 28 75 37 34 124 88 31 91 127 106 109:1.682065651e9
55 52 75 103 37 19 34 49 124 88 31 121 85 91 127 106 109:1.673448287e9
55 52 72 75 103 37 19 34 124 88 31 82 91 127 106 109:1.699833932e9
55 52 72 75 37 34 124 88 31 121 82 85 91 127 106 109:1.714625591e9
55 28 75 103 37 19 34 124 88 31 82 85 91 127 106 109:1.701275894e9
55 52 28 37 19 34 124 88 31 85 91 127 106 109:1.704532255e9
55 72 28 75 37 19 34 124 88 31 121 82 85 91 127 106 109:1.703461737e9
55 52 37 19 34 124 88 31 121 82 85 91 127 109:1.672437251e9
55 52 28 75 37 19 34 49 124 88 31 85 91 127 109:1.706996438e9
109 55 52 72 75 103 37 19 34 124 88 31 91 127 100 106:1.667585538e9
55 52 72 103 37 19 34 124 88 31 121 82 85 91 127 106 109:1.670437789e9
55 52 75 103 37 19 34 124 88 31 82 91 127 106 109:1.673666189e9
55 52 75 103 37 19 34 49 124 88 31 82 85 91 127 109:1.687980208e9
55 52 72 28 75 103 37 19 34 124 88 31 85 91 127 106 109:1.733384306e9
55 72 28 75 37 19 34 124 88 31 82 91 127 106 109:1.687086854e9
55 52 72 28 75 37 34 124 88 31 121 82 85 91 127 106 109:1.67804049e9
55 72 75 37 34 124 88 31 85 91 127 109:1.668179624e9
55 52 72 37 34 124 88 31 82 85 91 127 109:1.681750879e9
55 52 72 75 37 19 124 88 31 85 91 127 106 109:1.699383468e9
55 52 75 103 37 19 34 124 88 31 85 91 127 106 109:1.728796156e9
55 52 72 28 75 37 34 49 124 88 31 91 127 109:1.676767849e9
16 55 52 72 28 75 37 19 34 124 88 31 91 127 106 109:1.704073949e9
55 52 72 28 75 37 19 34 124 88 31 85 91 127 109:1.757068603e9
55 52 72 75 37 19 34 124 88 31 85 91 127 106 109:1.784325338e9
55 72 75 103 37 19 34 124 88 31 121 85 91 127 106 109:1.690128716e9
55 52 72 75 37 19 34 49 124 88 31 121 82 85 91 127 106:1.670436085e9
55 52 72 75 103 37 19 124 88 31 85 91 127 106 109:1.678358529e9
16 55 52 72 75 37 19 34 124 88 31 85 91 127 106:1.681383791e9
55 52 72 75 103 37 19 34 69 124 88 31 82 85 91 127 106 109:1.678605842e9
55 52 72 28 75 37 19 34 124 88 31 91 127:1.684506703e9
16 55 52 72 75 37 19 34 124 88 31 82 85 91 127:1.68457707e9
55 52 28 75 37 19 34 124 88 31 121 82 85 91 127 106 109:1.698292957e9
55 52 72 75 37 19 34 124 31 82 85 91 127 106 109:1.698892131e9
55 28 37 19 34 124 88 31 82 85 91 127 109:1.679310001e9
55 75 37 19 34 124 88 31 85 91 127 109:1.680357467e9
55 72 28 75 37 19 34 88 31 85 91 127 106 109:1.673836573e9
55 72 28 75 37 19 34 124 88 31 82 85 91 127:1.691161474e9
16 55 52 72 75 37 19 34 49 124 88 31 85 91 127 106 109:1.725747742e9
55 52 75 37 34 124 88 31 121 82 85 91 127 109:1.672986431e9
55 52 72 28 75 37 19 124 88 31 85 91 127 106 109:1.694016237e9
55 52 72 28 75 103 37 19 34 124 88 31 91 127 109:1.686494127e9
55 52 72 28 75 103 37 34 124 88 31 91 127 106 109:1.682855803e9
55 52 72 75 37 19 34 49 124 88 31 85 91 127:1.704713731e9
16 55 52 75 103 37 19 34 124 88 31 82 85 91 127 106 109:1.699105839e9
55 52 72 75 37 19 34 88 31 85 91 127 109:1.67814536e9
55 52 28 103 37 19 34 124 88 31 82 85 91 127 106 109:1.6763797e9
16 55 52 72 37 19 34 124 88 31 85 91 127 106 109:1.684786827e9
16 55 52 75 37 19 34 124 88 31 91 127 106 109:1.67942282e9
55 52 72 28 75 37 19 34 88 31 85 91 127 109:1.686427487e9
16 55 52 75 103 37 19 34 49 124 88 31 85 91 127 106 109:1.671992775e9
55 52 72 75 37 19 34 124 88 31 121 85 91 127 106:1.686922506e9
55 52 72 28 75 37 19 34 124 88 31 121 82 85 91 127 106 109:1.70894334e9
16 55 72 75 37 19 34 124 88 31 85 91 127 109:1.685833007e9
55 52 72 75 37 19 34 49 124 31 82 85 91 127 106 109:1.683171359e9
55 52 72 28 75 37 19 34 124 88 31 121 91 127 106 109:1.70776688e9
55 72 28 75 37 19 34 124 88 31 82 85 91 127 109:1.74281656e9
55 72 28 75 37 19 34 124 88 31 121 85 91 127 106 109:1.704960269e9
55 52 72 75 103 37 19 34 124 88 31 82 85 91 127 106 109:1.769619692e9
55 72 28 75 37 19 34 124 88 31 85 91 127:1.678940206e9
55 52 28 75 37 34 49 124 88 31 82 85 91 127 106 109:1.675339051e9
55 52 72 28 75 37 19 34 49 124 88 31 85 91 127 109:1.720972398e9
55 52 72 28 75 37 34 49 124 88 31 85 91 127 109:1.687724086e9
16 55 52 28 75 37 19 34 124 88 31 82 85 91 127 109:1.688823704e9
55 52 72 28 75 37 34 49 124 88 31 82 85 91 127 109:1.679520411e9
55 75 103 37 19 34 124 88 31 121 82 85 91 127 106 109:1.676945246e9
55 52 72 75 37 19 34 124 88 31 121 85 91 127:1.672464825e9
55 52 72 28 75 37 19 34 69 124 88 31 85 91 127 106 109:1.677135032e9
55 72 28 75 37 19 34 124 88 31 91 127 106:1.667463722e9
16 55 52 72 75 37 19 34 49 124 88 31 82 85 91 127 106 109:1.722855672e9
55 52 72 75 37 19 34 124 88 31 82 85 91 127:1.727645187e9
55 52 72 75 37 34 124 88 31 82 85 91 127 109:1.739223187e9
55 72 28 75 37 19 34 88 31 82 85 91 127 106 109:1.686248663e9
55 52 72 75 37 19 34 49 124 88 31 85 91 127 109:1.760380083e9
55 52 75 37 19 34 49 124 88 31 121 82 85 91 127 109:1.698131727e9
55 52 72 37 19 34 124 88 31 82 85 91 127 106:1.684374146e9
55 72 28 75 37 19 34 124 88 31 121 85 91 127 109:1.693393828e9
16 55 52 28 75 37 19 34 124 88 31 91 127 109:1.668467553e9
55 52 72 37 19 34 124 88 31 82 85 91 127 109:1.728129162e9
55 52 28 37 19 34 124 88 31 82 85 91 127 106 109:1.711105418e9
55 52 75 37 34 124 88 31 85 91 127 109:1.675806513e9
55 52 75 37 19 34 49 124 88 31 85 91 127 109:1.732990235e9
55 52 72 28 75 37 19 34 124 88 31 85 91 127 106 109:1.768224047e9
55 72 75 37 19 34 69 124 88 31 82 85 91 127 109:1.671617247e9
55 52 72 28 75 103 37 19 34 124 88 31 82 85 91 127 109:1.69206834e9
55 52 75 103 37 19 34 49 124 88 31 85 91 127 109:1.683351166e9
16 55 52 72 75 37 19 34 124 88 31 91 127 109:1.696095999e9
55 52 72 37 34 49 124 88 31 82 85 91 127 106 109:1.686043261e9
16 55 52 75 37 19 34 124 88 31 82 85 91 127 106:1.669123657e9
55 52 75 37 19 34 88 31 82 85 91 127 106 109:1.690744511e9
55 52 72 75 37 19 124 88 31 85 91 127 109:1.679511512e9
55 72 75 37 19 34 124 88 31 121 91 127 106 109:1.681901396e9
55 52 72 75 37 34 49 124 88 31 91 127 106 109:1.708930689e9
55 52 37 19 34 124 88 31 121 85 91 127 106 109:1.668280759e9
55 52 72 37 19 34 49 124 88 31 91 127 106 109:1.697806545e9
55 52 75 37 19 49 124 88 31 82 85 91 127 109:1.66895566e9
55 52 72 28 75 37 19 34 124 88 31 91 127 106 109:1.752243051e9
55 28 75 37 19 34 124 88 31 85 91 127 109:1.706155318e9
55 52 72 75 103 37 19 34 49 124 88 31 91 127 109:1.689074598e9
55 52 75 103 37 19 34 49 124 88 31 85 91 127 106 109:1.719619222e9
16 55 52 72 28 75 37 19 34 124 88 31 85 91 127 106 109:1.717103209e9
55 52 75 103 37 19 34 49 124 88 31 82 85 91 127 106 109:1.722125134e9
55 52 72 75 37 19 34 49 88 31 82 85 91 127 106 109:1.709135324e9
16 55 52 72 75 37 19 34 124 88 31 82 85 91 127 106:1.695886025e9
55 52 72 75 37 19 34 88 31 82 85 91 127 106 109:1.722401599e9
55 52 72 75 37 19 124 88 31 121 82 85 91 127 106 109:1.679319277e9
55 52 72 75 37 19 34 124 88 31 91 127:1.670388215e9
55 52 72 75 37 19 34 49 124 31 91 127 106 109:1.67065404e9
16 55 52 72 75 37 34 49 124 88 31 82 85 91 127 106 109:1.667944904e9
55 52 72 75 37 19 34 69 124 88 31 82 85 91 127 109:1.699416195e9
55 52 72 37 19 34 124 88 31 82 85 91 127 106 109:1.743927843e9
55 52 72 75 37 19 34 69 124 88 31 85 91 127 106 109:1.702641491e9
55 52 72 75 37 19 34 49 69 124 88 31 91 127 106 109:1.668559102e9
55 52 72 28 75 37 19 34 49 124 88 31 85 91 127 106:1.676991463e9
16 55 72 75 37 19 34 124 88 31 121 82 85 91 127 106 109:1.685724205e9
55 52 72 28 75 37 19 34 124 88 31 121 82 85 91 127 109:1.703620571e9
16 55 52 75 37 19 34 49 124 88 31 85 91 127 109:1.689090225e9
55 52 72 37 19 34 124 88 31 121 85 91 127 109:1.673058844e9
55 52 72 103 37 34 124 88 31 82 85 91 127 106 109:1.673331974e9
55 52 72 75 37 19 49 124 88 31 82 85 91 127 106 109:1.702503811e9
55 72 28 75 37 19 34 124 88 31 121 91 127 106 109:1.687999338e9
55 52 72 75 37 34 124 88 31 85 91 127 109:1.714817895e9
55 72 75 37 19 34 124 88 31 121 82 85 91 127 106:1.671868522e9
55 52 72 75 37 19 34 49 124 88 31 82 85 91 127 106:1.72143948e9
16 55 52 72 75 37 34 124 88 31 85 91 127 106 109:1.678539509e9
55 28 75 103 37 19 34 124 88 31 91 127 106 109:1.67433301e9
55 52 75 37 19 34 49 124 88 31 82 85 91 127 106 109:1.757064245e9
55 72 75 37 19 34 124 88 31 121 85 91 127 109:1.693541856e9
55 52 37 19 34 124 88 31 82 85 91 127 106 109:1.724921733e9
55 28 75 103 37 19 34 124 88 31 82 85 91 127 109:1.667325824e9
55 52 28 75 37 19 34 124 88 31 91 127 106:1.66900104e9
55 52 72 28 75 37 19 34 49 124 88 31 82 85 91 127 106 109:1.711014549e9
55 28 75 37 34 124 88 31 82 85 91 127 106 109:1.693794929e9
16 55 72 75 37 19 34 124 88 31 121 85 91 127 106 109:1.672472915e9
55 72 75 37 19 34 124 88 31 82 85 91 127 106:1.707152022e9
55 52 75 37 19 124 88 31 82 85 91 127 109:1.671955124e9
16 55 72 37 19 34 124 88 31 82 85 91 127 106 109:1.669877197e9
55 52 72 75 103 37 19 34 124 88 31 85 91 127 106:1.699344972e9
55 52 72 75 37 34 124 88 31 91 127 109:1.680261186e9
55 52 75 37 19 34 124 88 31 91 127 109:1.692803315e9
16 55 52 72 75 103 37 19 34 124 88 31 91 127 106 109:1.693136955e9
55 72 75 37 19 34 124 88 31 121 82 85 91 127 106 109:1.730831111e9
55 52 72 28 75 37 34 124 88 31 82 85 91 127 106:1.677759478e9
55 52 28 75 37 19 34 88 31 85 91 127 106 109:1.674643731e9
55 75 37 19 34 124 88 31 121 85 91 127 106 109:1.67711528e9
55 52 72 75 103 37 19 34 49 124 88 31 85 91 127 109:1.706150645e9
55 52 72 75 37 19 34 88 31 85 91 127 106 109:1.698872622e9
55 28 75 37 19 34 124 88 31 91 127 106 109:1.696653786e9
55 52 72 28 75 37 19 34 124 88 31 82 91 127 109:1.692740563e9
16 55 75 37 19 34 124 88 31 82 85 91 127 106 109:1.6959543e9
55 52 75 37 19 34 124 88 31 82 85 91 127 106 109:1.771974083e9
16 55 52 75 103 37 19 34 124 88 31 85 91 127 106 109:1.687523576e9
55 52 72 75 37 34 49 124 88 31 85 91 127 106:1.672950992e9
55 75 37 19 34 124 88 31 82 85 91 127 106 109:1.735906698e9
55 52 75 103 37 19 34 124 88 31 82 85 91 127 109:1.707832469e9
55 52 72 75 37 34 124 88 31 121 91 127 106 109:1.673360363e9
55 52 28 37 19 34 49 124 88 31 82 85 91 127 106 109:1.672158126e9
55 52 72 75 103 37 19 34 49 124 88 31 82 91 127 106 109:1.673653957e9
55 72 28 75 103 37 19 34 124 88 31 85 91 127 109:1.683028739e9
16 55 72 28 75 37 19 34 124 88 31 82 85 91 127 109:1.692531645e9
55 52 72 75 103 37 19 34 88 31 82 85 91 127 106 109:1.696560391e9
55 72 28 75 37 19 34 124 88 31 85 91 127 106:1.690544674e9
55 52 75 103 37 19 34 124 88 31 121 85 91 127 106 109:1.692370812e9
55 52 75 37 19 34 88 31 82 85 91 127 109:1.672012166e9
55 52 72 75 37 19 34 124 88 31 91 127 106:1.689476345e9
55 28 75 103 37 19 34 124 88 31 85 91 127 106 109:1.695533256e9
55 52 28 75 103 37 19 34 124 88 31 85 91 127 106 109:1.715638826e9
55 52 72 37 19 34 49 124 88 31 82 85 91 127 109:1.713840968e9
55 52 72 75 103 37 19 34 49 124 88 31 121 85 91 127 106 109:1.690972331e9
55 52 72 28 75 37 19 34 124 88 31 82 85 91 127:1.707572909e9
55 52 72 75 103 37 19 34 49 124 88 31 82 85 91 127 106 109:1.737266077e9
55 52 28 75 37 34 124 88 31 85 91 127 106 109:1.706017157e9
55 52 72 75 37 19 34 124 88 31 91 127 109:1.733448305e9
55 52 72 75 103 37 19 34 124 88 31 121 85 91 127 106 109:1.719302972e9
55 52 72 75 37 19 124 88 31 82 85 91 127 109:1.703817292e9
55 52 72 75 37 19 34 124 88 31 121 85 91 127 109:1.730681092e9
55 28 75 37 19 34 124 88 31 121 82 85 91 127 106 109:1.687967203e9
55 52 75 103 37 34 49 124 88 31 82 85 91 127 106 109:1.684869989e9
55 52 75 37 19 49 124 88 31 85 91 127 106 109:1.668567761e9
55 52 72 75 103 37 34 124 88 31 82 85 91 127 106:1.670031575e9
55 52 72 75 37 19 34 124 88 31 82 91 127 106 109:1.727491683e9
55 52 72 75 103 37 19 34 124 88 31 91 127 109:1.694426545e9
55 52 72 28 75 37 34 49 124 88 31 85 91 127 106 109:1.695031609e9
55 72 75 103 37 19 34 124 88 31 121 82 85 91 127 106 109:1.701938502e9
16 55 52 72 37 19 34 49 124 88 31 85 91 127 106 109:1.673095138e9
55 52 75 103 37 19 34 49 124 88 31 121 82 85 91 127 106 109:1.66902562e9
55 72 28 103 37 19 34 124 88 31 82 85 91 127 106 109:1.668400075e9
16 55 72 28 75 37 19 34 124 88 31 85 91 127 106 109:1.700778205e9
55 52 72 75 37 34 49 88 31 82 85 91 127 106 109:1.669219564e9
55 72 75 37 34 124 88 31 82 85 91 127 106 109:1.721020019e9
55 52 72 75 37 34 124 88 31 121 85 91 127 109:1.683487694e9
55 72 75 103 37 34 124 88 31 85 91 127 106 109:1.6748377e9
55 72 28 75 37 19 34 124 88 31 82 85 91 127 106:1.698952169e9
55 52 28 75 37 34 124 88 31 91 127 106 109:1.683908123e9
16 55 52 72 28 75 37 19 34 124 88 31 91 127 109:1.692459073e9
55 52 72 75 37 34 49 124 88 31 82 85 91 127 106:1.682912189e9
55 52 72 28 75 103 37 19 34 124 88 31 82 85 91 127 106 109:1.723728714e9
55 52 72 75 103 37 19 34 49 124 88 31 121 82 85 91 127 106 109:1.679844786e9
55 52 75 37 19 34 49 124 88 31 121 91 127 109:1.671606051e9
55 52 75 37 19 34 49 124 88 31 82 85 91 127 106:1.701169819e9
55 52 72 75 37 34 49 124 88 31 121 85 91 127 109:1.675482917e9
16 55 52 37 19 34 124 88 31 82 85 91 127 106 109:1.683013614e9
55 52 75 37 19 34 49 124 88 31 82 91 127 106 109:1.688902349e9
55 52 28 75 37 19 34 124 88 31 82 85 91 127 106 109:1.749599881e9
55 52 72 28 75 103 37 19 34 49 124 88 31 85 91 127 106 109:1.684436468e9
16 55 52 72 75 37 19 34 13 124 88 31 85 91 127 106 109:1.679874544e9
55 72 28 75 103 37 19 34 124 88 31 82 85 91 127 109:1.684297669e9
55 52 72 75 37 19 34 124 88 31 85 91 127:1.704314905e9
55 52 72 28 103 37 19 34 124 88 31 91 127 106 109:1.669705143e9
55 52 75 37 34 49 124 88 31 91 127 106 109:1.677384269e9
55 52 28 37 19 34 49 124 88 31 85 91 127 106 109:1.678157622e9
55 52 72 28 75 37 19 34 124 31 91 127 106 109:1.674194385e9
55 52 28 75 37 19 34 49 124 88 31 91 127 109:1.694803325e9
55 52 72 28 75 37 19 34 124 88 31 85 91 127 106:1.71308196e9
55 52 72 28 75 37 19 124 88 31 91 127 106 109:1.675796151e9
55 52 75 37 34 49 124 88 31 85 91 127 106 109:1.703664025e9
55 52 103 37 19 34 124 88 31 85 91 127 106 109:1.680118869e9
55 52 72 75 37 19 34 49 124 88 31 82 91 127 109:1.698580508e9
55 75 103 37 19 34 124 88 31 85 91 127 106 109:1.688484479e9
55 52 72 28 75 37 19 34 124 88 31 82 91 127 106 109:1.701224966e9
55 72 75 37 34 124 88 31 85 91 127 106 109:1.690892629e9
55 52 72 75 37 19 34 49 124 88 31 121 85 91 127 109:1.7158208e9
16 55 52 75 37 19 34 124 88 31 121 82 85 91 127 109:1.672784459e9
55 72 75 37 19 34 124 88 31 82 85 91 127 109:1.751218974e9
16 55 52 75 103 37 19 34 49 124 88 31 82 85 91 127 106 109:1.66974881e9
55 52 72 75 103 37 34 124 88 31 121 85 91 127 106 109:1.676169933e9
55 52 75 103 37 19 34 124 88 31 82 85 91 127 106 109:1.745207285e9
55 52 72 75 37 19 34 49 124 88 31 91 127 109:1.738328089e9
55 72 75 37 34 124 88 31 121 82 85 91 127 106 109:1.686333021e9
55 72 75 37 19 34 124 88 31 121 85 91 127 106 109:1.712732969e9
55 52 72 75 37 34 49 124 88 31 121 91 127 106 109:1.670128737e9
55 52 72 28 75 103 37 19 34 49 124 88 31 91 127 106 109:1.681730782e9
55 72 75 37 19 34 124 88 31 82 91 127 109:1.67486067e9
55 52 72 75 37 34 124 88 31 82 85 91 127 106 109:1.755453484e9
55 52 72 75 37 19 34 124 88 31 121 82 85 91 127 106:1.699119927e9
16 55 52 72 28 75 103 37 19 34 124 88 31 85 91 127 106 109:1.680155614e9
55 72 28 75 37 34 124 88 31 85 91 127 109:1.690932803e9
55 52 72 75 37 34 49 124 88 31 82 91 127 106 109:1.670811973e9
55 52 28 75 103 37 34 124 88 31 85 91 127 106 109:1.677528344e9
55 52 72 75 37 34 49 124 88 31 82 85 91 127 106 109:1.737962485e9
55 72 28 75 37 19 34 88 31 82 85 91 127 109:1.674203651e9
55 52 72 28 75 37 19 34 49 124 88 31 91 127 106:1.66878082e9
55 28 75 37 19 34 124 88 31 82 85 91 127 106 109:1.733376682e9
55 52 75 103 37 19 34 49 124 88 31 91 127 106 109:1.699872669e9
55 52 75 37 19 34 49 124 88 31 82 85 91 127:1.691713478e9
55 52 72 37 34 49 124 88 31 85 91 127 106 109:1.676258787e9
55 52 28 75 37 19 34 124 88 31 85 91 127 106:1.690353461e9
55 52 72 37 19 34 124 88 31 85 91 127 106 109:1.724764274e9
16 55 52 72 75 37 19 34 49 124 88 31 91 127 109:1.694611017e9
16 55 52 72 75 37 34 49 124 88 31 85 91 127 106 109:1.667300978e9
55 72 28 75 37 19 34 124 88 31 82 91 127 109:1.6759612e9
55 52 75 37 19 34 124 88 31 121 82 85 91 127 106:1.673900071e9
55 52 72 75 37 34 69 124 88 31 82 85 91 127 106 109:1.671252177e9
55 72 28 37 19 34 124 88 31 91 127 106 109:1.670732712e9
55 52 72 75 37 19 34 49 69 124 88 31 82 85 91 127 109:1.672032039e9
55 75 103 37 19 34 124 88 31 82 85 91 127 109:1.675565777e9
55 52 72 75 37 19 34 124 88 31 85 91 127 106:1.721198953e9
55 72 28 75 103 37 19 34 124 88 31 85 91 127 106 109:1.718149049e9
55 52 28 75 37 19 34 124 88 31 121 91 127 109:1.674262271e9
55 72 28 75 103 37 19 34 124 88 31 121 85 91 127 106 109:1.671710242e9
55 52 72 37 34 124 88 31 85 91 127 106 109:1.674714269e9
55 52 72 28 75 37 19 34 49 88 31 85 91 127 106 109:1.669089271e9
16 55 52 72 75 37 19 34 124 88 31 82 85 91 127 109:1.739841532e9
55 52 28 75 37 34 49 124 88 31 91 127 106 109:1.668052048e9
55 52 75 103 37 19 34 124 88 31 121 91 127 106 109:1.667364584e9
55 72 75 37 19 34 124 88 31 121 82 85 91 127 109:1.715429291e9
16 55 52 72 75 103 37 19 34 49 124 88 31 85 91 127 106 109:1.691053997e9
16 55 28 75 37 19 34 124 88 31 82 85 91 127 109:1.673894e9
55 52 75 37 34 124 88 31 82 85 91 127 109:1.707135885e9
55 52 72 103 37 19 34 49 124 88 31 85 91 127 106 109:1.689115385e9
55 52 72 75 37 19 34 124 88 31 121 91 127 106 109:1.721910663e9
55 52 103 37 19 34 49 124 88 31 82 85 91 127 106 109:1.683221793e9
55 52 72 28 75 37 19 34 124 88 31 121 91 127 109:1.696853644e9
55 52 72 75 37 19 34 124 88 31 82 85 91 127 106 109:1.800098019e9
55 72 75 103 37 19 34 124 88 31 82 85 91 127 109:1.705819228e9
55 52 75 103 37 19 34 124 88 31 82 85 91 127 106:1.6865511e9
55 52 72 75 37 19 34 49 124 88 31 121 91 127 106 109:1.711802956e9
55 52 72 28 37 19 34 124 88 31 82 85 91 127 109:1.707109207e9
55 52 72 75 37 19 34 49 69 124 88 31 85 91 127 109:1.672567816e9
55 52 72 75 37 19 34 49 124 88 31 82 85 91 127 109:1.765937468e9
16 55 52 72 75 37 19 34 49 124 88 31 85 91 127 106:1.669982865e9
55 52 75 37 19 34 49 124 88 31 85 91 127 106:1.689122258e9
55 52 72 28 75 37 34 124 88 31 121 85 91 127 109:1.673822298e9
55 52 28 75 37 19 34 124 88 31 82 91 127 106 109:1.684716073e9
55 52 72 75 37 19 34 124 88 31 82 85 91 106 109:1.686266546e9
16 55 52 72 75 103 37 19 34 124 88 31 121 82 85 91 127 106 109:1.670474779e9
55 52 72 75 37 19 34 124 88 31 91 127 106 109:1.754372365e9
55 52 72 28 75 103 37 19 34 124 88 31 121 85 91 127 106 109:1.681002414e9
55 52 72 75 37 19 34 124 88 31 82 91 127 106:1.667937986e9
55 52 28 75 103 37 19 34 124 88 31 91 127 106 109:1.699849191e9
55 52 72 75 103 37 34 49 124 88 31 82 85 91 127 109:1.66857637e9
55 52 28 75 103 37 19 34 124 88 31 82 85 91 127 106 109:1.71249664e9
55 52 72 75 37 34 124 88 31 121 85 91 127 106 109:1.701156988e9
55 52 72 75 37 19 34 124 88 31 121 82 85 91 127:1.688631151e9
55 72 28 75 103 37 19 34 124 88 31 91 127 106 109:1.700630883e9
55 52 72 28 37 19 34 124 88 31 91 127 109:1.684646429e9
55 52 37 19 34 49 124 88 31 85 91 127 106 109:1.703087587e9
16 55 52 37 19 34 49 124 88 31 82 85 91 127 106 109:1.667509349e9
55 52 72 75 37 34 88 31 82 85 91 127 106 109:1.67577293e9
55 52 72 28 75 37 34 49 124 88 31 82 85 91 127 106 109:1.683313005e9
55 52 28 75 103 37 19 34 49 124 88 31 85 91 127 106 109:1.675778395e9
55 52 72 28 103 37 19 34 124 88 31 85 91 127 106 109:1.683390638e9
55 52 72 75 37 19 49 124 88 31 85 91 127 109:1.681424683e9
55 52 75 37 34 124 88 31 82 85 91 127 106 109:1.725160834e9
16 55 72 28 75 37 19 34 124 88 31 91 127 106 109:1.682338334e9
16 55 52 72 75 37 19 34 124 88 31 121 85 91 127 109:1.687945165e9
55 28 37 19 34 124 88 31 82 85 91 127 106 109:1.692228695e9
55 52 72 28 75 37 19 34 124 31 85 91 127 106 109:1.674419007e9
16 55 52 75 37 19 34 49 124 88 31 82 85 91 127 109:1.69663657e9
55 28 75 37 19 34 124 88 31 121 85 91 127 109:1.669614222e9
55 72 28 75 37 19 34 124 88 31 91 127 109:1.710716219e9
55 52 72 75 103 37 19 34 124 88 31 121 82 85 91 127 106 109:1.721730733e9
55 52 28 75 37 34 124 88 31 85 91 127 109:1.691943999e9
55 52 75 37 34 124 88 31 121 82 85 91 127 106 109:1.688676816e9
55 52 72 75 37 19 34 49 124 31 82 85 91 127 109:1.671884396e9
55 52 75 37 19 34 124 88 31 85 91 127 109:1.728634124e9
55 52 72 28 75 37 19 124 88 31 85 91 127 109:1.681854783e9
55 28 75 37 19 34 124 88 31 82 85 91 127 109:1.721422956e9
55 52 72 75 37 19 34 49 124 88 31 82 91 127 106 109:1.709487551e9
55 52 72 28 75 37 19 34 69 124 88 31 85 91 127 109:1.668243034e9
55 52 72 75 37 19 34 49 69 124 88 31 82 85 91 127 106 109:1.679651256e9
55 52 75 37 19 34 49 124 88 31 91 127 106 109:1.724671231e9
55 52 72 103 37 19 34 124 88 31 82 85 91 127 106 109:1.715670464e9
55 52 28 75 37 19 34 124 88 31 121 85 91 127 106 109:1.702167635e9
55 52 28 75 37 34 49 124 88 31 82 85 91 127 109:1.669786729e9
55 52 72 28 75 37 19 34 124 88 31 82 85 91 127 106 109:1.764389606e9
55 52 75 103 37 19 34 124 88 31 91 127 106 109:1.699105358e9
55 52 72 75 37 34 49 124 88 31 85 91 127 106 109:1.731427935e9
55 52 72 75 37 19 34 49 88 31 85 91 127 109:1.684237313e9
55 72 75 103 37 19 34 124 88 31 85 91 127 106 109:1.724748738e9
55 52 72 75 37 19 34 49 88 31 82 85 91 127 109:1.697299965e9
55 52 72 103 37 19 34 49 124 88 31 91 127 106 109:1.67151567e9
55 52 72 75 37 19 34 49 124 88 31 85 91 127 106 109:1.774038527e9
55 52 75 37 19 34 124 88 31 82 91 127 106 109:1.697612411e9
55 72 28 75 37 19 34 124 88 31 121 91 127 109:1.674429119e9
55 52 72 28 75 37 34 49 124 88 31 91 127 106 109:1.68606604e9
55 52 72 75 103 37 34 124 88 31 85 91 127 106 109:1.713510991e9
16 55 72 75 103 37 19 34 124 88 31 85 91 127 106 109:1.684698932e9
55 52 37 19 34 124 88 31 82 85 91 127 109:1.70709518e9
55 52 75 37 19 34 49 124 88 31 121 82 85 91 127 106 109:1.707561844e9
55 52 72 28 75 103 37 34 124 88 31 85 91 127 106 109:1.697409316e9
55 52 75 103 37 34 124 88 31 82 85 91 127 106 109:1.701262509e9
55 52 72 28 75 37 34 124 88 31 85 91 127 106 109:1.729478894e9
55 52 72 75 103 37 19 34 88 31 85 91 127 106 109:1.679332351e9
55 52 72 37 19 34 124 88 31 82 85 91 127:1.670631675e9
55 52 72 75 37 34 124 88 31 85 91 127 106 109:1.734837761e9
55 52 72 75 37 19 34 124 88 31 121 82 85 91 127 109:1.743108464e9
55 52 72 28 75 37 19 34 124 88 31 121 85 91 127 106 109:1.7193172e9
55 52 37 19 34 124 88 31 121 82 85 91 127 106 109:1.68792924e9
16 55 52 28 75 37 19 34 124 88 31 91 127 106 109:1.681842157e9
55 52 72 37 19 34 124 88 31 121 82 85 91 127 109:1.688854868e9
55 52 72 75 103 37 34 124 88 31 82 85 91 127 106 109:1.72784363e9
55 52 72 37 19 34 49 124 88 31 121 82 85 91 127 106 109:1.673349021e9
55 52 72 75 37 34 49 124 88 31 91 127 109:1.692038521e9
55 72 75 103 37 19 34 124 88 31 82 85 91 127 106:1.684220537e9
55 52 28 75 37 34 124 88 31 91 127 109:1.667831187e9
55 52 72 28 37 19 34 49 124 88 31 85 91 127 109:1.672857978e9
55 52 72 75 103 37 19 34 49 124 88 31 91 127 106:1.668250555e9
55 75 37 19 34 124 88 31 82 85 91 127 109:1.716375662e9
55 75 37 19 34 124 88 31 82 85 91 127 106:1.672663567e9
55 52 72 75 37 19 124 88 31 82 85 91 127 106 109:1.719899679e9
55 75 37 19 34 124 88 31 121 82 85 91 127 106 109:1.702126326e9
55 52 72 75 103 37 34 49 124 88 31 82 85 91 127 106 109:1.702179646e9
16 55 52 72 75 103 37 19 34 124 88 31 82 85 91 127 109:1.685592157e9
55 28 37 19 34 124 88 31 85 91 127 106 109:1.676684126e9
55 52 28 75 103 37 19 34 124 88 31 121 85 91 127 106 109:1.667433614e9
55 52 75 103 37 19 34 124 88 31 121 82 85 91 127 106 109:1.701662201e9
55 52 28 75 37 19 124 88 31 82 85 91 127 106 109:1.677908691e9
16 55 52 72 75 37 19 34 124 88 31 91 127 106 109:1.715451221e9
16 55 52 72 28 75 37 19 34 49 124 88 31 85 91 127 106 109:1.669777874e9
55 52 72 75 37 34 124 88 31 121 82 85 91 127 109:1.700729858e9
55 52 75 37 19 34 124 88 31 82 91 127 109:1.679808382e9
55 52 72 28 37 19 34 124 88 31 82 85 91 127 106 109:1.715393702e9
109 55 52 72 75 103 37 19 34 124 88 31 85 91 127 100 106:1.685813108e9
55 52 37 34 49 124 88 31 82 85 91 127 106 109:1.674650733e9
55 28 75 37 19 34 124 88 31 82 85 91 127:1.6682503e9
55 28 75 37 19 34 124 88 31 121 85 91 127 106 109:1.682940391e9
55 52 72 103 37 19 34 49 124 88 31 82 85 91 127 106 109:1.688108605e9
55 52 28 75 37 34 124 88 31 82 85 91 127 109:1.702801633e9
55 52 72 75 103 37 19 34 49 124 88 31 82 85 91 127 106:1.685131176e9
55 72 75 103 37 19 34 124 88 31 82 91 127 106 109:1.671099238e9
55 52 72 75 37 34 49 124 88 31 121 82 85 91 127 106 109:1.687554086e9
55 52 72 28 75 37 19 34 124 88 31 85 91 127:1.70430939e9
55 52 75 103 37 19 34 124 88 31 85 91 127 109:1.689210442e9
55 72 75 37 34 124 88 31 121 82 85 91 127 109:1.669759881e9
55 52 75 37 19 34 124 88 31 91 127 106 109:1.715522027e9
55 72 28 75 103 37 34 124 88 31 82 85 91 127 106 109:1.682655455e9
55 52 72 28 75 37 19 124 88 31 82 85 91 127 109:1.686035099e9
55 52 75 37 34 49 124 88 31 82 85 91 127 109:1.70404129e9
16 55 52 72 75 37 19 34 124 88 31 82 85 91 127 106 109:1.753339813e9
16 55 52 72 28 75 37 19 34 124 88 31 82 85 91 127 109:1.702617198e9
55 52 28 75 37 19 34 124 88 31 82 85 91 127 109:1.740287406e9
16 55 52 72 28 75 37 19 34 124 88 31 82 85 91 127 106 109:1.708633741e9
16 55 52 28 75 37 19 34 124 88 31 85 91 127 109:1.687182671e9
16 55 52 72 75 37 19 124 88 31 82 85 91 127 106 109:1.675999133e9
55 75 37 34 124 88 31 82 85 91 127 106 109:1.685802645e9
55 52 72 28 75 37 34 124 88 31 121 85 91 127 106 109:1.683889742e9
16 55 52 72 75 103 37 19 34 124 88 31 85 91 127 106 109:1.716015012e9
16 55 52 72 75 103 37 19 34 49 124 88 31 82 85 91 127 106 109:1.68208839e9
55 52 72 28 75 37 19 34 49 124 88 31 85 91 127 106 109:1.727121935e9
55 52 75 37 19 124 88 31 82 85 91 127 106 109:1.689832163e9
55 52 72 75 37 19 34 124 31 82 85 91 127 109:1.682502834e9
55 52 72 75 103 37 34 124 88 31 91 127 106 109:1.685094293e9
55 52 72 75 37 19 34 124 88 31 121 91 127 109:1.703337175e9
16 55 52 72 75 37 19 34 88 31 82 85 91 127 106 109:1.679501359e9
55 52 72 28 75 37 19 34 88 31 91 127 106 109:1.67948907e9
55 72 28 75 37 34 124 88 31 82 85 91 127 109:1.704212313e9
16 55 75 37 19 34 124 88 31 82 85 91 127 109:1.67798396e9
55 52 72 37 19 34 49 124 88 31 121 85 91 127 106 109:1.675193458e9
55 52 28 103 37 19 34 124 88 31 85 91 127 106 109:1.675671202e9
16 55 52 75 37 19 34 124 88 31 85 91 127 106 109:1.710167696e9
55 52 72 75 37 19 34 69 124 88 31 85 91 127 109:1.686177567e9
55 52 72 75 37 19 34 69 124 88 31 91 127 106 109:1.677416254e9
55 52 72 37 19 34 124 88 31 85 91 127 109:1.705176024e9
55 72 75 103 37 19 34 124 88 31 91 127 106 109:1.693297092e9
55 52 72 75 103 37 34 124 88 31 85 91 127 109:1.674466927e9
55 72 75 37 34 124 88 31 82 85 91 127 109:1.702112315e9
55 52 72 28 37 19 34 124 88 31 85 91 127 109:1.704209143e9
55 52 72 75 37 19 34 49 124 88 31 91 127 106 109:1.754048937e9
55 72 28 75 37 19 124 88 31 82 85 91 127 106 109:1.680257098e9
16 55 52 72 75 37 19 34 124 88 31 121 82 85 91 127 109:1.695557809e9
55 72 75 37 19 34 88 31 82 85 91 127 106 109:1.685927566e9
55 72 75 37 19 34 124 88 31 82 85 91 127 106 109:1.768955358e9
16 55 52 72 75 37 19 34 49 124 88 31 85 91 127 109:1.713658136e9
55 72 75 37 19 34 49 124 88 31 82 85 91 127 109:1.677820328e9
16 55 72 75 37 19 34 124 88 31 91 127 106 109:1.67330013e9
55 52 72 75 37 19 34 124 88 31 82 85 91 127 106:1.740544322e9
55 52 72 75 37 34 124 88 31 82 91 127 106 109:1.682103196e9
16 55 52 72 75 37 19 34 13 124 88 31 82 85 91 127 109:1.671992019e9
55 52 72 75 103 37 19 34 49 124 88 31 85 91 127 106 109:1.741502381e9
55 52 72 75 37 34 49 124 88 31 121 82 85 91 127 109:1.678747301e9
55 72 75 37 19 34 124 88 31 91 127 106 109:1.708176563e9
55 52 72 75 37 19 34 49 88 31 85 91 127 106 109:1.699774473e9
55 72 75 37 19 124 88 31 82 85 91 127 106 109:1.685758128e9
55 52 75 37 19 34 49 124 88 31 121 91 127 106 109:1.686784365e9
16 55 52 75 37 19 34 49 124 88 31 82 85 91 127 106 109:1.706827169e9
55 52 72 75 37 19 49 124 88 31 85 91 127 106 109:1.696106537e9
55 72 75 37 19 34 69 124 88 31 82 85 91 127 106 109:1.686993711e9
55 52 28 75 37 19 34 88 31 82 85 91 127 106 109:1.684627359e9
55 52 72 75 37 19 34 49 124 88 31 121 85 91 127 106:1.672110641e9
55 52 72 28 75 37 19 34 49 124 88 31 121 85 91 127 106 109:1.669044746e9
55 72 28 75 37 19 34 124 88 31 85 91 127 109:1.734111604e9
55 52 28 37 19 34 124 88 31 82 85 91 127 109:1.700827975e9
55 52 75 37 19 34 49 124 88 31 82 91 127 109:1.676200654e9
55 52 37 19 34 49 124 88 31 91 127 106 109:1.677224415e9
55 52 72 28 75 37 34 124 88 31 91 127 109:1.696734732e9
55 52 72 75 103 37 19 34 49 124 88 31 121 91 127 106 109:1.679658776e9
55 72 37 19 34 124 88 31 85 91 127 106 109:1.682011266e9
55 52 72 28 75 37 19 34 88 31 82 85 91 127 109:1.693477292e9
55 52 72 28 75 103 37 19 34 124 88 31 91 127 106 109:1.721276751e9
55 52 72 28 75 37 19 34 49 124 88 31 91 127 109:1.712441553e9
55 72 28 75 37 34 124 88 31 82 85 91 127 106 109:1.715564297e9
55 52 37 19 34 124 88 31 85 91 127 106 109:1.698094808e9
55 52 72 75 37 34 49 124 88 31 121 85 91 127 106 109:1.687975495e9
55 52 28 75 37 19 34 124 88 31 82 85 91 127 106:1.696355459e9
55 72 75 103 37 19 34 124 88 31 82 85 91 127 106 109:1.743686566e9
55 52 72 75 103 37 19 34 49 88 31 85 91 127 106 109:1.671880295e9
55 52 75 37 19 34 124 88 31 121 85 91 127 109:1.698219637e9
