683 141 884 530 73 485 428 186 462 448:1.1282282e7
280:2.465802e7
208 781 547 296 888 286 726 796 186:1.1377388e7
335:1.442935e7
34 152 2 11 574 276 323:1.1225773e7
352 152 415 174 391 488:1.240767e7
208 781 547 296 286 726 796 186:1.1356844e7
34 152 2 574 621 323:1.1202546e7
32 812 266 206 598 160:1.155843e7
683 79 309 756 424 204 428 801:1.1372439e7
799 912 133 451 827 423:1.1060404e7
599 806 94 445 534 578 676 73:1.1538804e7
208 781 547 300 296 888 286 726 186:1.1449372e7
34 152 2 11 574 276 344 323:1.185638e7
920 672 877 181 641 309 347:1.1578494e7
907 409 305 900 211 573:1.114063e7
152 2 11 574 276 621 323:1.1226989e7
208 781 547 300 296 286 726 186:1.1408094e7
335 309 756 424 204 428 801:1.192937e7
34 152 2 574 804 621 323:1.1467526e7
309 756 424 204 428:1.1566475e7
374:1.3738467e7
323:2.19003e7
32 812 266 206 349 160:1.1282216e7
316 29 420 888 539 845 577 205 101:1.1080938e7
599 806 94 445 534 578 676 73 569:1.170095e7
799 920 912 133 423:1.168483e7
799 920 912 133 451 827:1.2922682e7
335 309 756 424 204 428 683:1.1885619e7
920 912 133 451 827 423:1.3733235e7
991 506 693 640:1.1090594e7
514 44 177 369 228:1.1766011e7
776:1.133824e7
683 79 335 708 309 756 424 204 428 801:1.1971672e7
13:2.0913552e7
481:1.5775496e7
574:1.4719747e7
309 756 424 204 428 801:1.11942e7
73:2.9839345e7
208 781 547 300 296 888 286 726 941 186:1.1774469e7
947 493 783 896 915 677 437:1.1952392e7
799 920 912 133 451 827 423:1.4734123e7
409 305 900 211 573 816 106:1.1665125e7
920 451 827 423:1.1834131e7
359 985 711 487 184:1.1187358e7
920 912 451 827:1.2084491e7
79 335 708 309 756 424 204:1.183221e7
868:2.0633547e7
208 781 547 296 938 286 726 941 186 796:1.1741038e7
991 879 391 693 640:1.1173735e7
781 547 888 941 796 208 300 296 286 726 186:1.1998076e7
920 451:1.3258809e7
169 335 519 478 603 922 767 130 369:1.121443e7
34 2 11 574 276 621 344 323:1.1512838e7
799 920 912 451 827:1.3240916e7
208 781 547 300 296 938 286 726 796 186:1.1701745e7
146:1.5796352e7
409 305 863 900 211 573:1.1207428e7
305:1.51024e7
204:1.885839e7
208 781 547 296 286 726 941 186:1.1441194e7
34 152 2 11 574 276 621 804 344 323:1.3471551e7
34 152 2 11 574 344 621 323:1.2949756e7
316 29 420 510 539 845 577 205 118 101:1.1260645e7
141:1.642278e7
79 708 309 756 424 204 428:1.2028162e7
920 912 451 423:1.445767e7
18:1.7483533e7
508 985 711 487 184:1.1359827e7
799 920 912 451 827 423:1.5091016e7
32 266 349 598 160:1.2741411e7
947 493 783 896 915 677 437 348:1.171945e7
799:1.1086075e7
34 152 2 11 574 276 621 323:1.262859e7
747:1.7763236e7
152 2 11 574 276 621 804 344 323:1.2098474e7
316 29 420 888 539 845 577 205 118 101:1.1387255e7
34 152 2 11 574 804 323:1.1166536e7
907 409 305 900 211 573 106:1.2012306e7
79 309 756 424 204 428 683:1.1660093e7
309 756 424 204 428 683:1.1176161e7
335 708 309 756 424 204 428 801:1.1850218e7
34 152 2 11 574 276 621 344:1.1491799e7
79 335 309 756 424 204 683:1.1481125e7
34 152 2 574 276 621 323:1.1517235e7
32 812 266 349 598 159 160:1.2556648e7
688:1.5613605e7
551:1.1561711e7
208 781 547 300 296 286 726 941 186:1.1742447e7
707:1.6836236e7
409 305 863 900 211 573 106:1.2082144e7
79 708 309 756 424 204:1.1098472e7
907 409 305 863 900 573 106:1.1285668e7
152:3.5961297e7
184:1.1063373e7
920 133 451 827 423:1.1556958e7
352 152 415 174:1.1583618e7
79 708 309 756 424 204 428 801:1.1638556e7
687:1.360005e7
522:1.1259609e7
674 985 126 131 965 676 428 439 162:1.121572e7
79 335 708 424 756 204 428 801:1.1179009e7
208 781 547 300 296 888 726 941 186 796:1.1055249e7
795:1.4345092e7
208 781 547 300 296 938 726 941 186 796:1.1069315e7
439 674 985 126 131 965 676 382 428 162:1.1855478e7
208 781 547 296 286 726 941 186 796:1.1691801e7
79 335 309 756 424 204 683 801:1.1198281e7
508 359 985 711 487:1.1822358e7
79 335 309 756 424 204 428 683:1.2354082e7
781 547 941 796 208 300 296 938 286 726 186:1.2014843e7
111:1.2176828e7
842:1.546359e7
316 29 420 888 539 510 845 205 118 101:1.1285308e7
799 920 451 423:1.3306134e7
920 912 133 451 423:1.4050568e7
39:1.796412e7
799 912 451 827 423:1.1298268e7
32 266 206 349 160:1.13569e7
920 672 181 641 309 347:1.1086114e7
352 152 415 174 391:1.2228302e7
789 614 886 719 155 327 767:1.1453735e7
208 781 547 300 888 286 726 941 186 796:1.1125621e7
335 708 309 756 424 204:1.1303539e7
208 781 547 300 296 938 286 726 941 186:1.1791495e7
708 309 756 424 204 428:1.1463327e7
991 879 506 391 693 640:1.2274412e7
70:2.480316e7
991 879 506 693 640:1.1496254e7
32 812 266 206 349 159 160:1.1232257e7
79 335 708 424 756 204 428:1.1489905e7
907 409 305 900 211 573 816 106:1.1998247e7
208 781 547 300 296 938 286 726 186:1.1464019e7
208 781 547 296 888 286 726 186:1.1126419e7
920 912 451:1.2328504e7
334 896 723 424 629:1.1265155e7
79 708 309 756 424 204 428 683:1.1610353e7
781 547 888 941 208 300 296 938 286 726 186:1.1838977e7
74:2.017656e7
79 335 309 756 424 204:1.1877562e7
508:1.596969e7
907 409 305 863 900 211 573 816 106:1.2380361e7
34 152 2 11 574 276 621 344 323:1.3246282e7
152 2 11 574 804 621 323:1.1170709e7
922:1.3518495e7
79 335 708 309 756 424 204 801:1.1461595e7
335 309 756 424 204 428:1.2300605e7
999:1.4696178e7
34 2 11 574 804 621 344 323:1.1461362e7
508 359 985 487 184:1.136384e7
32 206 349 598 159 160:1.1363366e7
352 152 415 174 488:1.179459e7
34 152 2 11 574 276 621 804:1.1111831e7
79 335 708 309 756 424 204 428 801:1.2325766e7
907 409 305 863 900 211 573:1.1563146e7
799 920 912 133 451 423:1.5116765e7
451:1.667451e7
549:1.4982477e7
208 781 547 296 888 938 286 726 941 186:1.1542436e7
508 985 487 739 184:1.1159153e7
34 152 2 11 804 344 621 323:1.1205536e7
875:1.1412596e7
32 266 206 349 598 160:1.3282108e7
478:1.13172e7
34 152 2 11 574 276 621 804 323:1.2870332e7
208 781 547 296 888 286 726 941 186:1.1466176e7
335 309 756 424 204:1.1339161e7
409 305 863 900 211 573 816 106:1.2063985e7
34 152 2 574 804 276 621 344 323:1.239354e7
208 781 547 296 888 938 286 726 186:1.1209395e7
316 29 420 888 539 510 845 577 205 101:1.106697e7
34 152 2 11 276 621 344 323:1.1277473e7
284:1.2973812e7
790:2.2749684e7
799 920 451:1.1345923e7
34 152 2 11 574 621 323:1.2323227e7
781 547 888 941 796 208 296 938 286 726 186:1.176737e7
208 781 547 296 888 938 286 726 796 186:1.1448707e7
79 335 708 309 756 424 204 428 683:1.2290467e7
193:1.1550708e7
205:1.7421402e7
894:1.4999445e7
316 29 420 510 539 845 205 118 101:1.1176855e7
34 152 2 11 804 276 621 344 323:1.152121e7
208 781 547 300 938 286 726 941 186 796:1.1135938e7
152 2 11 574 276 621 804 323:1.1491898e7
991 391 506 693 640:1.1882968e7
508 359 985 711 487 184:1.2952844e7
79 335 708 309 756 424 204 683:1.1469585e7
493:1.6359948e7
753:3.093981e7
991 879 506 391 693:1.11072e7
947:1.3938795e7
208 781 547 300 296 286 726 941 186 796:1.1978838e7
781 547 888 941 796 208 300 296 938 286 726 186:1.2050927e7
160:1.4953974e7
34 2 11 574 276 621 804 323:1.1134098e7
781 547 888 941 796 208 300 938 286 726 186:1.1190948e7
425 672 877 920 181 641 309 347:1.1327235e7
683 79 335 309 756 424 204 428 801:1.2041345e7
163:1.2066924e7
508 985 711 487 739 184:1.2741339e7
508 985 711 487 739:1.166958e7
945:1.2020145e7
789 614 886 719 155 327:1.136743e7
335 69 753 344 218:1.1819785e7
208 781 547 300 296 888 286 726 796 186:1.1687357e7
674 985 126 131 965 676 382 428 162:1.1360927e7
79 335 424 756 204 428:1.1520594e7
79 335 708 309 756 424 204 428:1.2733472e7
914:2.008968e7
487:1.4634233e7
907 409 305 900 211 573 816:1.1147514e7
409 305 900 211 573 106:1.1668318e7
683 335 309 756 424 204 428 801:1.1612844e7
514 44 177 763 369 228:1.2470742e7
208 781 547 296 888 286 726 941 186 796:1.1702767e7
44:1.4729922e7
781 547 888 796 208 300 296 938 286 726 186:1.1746924e7
34 152 11 574 804 344 621 323:1.1104706e7
799 920 912 423:1.193237e7
152 2 11 574 804 621 344 323:1.1787732e7
76:1.197036e7
539:2.09526e7
34 2 11 574 276 621 804 344 323:1.1764066e7
695:1.9386036e7
34 152 11 574 276 621 344 323:1.1157427e7
799 920 912 451 423:1.5517168e7
677:1.4559204e7
79 335 424 756 204 428 683:1.1112682e7
316 29 420 888 510 539 845 577 205 118 101:1.1362391e7
178:1.9351462e7
388:1.5464676e7
514 44 177 228:1.1640289e7
896:1.770041e7
753 218:1.3127005e7
34 152 2 11 574 804 344 323:1.1789551e7
34 152 2 11 574 804 621 344:1.1434238e7
34 152 2 11 574 276 621 804 344:1.1744648e7
359 985 711 487 739 184:1.2571673e7
335 708 309 756 424 204 428 683:1.1838641e7
32 812 266 206 349 598 159 160:1.3067765e7
32 812 206 349 598 160:1.1366335e7
72:1.1121002e7
572:1.6329836e7
674 985 126 131 965 676 382 428 439:1.1515613e7
907 409 305 863 900 211 573 106:1.2409386e7
359 985 711 487 739:1.1460258e7
34 152 2 11 574 344 621:1.1175191e7
659:1.2163814e7
424:1.1791572e7
79 335 708 424 756 204 428 683:1.1096345e7
799 920 133 451 827 423:1.2712865e7
799 920 912 451:1.3524043e7
708 309 756 424 204 428 683:1.1123418e7
439 985 126 131 965 676 382 428 162:1.1369313e7
79 309 756 424 204 428 801:1.1719777e7
799 920 912 133 827 423:1.1483732e7
34 152 2 11 574 344 323:1.154094e7
34 152 2 11 574 804 621 323:1.2571167e7
208 781 547 300 296 888 938 286 726 186:1.1520596e7
845:3.1443424e7
693:1.3597844e7
316:1.2366069e7
947 493 783 896 677 437:1.1188777e7
79 335 708 309 756 204 428:1.1153873e7
683 335 708 309 756 424 204 428 801:1.1558064e7
34 152 2 574 276 621 344 323:1.2151231e7
34 152 2 574 344 621 323:1.1845379e7
126:1.5935595e7
920 912 133 451 827:1.1783332e7
915:1.2162804e7
327:1.14168e7
141 884 530 73 485 428 186 462 683:1.1196495e7
884:1.538466e7
208:1.2505008e7
152 2 11 574 276 621 344 323:1.1851238e7
316 29 420 888 539 845 205 118 101:1.1304648e7
79 309 756 424 204:1.1132158e7
907 305 863 900 211 573 816 106:1.1172412e7
420:1.7542776e7
508 359 985 711 487 739:1.319352e7
291:1.541475e7
641:1.3025686e7
32 266 206 598 159 160:1.1573071e7
34 2 11 574 344 621 323:1.1203936e7
32 812 266 349 598 160:1.2652868e7
79 335 424 756 204 428 801:1.1225175e7
830:1.5695108e7
208 781 547 300 286 726 941 186 796:1.1086305e7
32 812 206 349 598 159 160:1.1296766e7
983:2.2671582e7
32 266 598 160:1.1053131e7
335 708 309 756 424 204 428:1.2209901e7
789:1.5003048e7
947 493 896 915 677 437:1.1421824e7
34 152 11 574 804 276 621 344 323:1.1415498e7
913:1.9966485e7
378:1.4992424e7
907 409 305 863 900 211 573 816:1.1555064e7
920 912 451 827 423:1.4093938e7
316 29 420 539 845 205 118 101:1.1189145e7
208 781 547 296 286 726 186:1.1091859e7
764:1.6909563e7
32:2.0339356e7
208 781 547 300 296 286 726 796 186:1.1658863e7
152 2 11 574 344 621 323:1.1534298e7
79 335 309 756 424 204 428:1.2823294e7
316 29 420 539 845 577 205 118 101:1.1278459e7
32 266 206 349 598 159 160:1.3168954e7
335 753 344 218:1.1123275e7
208 781 547 296 938 286 726 186:1.1161016e7
920 451 423:1.2097472e7
79 309 756 424 204 428:1.2094528e7
781 547 888 941 796 208 300 296 938 726 186:1.1098114e7
799 912 133 451 423:1.119648e7
514 44 177 763 228:1.2413059e7
349:1.195271e7
32 266 206 598 160:1.1631389e7
34 152 2 11 574 276 804 323:1.1485259e7
530:1.4972681e7
34 152 2 11 574 276 804 344 323:1.2098793e7
32 206 349 598 160:1.1439217e7
79 335 309 756 204 428:1.1180171e7
235:1.1925685e7
79 335 708 309 756 424 204 683 801:1.1175315e7
32 812 266 206 349 598 160:1.3172721e7
947 493 896 915 677 437 348:1.120472e7
508 359 985 487 739 184:1.2746247e7
34 152 2 574 804 344 621 323:1.2093886e7
985:1.8849768e7
32 812 266 206 598 159 160:1.1504736e7
34 152 2 574 804 276 621 323:1.1776017e7
240:1.561876e7
575:1.4165095e7
208 781 547 296 938 286 726 941 186:1.1503474e7
799 920 133 451 423:1.2980562e7
508 359 711 487 739 184:1.2155867e7
208 781 547 296 938 286 726 796 186:1.1412958e7
34 152 2 11 574 804 621 344 323:1.3181223e7
920:2.982512e7
428:1.3963521e7
907 305 863 900 211 573 106:1.1174392e7
799 920 451 827 423:1.3016688e7
598:1.4015768e7
79 335 309 756 424 204 801:1.1524061e7
920 133 451 423:1.1740917e7
32 266 206 349 159 160:1.1301175e7
409 305 863 900 211 573 816:1.1210212e7
799 920 912 133 451:1.3162515e7
599:1.5352368e7
352 152 174 391 488:1.1135474e7
799 912 451 423:1.1461638e7
347:1.7030935e7
32 266 349 598 159 160:1.2638454e7
79 335 309 756 424 204 428 801:1.2427026e7
508 359 985 711 487 739 184:1.4285789e7
683 79 708 309 756 424 204 428 801:1.1314085e7
920 912 133 451:1.1970222e7
218:5.742735e7
750:1.3307346e7
708 309 756 424 204 428 801:1.1114753e7
907 409 305 863 900 573 816 106:1.1269902e7
799 920 912 827 423:1.1699271e7
508 359 985 487 739:1.1609768e7
117:1.1754072e7
