936 1086 797 1357 520 470
219
1373 773 1096 620 1077 664 321 594 1342 617
407 950 1093 390 478 382
773 1096 594 327 1342 617
1315
783 962 1161 130
1382 153 57 596
1386 560 1136 1197 1303 327
1426 407 950 1093 390 478 382
595 888 445 17 349 1531 439
1289 873 1549 384 1472 347 280
551 907 1433 1510 707 1556 1489
1280
414
1446 404 1236 287 1340 1024 237 414 244 1512 1436
352 336 36 9 895 625 958
1289 873 1549 384 1472 347
218 1367 1171 1427 1044 1543
1214
1462
1400 728 1171 1427 1044 218
1239 1382 1266 57 596
555
1542 727 217 1043 1399 1365
773 481 620 1096 1077 321 594 327 1342 617
20
628
1072 1478 114 469 1466 91 270 996
430 1389 1472 819
130
966 11 510 1353 267
333 1159 672 921 1154 416 1048
1239 1382 1266 153 57
1373 773 481 620 1096 321 594 327 1342 617
1024 1446 1236 237 287 414 244 1340 1512
143
966 11 510 1353 1282 267 743
1523 924 1500 847 535 735 1317
1186 404 1236 287 1340 271 1024 237 414 1512 1436
1024 1236 237 287 414 244 1340 1512 1436
580
1198 728 1308 616 66
439
773 664 594 327 1342 617
1186 1446 1229 87 383 1342 1163
712
551 907 1433 1510 707 1556
1312 1268 182 37 625
291 707 967 890 1360
1261
1349 1460 767 850 956 218
44
333
208 25 753 1429 640
355
1396 607 797 408
1186 1024 1236 237 287 414 244 1340 1512 1436
1457
1140 441 1527 917 1439
1367 1504 1017 761 1267 1394 645
1412
94 1186 1446 1236 287 1340 271 1024 237 414 244 1512
1485
881 937 355 1120 1048 958
1160 124 211 827 261 683 140
1373 773 481 1096 594 1342 617
920
94 1186 1446 404 1236 287 1340 237 414 1512 1436
982 772 339 1281
1367 678 1504 1017 761 1267 645
966 510 1353 1282 267 743
408
897
1373 773 481 620 1077 594 327 1342 617
773 1096 664 594 327 1342 617
1390 8 1450
53
962 1133 1156 556 480
773 481 620 1077 321 594 1342 617
950
773 481 664 594 327 1342 617
684 1456 1140 441 1527 917 584
1456 814 364 934 784 225 1500
772
94 1186 1446 404 1236 287 1340 237 414 244 1512
55
966 1320 1353 267 743
308
1390 1450 751
479 724 575 625 751 608
333 1159 672 921 1537 1154 1048
773 481 620 1096 1077 664 321 594 327 617
1046 1516 863 1323 447 281
773 481 620 1096 1077 594 1342 617
1320
94 1186 1446 404 1236 287 1340 271 1024 237 414 244 1436
1367
94 1186 1446 404 1236 287 1340 1024 237 414 1512 1436
1229 87 1342 1163
783 962 1378 1161 130
637
983
1349 1532 1460 767 850 956 218
94 1186 1446 404 1236 287 1024 237 414 1512 1436
1373 773 481 620 664 594 1342 617
289 1241 948 1470 798 792
1426 727 1043 1399 1365
966 11 1353 267 1282 743
300 445 349 17 439 595
343
289 1241 948 1470 798 792 1514
407 528 950 1093 390 382
94 1186 1446 404 1236 287 1340 271 237 414 1512 1436
1186 1446 404 1236 287 271 1024 237 414 244 1512
1324
285
49
1373 773 664 321 594 327 1342 617
1426 727 217 1043 1399 1365
726
773 912 1482 236 706
94 1186 404 1236 287 1340 1024 237 414 1512 1436
684 441 1527 917 1439 584
218 1367 728 1427 1543
94 1186 1446 404 1236 287 1340 271 1024 237 414 244 1512 1436
1320 1126 261 1237 644 1070
1173 1506 171 558 470
595 445 17 349 1531 439
1491 1118 991 166 1374 1314 1347
848 1304 349 156 100
1373 773 664 594 327 1342 617
773 481 1096 321 594 1342 617
1456 441 1527 917
371
185 894 378 139 1327 295 1543
182 1295 87 37 625
967
94 1186 404 1236 287 1340 271 237 414 1512 1436
773 1096 321 594 1342 617
1186 1446 404 1236 287 1340 1024 237 414 1512 1436
590
218 1400 1427 1044 1543
1140 441 1527 917
1373 773 481 620 664 321 594 1342 617
966 510 1353 267 743
1456 91 414 1545 580 996
1260
1373 773 481 620 1077 321 594 1342 617
815 937 798 944 471
660
773 481 1096 664 594 1342 617
1550
397 1092 237 1179 1229 87
326
1446 1026 1229 87 383 1342
1373 773 481 620 1096 1077 664 594 327 617
586
267 1409 417 1272
966 11 510 1353 267 743
760
338
277 1315 1153 932 1432 106 111
1289 873 191 1549 384 1472 347 280
1186 1446 404 1236 287 1340 1024 237 414 244 1512
907 1510 707 1556 1489
845
349
1013
1092 237 1179 1229 87
966 11 510 1353 1320 267
1024 1446 1236 237 404 287 414 1340 1512
1135 985 519 991 845 1295 862 569
684 1456 1140 441 917 1439
100
1446 1026 1229 87 1342 1163
684 1456 1140 441 1527 917 1439
773 1096 620 1077 321 594 327 1342 617
559
1373 773 1096 620 1077 664 321 594 617
563 1179 613
1426 407 950 1093 390 382
986
1157
1373 773 1096 620 1077 664 321 594 327 617
1373 773 481 1096 1077 594 327 1342 617
208 25 574 753 1429 640
728 1427 1044 218
1279 430 1389 1472 819
718 1400 329 1144 325 1121 218
13
368
1119
728 1427 1044 1543
1274
94 1186 1446 404 1236 287 1340 271 237 414 244 1512
966 1320 510 1353 267
1525
924 1223 1373 1344 281 1128 1084
380
133 1063 753 337
1307
1267
985
267
819
611
684 1456 1140 441 1439 584
1198 728 1308 616 66 1381
881 438 1364 937 1048 958
1426 407 1093 390 478 382
1239 1382 57 596
1499
873
1473
397 1092 1229 1179
138
1373 773 1096 620 1077 664 594 1342 617
1186 1024 404 1236 237 287 414 1340 1512 1436
1292
936 1086 797 814 1357 470
976 117 1419 466 1292 470 637
1497
1373 773 1096 620 664 321 594 327 1342 617
1373 773 1096 620 664 321 594 327 1342
447
334
1186 1446 1026 1229 87 383 1342
1036
1373 773 481 1096 1077 664 321 594 327 617
1373 773 1096 664 321 594 327 1342 617
185
445 349 1531 439 17
47 1045 197 719 763
914 1291 958
197
773 481 1077 664 594 327 1342 617
170
484 650 161 1526 1480 471
1373 773 620 664 321 594 327 1342 617
915
1056
1056 1499
2
976 277 753 520 1292
1373 773 481 1096 1077 321 594 327 617
1153
831 332 1214 82 249 138 1287
560 88 1276 1559 1003 710 554 342
773 481 620 1096 664 321 594 327 617
1284
1236
595 888 17 349 1531 439
1186 1446 1236 287 1340 271 1024 237 414 244 1512
1373 773 481 620 1096 1077 664 594 327 1342
277 1315 1153 932 106 111
1146
773 481 1096 594 1342 617
1456 91 414 1545 580
175
1071
397 1092 237 1179 87
1224
1186 1446 404 1236 287 271 1024 237 414 244 1512 1436
860
438 937 355 1120 958
926 494 1136 44 464 1463
903
94 1446 404 1236 287 271 1024 237 414 1512 1436
976 1419 233 1292 470 637
71
1186 1446 404 1236 287 1340 271 237 414 244 1512
907
1373 773 481 620 1096 664 321 594 327 1342
1491 1118 991 675 166 1314 1347
248
1268 182 1295 37 625
261
443
1433 108 618 1317
1367 1171 728 1427 1044 218
773 481 620 1096 1077 594 327 1342 617
1400 1367 728 1427 218
773 620 1077 594 327 1342 617
1312 182 1295 87 37 625
1426 1542 727 1043 1365
684 1456 1140 1527 917 1439 584
773 1096 620 1077 664 321 594 327 1342
94 404 1236 287 1340 271 1024 237 414 244 1512 1436
1437 351 205
708
1396 1190 607 797 720 408
722
550
11 1353 1320 1282 267 743
271 1024 404 1236 237 287 414 1340 1512 1436
1349 1532 1460 767 850 218
1357
782
773 481 1096 321 594 327 1342 617
1061
1173 1506 171 1030 558 470
731
1373 773 481 620 664 321 594 327 1342 617
94 1186 404 1236 287 1340 271 1024 237 414 1512
250
27
773 481 1077 321 594 327 1342 617
617
300 349 1531 439 17
840
94 1186 1446 1236 287 271 1024 237 414 244 1512 1436
1274 1227 478 1550 308 1424 940 1210
218 1400 728 1171 1427 1044 1543
766
1373 773 1096 620 664 321 594 327 617
94 1446 404 1236 1340 271 1024 237 414 244 1512 1436
1237
773 481 620 1096 321 594 327 617
684 1456 441 1527 1439 584
300 445 349 17 439
551 1510 707 1556 1489
94 404 1236 287 1340 271 237 414 244 1512 1436
1289 873 191 1549 1472 347 280
144
1478
94 1186 1024 404 1236 237 287 414 244 1512
300 888 445 349 1531 439 17
1154
714
684 1140 441 1527 917 584
1373 481 1077 321 594 773 1096 664 327 1342 617
881 438 937 355 1120 958
448
973 1260 511 341 24 1243 1360 1210
1382 1266 153 57
1373 773 481 1096 664 321 594 1342 617
773 912 1482 490
773 481 620 321 594 1342 617
1186 1026 1229 87 383 1342 1163
1373 773 481 1096 1077 664 594 327 617
208 753 1429 71 640
747
815 937 1087 798 944 471
982 772 1281
24
486 1315 510 1432 1459
1373 481 620 1077 321 594 773 1096 664 327 1342
1287
966 11 1353 267 743
729 486 1315 510 1432 1459
889
1367 728 1427 1044 1543
94 1446 404 1236 287 1340 271 1024 414 1512 1436
1373 773 481 1096 1077 664 594 1342 617
457
551 1433 1510 707
1145
773 912 1482 706
1373 773 481 1077 594 327 1342 617
336
1260 185 378 1327 295 1543
1373 773 481 1096 664 594 1342 617
337
45
1470
773 481 620 1096 1077 664 594 327 1342
1123 1412 863 1323 447 281
1092
1046 1412 1516 863 1323 447
944
751 479 724 575 625 275 608
218 728 1171 1427 1044 1543
1206
773 481 620 1096 1077 664 321 594 617
87
619
1024 1446 1236 237 404 287 414 1340 1512 1436
1380 1324 442 798
63
94 1186 1446 404 1236 287 1340 1024 237 414 244 1512 1436
684 1456 1140 441 1527 917
937 355 1120 1048 958
88
779 783 962 1161 130
1159
1524
94 1024 1236 237 287 414 1340 1512 271
667 1029 407 197 873 733 450
877
75
773 1096 620 1077 664 321 594 327 1342 617
468
751 479 724 625 275 608
613
1398
1340
1163
438 937 355 958
1534
218 1367 728 1427 1044 1543
1367 1171 728 1427 218
443 343 470
1186 1446 1229 87 1342 1163
1118
706
180
1198 728 805 1308 66 1381
419
438 937 355 1048 958
874
1378
953
1396 607 797 720 408
1375
1289 873 384 1472 347 280
773 1096 620 594 1342 617
1456 1140 441 1527 584
907 1433 707 1556 1489
486
187
684 1140 441 1527 1439 584
94 404 1236 237 287 414 244 1340 1512 271
1433 108 618
274
1024 1236 237 287 414 244 1340 1512 271
667 407 197 873 733 450
1081 848 1304 349 156 100
958
1186 1446 1236 287 1340 271 1024 237 414 1512 1436
981
684 1456 1140 1527 917
773 481 620 1077 321 594 327 1342 617
788
1373 773 1096 321 594 327 1342 617
1433 1510 707 1556 1489
773 620 1077 664 594 327 1342 617
1373 773 481 620 1077 664 594 327 1342 617
94 1186 1024 1446 1236 237 287 414 1340 1512
277 1315 1153 106 111
966 1353 267 1282 743
1046 1123 1412 1516 1323 447 281
47 197 719 763 76
33
961
354
1197 1324
881 937 355 1120 958
1289 873 191 1472 347
94 1446 1236 287 1340 271 1024 237 414 244 1512
1460
792
831 332 1214 82 138 1287
815 521 937 1087 798 471
702
1172 779 783 962 1161 130
510
1472
773 481 1096 1077 594 327 1342 617
1373 773 620 1077 664 594 1342 617
94 1186 1446 404 1236 287 1340 271 1024 414 244 1512 1436
1327
707
631
1360
510 1353 1282 267 743
407 1499 840
815 521 937 798 471
1197 1324 608
926 50 1429 1441 1119
1172 783 962 1378 1161 130
1453
1373 773 481 620 1077 664 594 1342 617
521 937 798 944 471
892
773 912 1482 490 236
718
218 1367 1171 728 1427 1543
1223
1456 441 1527 917 1439 584
312
479 575 625 751 608
1186 404 1236 287 271 1024 237 414 244 1512 1436
773 481 1096 1077 664 321 594 327 617
605
1433 1510 707 1556
94 1186 1236 287 1340 271 1024 237 414 244 1512 1436
1373 773 481 1096 1077 321 594 1342 617
1373 773 481 1077 664 594 327 1342 617
94 1186 1446 1236 287 1340 1024 237 414 244 1512 1436
684 1456 1140 1527 917 584
936 1086 797 814 1357 520 470
616
898
1260 185 894 378 1327 295 1543
1367 728 1427 1044
94 1186 404 1236 287 271 1024 237 414 1512 1436
289 1241 948 1470 239 798 792
1386
94 1186 1236 287 1340 271 1024 237 414 1512 1436
1281
907 231 1263 287 308 470
94 1186 1446 404 1236 287 271 1024 237 414 1512 1436
1400 1367 1171 728 1427 218
1320 510 1353 1282 267 743
551 907 1510 707 1556
1367 1171 728 1427 1044 1543
773 1096 620 664 321 594 327 1342
803
982 772 1431 1281
581
739
1412 1516 863 1323 447 281
94 1446 404 1236 287 1340 271 1024 237 414 244 1512 1436
988 772 1431 339 1281
976 1419 466 1292 470 637
684 1140 441 1527 917
94 1186 1446 404 1236 287 1340 1024 414 244 1512
1373 773 1096 620 664 594 327 617
1373 773 481 620 1077 321 594 327 1342 617
849
174
815 521 937 944 471
1373 773 481 620 664 594 327 1342 617
94 1186 1446 404 1236 287 1340 1024 414 244 1512 1436
1124
1446 404 1236 287 1340 271 1024 414 244 1512 1436
29
773 481 620 1077 664 594 1342 617
888 445 349 17 439
494 351 205 222
94 1024 1446 1236 404 287 414 244 1340 1512
966 11 510 1353 1320 1282 267 743
595 300 17 349 1531 439
1278
426 852 447 1356 37
773 481 620 1096 664 594 327 1342 617
1502
907 1510 707 1556
773 481 620 1096 664 321 594 327 1342
1459
1070
94 1024 1236 237 287 414 1340 1512 1436
773 1096 664 594 1342 617
1446 1229 87 1342 1163
479 625 751 608
59 49 486 168 575 1228 1224
841 1251 99 602 76
751
1123 1412 1516 863 1323 447 281
307
1046 1412 863 1323 447 281
976 1419 1292 470 637
729 486 1315 510 1282 1459
1341
521 937 1087 798 944 471
224
955
94 1186 1446 1236 287 1340 271 1024 237 414 1512 1436
773 1096 620 664 321 594 327 1342 617
1186 404 1236 287 1340 271 1024 237 414 244 1512 1436
1373 773 481 620 1096 664 321 594 617
1026 1229 87 1342 1163
1426 407 1093
1446 404 1236 287 1340 271 1024 237 414 244 1512
1435
975
453
1373 773 481 620 1096 594 327 1342 617
26
684 1140 441 1527 1439
407 1056 796 840
1186 1446 1026 1229 87 1342 1163
1138
1186 1446 404 1236 287 1340 271 1024 237 414 1512
773 481 620 1096 1077 664 321 594 1342 617
47 1045 719 763 76
638 1536 920 1380 1174 1470
30
1373 773 321 594 327 1342 617
50
200 133 753 337
1005
407 1056 1499 796 840
773 481 620 664 321 594 1342 617
751 479 625 275 608
773 1096 620 321 594 1342 617
59 49 486 168 1228
1373 481 620 1077 321 594 773 1096 664 327 617
350
407 528 950 1093 390 478 382
666 83 545 1244 1475 387 608
976
218 1400 1367 1171 728 1427 1044 1543
99
766 865 422 892 206 749 716 416
982 988 772 339 1281
1032
1186 1024 1446 1236 237 404 287 414 1340 1512
1210
577
182 87 37 625
398
728 1171 1427 1044 1543
1456 1140 441 1527 917
407 1056 840
684 1456 1140 441 1527 1439 584
1057
773 481 620 1096 321 594 327 1342 617
1373 773 1096 620 321 594 327 617
405 888 478 782 1270 1293 1210
907 1433 707 1556
304
1323
474
1373 773 481 620 1096 1077 664 594 1342 617
1419
1373 773 1096 620 1077 594 327 617
94 1446 404 1236 287 1340 271 1024 414 244 1512
795
94 1446 404 1236 287 1340 1024 237 414 244 1512 1436
988 772 339 1281
982 772 1431 339 1281
1024 404 1236 237 287 414 244 1340 1512
891
94 404 1236 287 271 1024 237 414 244 1512 1436
94 1186 1446 404 1236 287 1340 1024 237 414 244 1512
773 481 1096 1077 321 594 1342 617
234
554
841 1251 86 602 292 76
1468
407 950 1093 390 382
1173 558 487 470
