94 404 1236 287 1340 271 1024 237 414 244 1512
94 404 1236 287 271 1024 237 414 244 1512 1436
94 1186 1446 404 1236 287 1340 271 1024 414 244 1512 1436
333 1159 672 921 1537 1154 416
773 1096 1077 664 594 1342 617
773 912 490 706
94 1186 1446 1236 287 1340 1024 237 414 1512 1436
1373 773 481 664 321 594 327 1342 617
1523
218 1400 728 1427 1044 1543
94 1446 1236 287 1340 271 1024 237 414 244 1512
1046 1412 1516 863 1323 447 281
684 1456 441 1527 917 1439
647
94 1024 404 1236 237 287 414 244 1340 1512
1324
200 133 1063 753 337
170
747
94 1186 1446 404 1236 287 1340 1024 237 414 244 1512
1046 1123 1412 1516 1323 447 281
1301
350
47 1045 197 719 763
1373 773 1096 620 1077 664 321 594 327 1342
181
1373 773 481 620 1096 664 594 327 1342
443 343 470
1229 87 383 1342 1163
1491 1118 991 166 1374 1314 1347
1475
94 1186 404 1236 287 1340 271 1024 237 414 244 1512
1157
835 824 1041 1351 625
1186 1024 404 1236 237 287 414 244 1340 1512
773 481 1096 1077 664 321 594 327 1342 617
1373 773 1096 620 1077 664 321 594 1342 617
1400 1367 1171 728 1427 1044 218
1239 1382 153 57
1547
1401
407 1056 1499 796 840
27
218
71
94 1024 1446 1236 237 287 414 244 1340 1512
25 753 1429 71 640
576
1294
1289 873 191 1549 384 1472 347
83
267 1409 1272
826
94 1186 1024 404 1236 237 287 414 1340 1512
218 1400 1171 1427 1044 1543
300 888 349 1531 439 17
218 1400 1367 1171 728 1543
729 486 1315 510 1332 1459
1446 1026 1229 87 383 1342
407 1056 796 840
1268 182 1295 37 625
1279 1389 1472 819
1239 1382 1266 153 596
1221
1357
94 404 1236 287 1340 271 1024 414 244 1512 1436
