1373 773 1096 620 664 321 594 1342 617
773 481 620 664 321 594 1342 617
11 510 1353 1320 267 743
571
1373 773 1096 620 1077 664 594 327 1342 617
542
1373 773 481 620 1096 1077 321 594 327 1342
1510
1294
1046 1412 1516 863 1323 447 281
1367 678 1504 1017 761 1267 1394
773 912 446 1482 490 236
94 1186 404 1236 287 271 1024 237 414 244 1512 1436
94 1186 404 1236 287 1340 1024 237 414 244 1512
962 1133 950 1156 556 480
560 88 1276 1003 710 554 342
1101
208 25 574 753 1429 640
133 1063 753 337
277 1315 1153 932 1432 106 111
106
1373 773 1096 321 594 1342 617
69
602
982 988 772 1431 1281
484 1443 1264 1277 1527 468 1287
458
1373 481 620 1077 321 594 773 664 327 1342 617
407 636 774 1056 1499 840
785 1367 962 845 358 951 269 462
1024 1446 1236 237 404 287 414 1340 1512 1436
1186 1446 1229 87 1342 1163
773 1096 664 594 1342 617
94 404 1236 287 1340 271 1024 237 414 244 1512 1436
94 1186 1446 1236 287 1340 271 1024 237 414 244 1512 1436
11 510 1353 1320 1282 267 743
924
1173 1506 1030 558 487 470
1549
1433 1510 707 1556 1489
1386 560 1136 1197 1303
1380
94 1024 404 1236 237 287 414 1340 1512
808
11 1353 1320 1282 267 743
1400 1367 728 1427 218
1269
807
551 1433 1510 1556 1489
94 1236 287 1340 271 1024 237 414 244 1512 1436
1446 404 1236 287 1340 271 1024 237 414 244 1512
1373 773 481 620 1096 1077 321 594 327 617
271 1024 1446 1236 237 404 287 414 1512 1436
94 1446 404 1236 287 1340 1024 414 244 1512 1436
1373 773 620 1077 321 594 327 1342 617
530
521
11 510 1353 267 743
729 486 1315 510 1332 1282 1432 1459
881 438 937 355 1120 958
486 10 309 459
1198 728 805 1308 616 66 1381
383
94 1446 1236 287 1340 271 1024 237 414 1512 1436
773 1096 1077 594 327 1342 617
1179
1320 510 1353 267 743
841 1251 86 602 292 76
950
94 1186 1446 404 1236 287 1340 271 237 414 1512 1436
773 664 594 327 1342 617
982 772 339 1281
684 1456 1140 441 1527 1439
173
1260 185 378 139 1327 295 1543
498
352 336 36 9 895 625 958
684 1140 441 1527 1439
1373 773 1096 664 321 594 327 1342 617
773 481 620 321 594 327 1342 617
595 17 349 1531 439
300 888 349 17 439 595
1173 1506 171 1030 558 487 470
780
714
63
1400 728 1171 1427 1044 218
1289 873 384 1472 347 280
647
729 486 1315 510 1332 1282 1459
407 950 1093 390 382
218 728 1171 1044 1543
1373 773 620 1077 664 321 594 327 1342 617
1239 1382 1266 153 57 596
1373 773 481 620 664 321 594 1342 617
234 324 1273 640 1543
1516
773 1096 1077 664 321 594 327 617
934
219
94 1024 1446 1236 237 287 414 244 1340 1512
1509
94 1024 404 1236 237 287 414 244 1512
962 1133 950 1511 1156 480
1170
684 1140 441 1527 1439 584
94 1024 1236 237 287 414 1340 1512 1436
1472
1279 1389 796 1472 819
51 1359 783 1005 550 307 1525
300 888 445 349 17 439
1250
1353
1289 873 1549 384 1472 347
970
342
563 1179 613
291 707 1256 967 890 1360
1024 1236 237 287 414 244 1340 1512 271
1186 1024 1446 1236 237 287 414 1340 1512 1436
638 1536 920 1380 1174 1470
300 445 349 17 439
1380 1447 442 1324 798 598
684 1456 1140 441 1439 584
79
1186 404 1236 287 1340 271 237 414 244 1512 1436
392
1315
1229
1396 607 797 720 408
684 441 1527 917 1439 584
285
1344
660
1289
831
766 865 422 892 206 749 716
490
1373 773 481 620 1096 321 594 327 1342
487
1373 773 481 620 321 594 327 1342 617
826 710 676 726 1049 1521 439
595 300 888 445 17 349 1531 439
578
271 1024 404 1236 237 287 414 244 1512 1436
773 481 620 1096 1077 321 594 327 1342 617
382
841 1251 99 602 292 76
924 1223 1344 281 1128 1084
1437
208 25 574 753 71 640
728 1427 1044 218
94 1186 1446 404 1236 287 1340 271 237 414 244 1512
1373 481 620 1077 321 594 773 1096 664 327 1342
1380 1324 442 798
1056 1499 840
1124
1251 86 99 602 76
94 1024 404 1236 237 287 414 1340 1512 1436
405
976
1072
773 481 1096 1077 664 321 594 327 1342 617
1342
528 1320 344 288 365 964
94 1186 1446 1236 287 271 1024 237 414 244 1512 1436
94 1186 404 1236 287 1340 271 237 414 244 1512 1436
1400 1367 728 1427 1044 1543
803
841 1251 86 99 292 76
94 1024 1236 237 287 414 1340 1512 271
962 1133 950 1511 1156 556 480
1167 291 707 1256 967 890 1360
76
218 1400 1171 1427 1044 1543
128
1456 414 1545 580 996
773 1096 620 1077 664 594 1342 617
810
615
94 1186 1024 1446 1236 237 287 414 1340 1512
773 481 620 1096 1077 321 594 327 1342
1279 796 1472 819
1024 1236 237 287 414 244 1340 1512 1436
1456 441 1527 917 1439 584
94 1186 1446 404 1236 287 1340 271 1024 237 414 1512
773 481 620 1077 594 327 1342 617
94 1446 404 1236 287 1340 271 1024 414 244 1512 1436
94 1186 1446 404 1236 287 1340 271 1024 237 414 244 1512 1436
1390
277 1315 1153 932 106 111
1040
1373 773 321 594 327 1342 617
1332
94 1024 1446 1236 404 287 414 244 1340 1512
352 336 36 725 9 895 625 958
710 676 726 1049 1521 439
973 511 341 24 1243 1360 1210
776
349
773 1096 1077 321 594 327 1342 617
1373 773 620 1077 664 321 594 1342 617
907 231 287 308 470
1469
1426 407 950 1093 390 478 382
1239 1382 1266 153 57
477
869
277 1315 1153 1432 106
59 49 486 168 1228 1224
1456 1140 441 1527 584
560 88 1276 1559 1003 710 554 342
1373 773 1096 620 1077 664 594 327 617
973 1260 511 24 1243 1360 1210
218 728 1171 1427 1044 1543
753 1429 71 640
966 1320 510 1353 267
1373 773 481 620 1096 664 321 594 617
218 1400 728 1171 1044 1543
1036
689
551 907 1433 1510 1556 1489
252
708
1186 1446 1236 287 1340 271 1024 237 414 1512 1436
1400 1367 1171 728 1427 1044 218
1373 773 620 1077 321 594 1342 617
684 1140 441 1527 917
1382 153 57 596
469
277
922
1026 1229 87 383 1342 1163
218 1171 1427 1044 1543
47 1045 719 763 76
1289 873 191 1549 1472 347 280
779 783 962 1161 130
1138
773 620 1077 664 321 594 327 1342 617
907 231 1263 287 308 470
1456 814 364 934 784 225 1500
430 796 1472 819
773 912 446 1482 706
773 620 1077 321 594 327 1342 617
241 1390 1450 751
140
491
852
1433 1510 707 1556
94 1024 404 1236 237 287 414 244 1340 1512
94 1186 1446 1236 287 1340 1024 237 414 244 1512
1287
1456
1304
1029 563 1179 613
684 1140 441 1527 917 1439 584
