1373 773 1096 620 664 321 594 327 1342 617
773 481 620 1096 594 327 1342 617
976 277 753 421 520 1292
773
766 865 422 892 206 749 716 416
1186 1024 1236 237 287 414 244 1340 1512 1436
55
1312 182 87 37 625
1252
1365
1305
1400 1367 728 1427 1044 1543
773 1096 620 594 1342 617
336
1373 773 481 1096 594 1342 617
962 1133 1511 1156 556 480
1092 1229 1179 87
772 1431 339 1281
94 1186 1446 404 1236 1340 271 1024 237 414 244 1512 1436
1273
300 888 349 1531 439 17
1468
271 1024 1446 1236 237 404 287 414 1512 1436
258
208 753 1429 71 640
1186 1026 1229 87 383 1342 1163
773 620 664 321 594 1342 617
807
955
1373 773 481 620 1096 321 594 1342 617
1373 773 1096 620 594 327 617
1456 91 414 1545 580 996
1186 1024 1446 1236 237 404 287 414 1340 1512
92
422
667 1029 407 197 873 733 450
419
773 1096 620 664 321 594 1342 617
20
2
1289 873 191 384 1472 347 280
231 1263 287 308 470
94 404 1236 237 287 414 244 1340 1512 271
94 1186 404 1236 287 1340 271 1024 237 414 244 1512
1373 773 1096 594 327 1342 617
1373 773 481 620 1096 1077 321 594 327 1342
1549
595 300 888 17 349 1531 439
1433 707 1556 1489
1446 404 1236 237 287 414 244 1340 1512 1436
1373 773 620 1077 664 594 1342 617
1287
982 772 1281
759
271 94 1024 404 1236 237 287 414 1512 1436
728 1427 1044 218
37
1024 1446 1236 237 287 414 244 1340 1512 271
171 1203 1419 824 820 1003 1213
1367 1171 728 1427 1044
218 1400 1367 1171 728 1427 1543
815 521 937 798 471
277 1315 932 1432 106 111
1446 404 1236 287 1340 271 1024 237 414 1512 1436
1373 773 481 620 1096 664 321 594 617
1186 1446 404 1236 287 1340 271 1024 237 414 244 1512
1186 404 1236 287 1340 271 1024 237 414 244 1512
510
689
1046 1123 1516 863 1323 447 281
610
714
1046 1123 1412 1516 1323 447 281
94 1186 1024 1446 1236 237 287 414 1340 1512
773 912 1482 490
336 36 725 9 895 625 958
1373 773 1096 620 1077 594 327 617
1344
815
1186 404 1236 287 271 1024 237 414 244 1512 1436
1373 773 1096 1077 664 321 594 327 617
936 1086 797 1357 520 470
1074
1456
438 1364 937 355 1120 1048 958
94 1186 1446 1236 287 1340 271 1024 237 414 1512
1198 728 1308 616 66
1269
277 1315 1153 932 106 111
773 481 620 1096 1077 594 327 1342 617
200 133 1063 753 337
1045 197 719 763 76
564
267 1409 417 1272
1056 1499
1373 773 481 1096 1077 664 594 327 1342 617
1260 185 378 1327 295 1543
1024 404 1236 237 287 414 1340 1512
1120
1390 8 1450 751
94 1186 1446 1236 287 1340 1024 237 414 244 1512
1198 728 1308 616 66 1381
773 912 1482 490 236
684 1456 441 917 1439 584
684 1456 1140 441 1527 1439
271 404 1236 237 287 414 244 1340 1512 1436
1093
1160 124 211 827 261 683 140
289 1241 948 1470 798 792 1514
1400 1367 728 1427 1044 218
94 1186 1024 404 1236 237 287 414 1340 1512
986
94 1186 1446 1236 287 1340 271 1024 237 414 244 1512 1436
521 937 1087 798 944 471
1373 773 481 620 1096 664 321 594 327 1342
773 481 1096 664 321 594 327 617
1516
1291
1147
550
1373 773 1096 664 594 1342 617
94 404 1236 287 1340 271 237 414 244 1512 1436
397 1092 1179 87
1373 773 481 620 1096 1077 664 594 327 617
1456 1140 441 1527 917 1439 584
729 486 1315 510 1332 1282
218 1171 1427 1044 1543
79
1456 91 414 1545 580
94 1186 1446 404 1236 287 1340 271 1024 414 244 1512 1436
676
1400 1367 1171 728 1427 1044 1543
1043
1373 773 1077 664 321 594 327 1342 617
1236
1485
1373 773 1096 620 664 594 327 617
17
1268 182 1295 87 37 625
1054
358
547
683
798
1373 773 321 594 327 1342 617
218 1367 1427 1044 1543
773 481 1096 664 321 594 1342 617
1289 873 1549 384 1472 347 280
1173 171 1030 558 470
1289 873 191 1549 1472 347 280
1064
1186 404 1236 287 1340 1024 237 414 244 1512 1436
469
94 1024 1446 1236 237 287 414 1340 1512 1436
554
1456 1140 441 917 584
976 1419 233 1292 470 637
739
684 1456 1140 1527 917 584
1373 773 481 620 1096 1077 321 594 327 617
873
413
684 441 1527 917 1439
1373 481 620 1077 321 594 773 1096 327 1342 617
841 1251 86 602 292 76
551 1433 707 1556
551 907 1433 707 1556
1373 773 481 620 1096 664 321 594 1342 617
1024 404 1236 237 287 414 244 1340 1512
1046 1412 1516 863 447 281
341
438 1364 937 355 958
94 1186 1446 1236 287 1340 1024 237 414 244 1512 1436
1373 773 481 620 1077 321 594 327 1342 617
1373 773 481 620 1096 1077 594 327 617
1554
773 912 446 1482 236 706
684 1456 1140 441 1527 917
1026 1229 87 383 1342 1163
653
1373 773 481 620 1096 594 327 1342 617
94 1446 1236 287 1340 271 1024 237 414 244 1512
707
907
208 25 574 753 1429 640
835
452
94 1446 404 1236 287 1340 237 414 244 1512 1436
726
