464
11 510 1353 267 743
666 83 167 1244 1475 387 608
94 1446 404 1236 287 1340 271 1024 414 244 1512 1436
1367 1504 1017 761 1267 1394 645
1056 1499 796 840
1186 1229 87 383 1342 1163
359 486 10 459
284
94 1024 404 1236 237 287 414 1340 1512
772
1315
773 1096 620 1077 321 594 327 617
751 479 724 625 275 608
94 1186 404 1236 287 1024 237 414 244 1512 1436
1082
218 1400 1367 1171 728 1543
334
780 1390 8 1450 751
1290
445 349 1531 439 17
753 1429 71 640
1198 728 1308 616 66 1381
1514
1373 773 1096 620 1077 664 594 327 617
573
710 676 726 1049 1521 439
1373 773 620 664 594 327 1342 617
881 438 937 355 1120 1048 958
1289 873 191 384 1472 280
1523 924 1500 847 535 735 1317
53
773 481 1096 594 1342 617
1400 1367 1171 728 1427 1543
1396 1190 607 797 408
438 1364 937 355 1120 958
218 728 1427 1543
547
1373 773 1096 1077 664 594 327 1342 617
1312 1268 182 1295 87 37 625
300 445 349 17 439
88
595 300 888 17 349 1531 439
1456 814 364 934 784 225 1500
494 351 222
204
976 117 1419 466 1292 470 637
986
1197
521 937 798 944 471
1367 678 1504 1017 761 1394 645
218 1367 1171 1427 1044 1543
289 1241 948 1470 239 798 792
936 1086 797 814 1357 470
36
94 1024 1446 1236 237 287 414 1340 1512 1436
1538
841 1251 86 602 76
1260 185 378 139 1327 295 1543
918
1410
1186 1446 404 1236 287 271 1024 237 414 244 1512
1400 1367 728 1427 218
1373 773 1096 620 594 1342 617
773 912 1482 490
831
882
976 1419 466 233 1292 470 637
1373 773 481 620 1096 664 594 1342 617
1119
684 1456 1140 1527 917
1373 773 1096 1077 321 594 327 1342 617
903
1081 848 266 1304 349 156 100
1373 773 481 620 1096 1077 321 594 327 617
1340
486 1315 510 1432 1459
1357
1186 1446 1026 1229 87 383 1342
510 1353 1282 267 743
274
479 724 575 625 751 608
1426 1542 727 1043 1399 1365
1373 773 481 1096 321 594 327 1342 617
841 99 602 292 76
1426 407 1093
94 1024 1446 1236 237 404 287 414 1340 1512
79
988 772 1431 339 1281
218 1400 728 1427 1044 1543
1446 1229 87 383 1342 1163
1289 873 1549 1472 347
1459
1373 773 481 664 321 594 327 1342 617
170
1198 728 1308 616 66
966 11 1353 1320 267 743
826 1521 676 726 1049 439
94 1446 404 1236 287 1340 271 237 414 244 1512 1436
1373 773 481 620 321 594 1342 617
982 988 772 339 1281
1186 1446 404 1236 287 1340 237 414 244 1512 1436
1039
1437 351 205
897
718 329 1144 325 1121 218
1186 1024 1446 1236 237 287 414 244 1340 1512
803
1373 773 1096 620 594 327 1342 617
374
773 1096 620 664 321 594 327 1342
1268 182 1295 37 625
94 1024 1236 237 287 414 244 1340 1512 1436
1382 153 57 596
1024 1446 1236 237 404 287 244 414 1512 1436
815 521 937 1087 944 471
190
793
1373 773 1096 1077 664 321 594 327 1342 617
1446 404 1236 237 287 414 244 1340 1512 1436
551 907 1433 707 1556
443 343 470
94 1446 404 1236 287 1340 271 237 414 244 1512
180
1373 773 481 1077 664 321 594 327 1342 617
826 710 676 726 1049 1521 439
419
917
1289 873 191 1472 347 280
1186 1446 404 1236 287 1340 271 1024 414 244 1512 1436
962 1133 950 1156 556 480
1140 441 1527 917 1439
94 1186 1446 404 1236 287 1340 271 237 414 244 1512
773 481 1096 1077 664 594 327 1342 617
684 1140 441 1527 917 1439
379
1367 728 1427 1044
1373 773 1096 594 327 1342 617
1433 707 1556 1489
684 1456 1140 441 1527 584
824
479 724 575 625 275 751
753
1260 185 894 378 1327 295 1543
114
660
967
359 486 10 309 459
1081 848 1304 349 156 100
725
913
773 481 620 1077 321 594 1342 617
1229 87
29
1024 1446 1236 237 404 287 244 414 1512 271
1400 1367 1171 728 1427 218
241 1390 1450 751
1173 1030 558 487 470
1279 430 1389 1472 819
300 445 349 1531 439 17
469
1527
143
218 1367 1171 728 1044 1543
1092 1229 1179 87
1029 407 197 873 733 450
1314
301
881 438 937 355 1048 958
386
616
1373 773 481 620 1077 664 321 594 1342 617
329
103
923
368
94 1186 1446 404 1236 287 1340 271 1024 237 414 244 1436
349
773 481 620 1096 321 594 1342 617
358
551 907 1433 707 1556 1489
773 1096 1077 664 321 594 327 617
500
1024 1446 1236 237 404 287 414 1340 1512
1227
94 1186 1024 1236 237 287 414 1340 1512 1436
1373 773 481 620 1096 321 594 327 617
1373 773 481 620 1096 1077 594 327 617
289 1241 948 1470 798 792
1550 308
1320 510 1353 267 743
218 1400 1427 1044 1543
773 481 620 1096 664 594 327 1342 617
47
773 481 620 1096 1077 594 1342 617
637
1456 1140 441 917 1439 584
94 1186 1446 404 1236 287 1340 271 1024 414 1512 1436
1373 773 620 1077 594 327 1342 617
1380 1470
258
1373 773 1096 620 1077 594 1342 617
1456 1140 441 1527 917
848 1304 349 156 100
94 1446 404 1236 287 1340 271 237 414 1512 1436
574 753 1429 71 640
438 937 355 1048 958
881 937 355 1048 958
1186 1024 1446 1236 237 404 287 414 1340 1512
991
684 1456 441 917 584
1373 481 620 1077 321 594 773 1096 327 1342 617
397 1092 237 1179 1229
1373 773 1096 620 664 594 327 1342 617
1260
773 912 1482 490 236 706
792
1312 1268 182 87 37 625
1373 773 481 620 1096 1077 664 594 327 617
1301
398
1499
47 1045 719 763 76
20
94 1186 1024 404 1236 237 287 414 244 1512
325
289
1446 404 1236 287 1340 271 1024 237 414 244 1512 1436
407 528 950 1093 390 478 382
1373 773 481 620 1096 321 594 327 1342 617
1373 773 1096 620 1077 321 594 327 617
747
773 481 620 664 594 1342 617
1140 441 1527 917 584
684 1140 441 1527 1439 584
786
564
841 1251 86 602 292 76
1400 1367 1171 728 1044 218
394 1409 387
277 1315 1153 932 1432 106
241 1390 8 1450
1373 773 1096 620 1077 664 321 594 1342 617
1293
773 481 1096 1077 594 1342 617
55
890
773 481 620 1096 1077 664 594 327 1342
937 1364 355 1048 958
1289 873 191 384 1472 347
551 907 1510 707 1556 1489
1373 773 1096 620 1077 321 594 1342 617
1135 985 519 991 845 862 569
1186 1446 404 1236 287 1340 271 1024 237 414 244 1512 1436
1186 1446 1026 1229 87 1342 1163
773 481 620 1096 664 594 327 617
773 1096 620 1077 594 327 617
966 11 510 1353 1320 1282 267 743
71
1036
47 197 719 763 76
773 1096 620 1077 664 594 327 1342 617
1412
397 1092 237 1229 87
841 86 99 602 292 76
926 494 1136 614 44 464 1463
528 1320 344 288 365 964
168
94 1186 1446 404 1236 287 1340 237 414 244 1512
1268 182 1295 87 37 625
277 1315 1153 932 106
961
1373 773 481 1077 664 594 327 1342 617
486 1315 510 1282 1432 1459
1457
551 1433 1510 707
551 907 1433 1510 707 1556 1489
996
728
982 772 1281
1373 481 620 1077 321 594 773 1096 664 327 1342
709
94 1186 404 1236 287 271 1024 237 414 244 1512 1436
1260 511 341 24 1243 1360
1349 1532 767 850 956 218
1328
1320 344 288 365 964
1237
773 620 664 321 594 327 1342 617
486 1315 510 1332 1282 1459
1103
51 1359 783 1005 550 307 1525
94 1446 404 1236 287 1340 1024 237 414 244 1512 1436
773 620 1077 664 321 594 1342 617
936 1086 797 814 1357 520 470
5
1025
776
1382
841 1251 99 602 292 76
551 1433 1510 707 1489
1373 773 481 1096 594 327 1342 617
333 1159 910 1076 970 100 271
1251
728 1171 1427 1044 218
1173 1506 171 558 487 470
976 1419 1292 470 637
950
926 494 1136 44 1180 464 1463
773 481 620 1096 1077 321 594 1342 617
333 1159 672 921 1154 416 1048
684 1456 441 1527 584
486 10 309 459
94 1186 1446 404 1236 287 1024 237 414 244 1512
1024 404 1236 237 287 414 244 1340 1512
241 780 1390 1450 751
941
773 1096 664 321 594 327 617
878
835 824 1041 1351 625
1046 1412 1516 1323 447 281
684 1456 1140 441 917
684 1456 441 1527 917 584
613
1400 1367 1171 1427 1044 1543
1446 404 1236 237 287 414 244 1340 1512 271
982 988 772 1431 339 1281
1250 900 104 1017 1345 840
773 481 1096 1077 664 321 594 327 1342 617
951
773 912 446 490 706
1028
1186 1024 1446 1236 237 287 414 1340 1512 1436
862
1360
1186 404 1236 287 1340 271 237 414 244 1512 1436
1386 560 1136 1197
1157
684 1140 441 1527 917 1439 584
1502
94 1024 1236 237 287 414 244 1340 1512
1367
1446 1026 1229 87 1342 1163
975
695
684 1456 1140 441 1527 917 584
815
966 510 1353 1282 267 743
94 1186 404 1236 287 1340 271 1024 237 414 244 1436
746
881 438 937 355 958
773 481 1096 664 594 327 1342 617
1186 1446 404 1236 287 1024 237 414 244 1512 1436
601
1093
620
1439
705
1419
1024 1236 237 287 414 244 1340 1512 1436
1347
1382 1266 153 57
273
94 1186 1446 404 1236 287 1340 1024 237 414 1512 1436
976 117 1419 233 1292 470 637
773
560 88 1276 1003 710 554 342
943
1198 728 805 1308 66 1381
788
352 336 36 725 895 625 958
980
1401
94 1446 404 1236 287 1340 1024 237 414 244 1436
1456 414 1545 580 996
1320 510 1353 1282 267
397 1092 1229 1179
94 1186 1446 404 1236 287 1340 1024 237 414 244 1512 1436
144
881 937 1364 355 958
218 1367 1171 728 1427 1044 1543
1305
33
769
1186 1024 1236 237 287 414 244 1340 1512 271
783
729 486 1315 510 1332
309
94 1186 1446 1236 287 271 1024 237 414 244 1512 1436
208 25 574 753 1429 71 640
530
1074
1456 814 364 934 784 225 275 1500
718 1400 329 1144 325 1121 218
140
404 1236 287 1340 271 1024 237 414 244 1512 1436
1289 873 191 384 1472 347 280
1153
385
937 355 1048 958
28
563
729 486 1315 510 1332 1282 1432
1186 1024 404 1236 237 287 414 244 1512 1436
1061
94 1446 404 1236 287 1340 271 1024 414 1512 1436
407 1056 796 840
1278
585
1172 779 783 962 1161 130
1426 407 950 1093 390 478 382
218 1400 1367 1171 728 1427 1543
1024 1446 1236 237 404 287 414 1340 1512 271
1140 441 1527 917 1439 584
1373 773 1096 620 1077 664 321 594 327 617
11 510 1353 1282 267 743
1373 773 481 620 1096 664 594 327 1342
336 36 725 9 895 625 958
773 1096 620 664 321 594 1342 617
407 1093 390 478 382
1456 1140 441 1527
282
551 1433 1510 707 1556
1396 1190 1373 607 797 720 408
1324
1186 404 1236 287 1340 271 1024 237 414 244 1512 1436
392
773 1096 620 1077 664 594 327 617
1373 773 1096 664 321 594 327 1342 617
1135 985 519 991 845 1295 862 569
1456 1140 441 1527 584
94 1186 404 1236 287 1340 1024 414 244 1512 1436
407 1056 1499 796 840
178
1373 773 481 620 1077 664 594 327 1342 617
430 1389 1472 819
926 494 1136 614 44 1180 464 1463
155
729 486 1315 510 1332 1432 1459
513
783 962 1378 1161 130
185 894 378 139 1327 295 1543
953
418
1373 773 1077 664 594 327 1342 617
