551 907 1433 707 1556 1489
773 481 1096 664 594 327 1342 617
94 1024 1446 1236 237 404 287 414 1340 1512
94 1186 1446 404 1236 287 1340 271 1024 414 244 1512 1436
185 378 139 1327 295 1543
486 1315 510 1282 1432 1459
616
666 83 1244 1475 387 608
1197
1260 185 378 1327 295 1543
1221
1446 1236 287 1340 271 1024 237 414 244 1512 1436
936 1086 797 814 1357 470
1373 773 481 1096 1077 664 594 1342 617
94 1446 404 1236 287 1340 271 1024 237 414 244 1512
966 1320 510 1353 267 743
626
1239 1382 153 57
753
706
11 1353 1320 1282 267 743
94 1446 404 1236 287 1340 271 237 414 244 1512
300 888 445 349 17 439
980
684 1456 1140 441 917
773 1096 620 1077 594 327 617
47 1045 197 763 76
773 481 620 1096 664 594 327 617
1446 1229 87 383 1342 1163
484
1186 404 1236 287 271 1024 237 414 244 1512 1436
94 1186 1446 404 1236 287 271 1024 237 414 244 1512
551 1433 707 1556
1349 1532 1460 767 850 218
924
153
94 1186 404 1236 287 1340 271 1024 237 414 244 1436
943
684 441 1527 917 1439
426 852 447 1356 37
94 404 1236 237 287 414 244 1340 1512 1436
1525
637
793
881 438 1364 937 1048 958
1367 1171 728 1427 1044 218
289
94 1186 404 1236 287 1024 237 414 244 1512 1436
881 937 355 1048 958
1229 87 1342 1163
1159 910 1076 970 100 271
677
1173 1506 171 558 470
1267
551 907 1433 1510 707
684 1456 1140 441 584
1453
1307
1538
551 907 1433 1510 707 1556 1489
976
1198 728 805 1308 616 66
1024 1446 1236 237 404 287 244 414 1512 271
1426 407 950 1093 390 478 382
551 1510 707 1556
551 1433 1510 1556
826 710 676 726 1049 1521 439
1400 1367 1171 728 1427 1543
94 1186 1446 404 1236 287 1340 271 1024 237 414 244 1512
489
241 780 1390 1450 751
773 912 1482 706
852
218
337
1373 773 1096 1077 664 321 594 327 1342 617
185
1373 773 1096 620 1077 594 1342 617
918
813
1250 900 104 1017 1345 840
1186 1446 404 1236 287 1340 271 1024 237 414 1512
1373 773 481 620 1077 321 594 327 1342 617
289 1241 948 1470 239 798 792
773 620 664 594 327 1342 617
848
749
729 486 1315 510 1332 1282
342
414
607
666 83 167 1244 387 608
1320
1101
881 438 1364 937 355 1048 958
