1373 773 1096 620 1077 594 327 617
937 1364 355 1120 1048 958
1186 1446 404 1236 287 1340 1024 237 414 244 1512
638
1437 351 205
1237
94 1186 1024 1236 237 287 414 1340 1512 1436
667 1029 407 197 873 733 450
1514
773 481 620 1096 1077 321 594 327 1342
1159
684 1456 1140 441 1527 917
1046 1123 1516 863 1323 447 281
155
1312 1268 182 1295 87 37 625
133 1063 753 337
94 1446 404 1236 1340 271 1024 237 414 244 1512 1436
1373 773 620 1077 594 327 1342 617
1045 197 719 763 76
1373 773 1096 1077 321 594 1342 617
1289 873 191 1549 384 1472 347
11 510 1353 1320 1282 267
94 1446 1236 287 1340 271 1024 237 414 244 1512 1436
528 1320 288 365 964
684 1456 1140 441 917 584
947 1197 1324
1320 344 288 365 964
647
1268 182 1295 37 625
966 11 1353 1320 1282 267 743
1373 773 481 620 1096 1077 321 594 1342 617
962 950 1511 1156 556 480
1186 1446 404 1236 287 271 1024 237 414 1512 1436
5
379
684 1456 441 917 1439 584
218 1400 1427 1044 1543
581
1329
1025
515
422
434
50
835 824 1041 1351 625
300 445 349 17 439
1032
