773 620 1077 664 321 594 327 1342 617
726
94 1186 404 1236 287 1340 271 237 414 244 1512
1437
208 25 574 753 1429 640
1426 727 217 1043 1399 1365
1123 1412 863 1323 447 281
1400 1367 1171 728 1044 218
351
458
1360
676
479 724 625 751 608
1373 773 1096 1077 664 321 594 327 1342 617
1543
1054
37
80
1186 1024 404 1236 237 287 414 1340 1512 1436
628
1456 1140 441 1527 584
55
773 481 664 321 594 327 1342 617
100
87
773 481 620 321 594 327 1342 617
491
1153
955
793
773 664 594 327 1342 617
1135 985 519 991 845 1295 862 569
1373 773 481 1096 1077 321 594 327 617
8
300 349 1531 439 17
773 481 620 1096 1077 664 594 327 1342 617
1433 618 1317
1373 481 620 1077 321 594 773 1096 664 327 1342 617
595 300 888 17 349 1531 439
560 88 1559 1003 710 554 342
773 1096 620 321 594 327 1342 617
563 1179 613
816
383
1366
94 1186 1446 404 1236 287 1024 237 414 1512 1436
438 1364 937 355 1048 958
1400 1367 728 1427 1044
94 1186 1446 404 1236 287 1340 271 237 414 244 1512 1436
773 1096 664 321 594 327 617
729 486 1315 510 1332
773 481 620 664 321 594 327 1342 617
125
94 1446 404 1236 287 1340 271 1024 414 244 1512 1436
1514
94 1186 1446 404 1236 287 271 1024 237 414 244 1512
1128
407 1499 796 840
1186 1024 1446 1236 237 404 287 414 1340 1512
362
271 404 1236 237 287 414 244 1340 1512 1436
773 1096 620 664 594 327 617
773 481 620 1096 1077 594 327 1342 617
1373 773 620 1077 664 594 1342 617
551 907 1510 707 1556
271 1186 1024 1236 237 287 414 1340 1512 1436
888 445 349 1531 439 17
1056 1499
773 481 1096 664 321 594 1342 617
289 1241 948 1470 798 792 1514
976 277 753 1363 520 1292
1107
1456 91 414 1545 580
1367 1171 728 1427 1044 218
1173
94 1186 1446 404 1236 287 1024 237 414 244 1512 1436
773 481 620 1096 664 321 594 1342 617
1186 1446 1236 287 1340 1024 237 414 244 1512 1436
490
695
1373 773 481 664 594 327 1342 617
1396 1373 607 797 720 408
1289 873 1549 1472 347 280
1373 773 620 1077 664 594 327 1342 617
1068
94 1186 404 1236 287 1340 271 237 414 1512 1436
182 87 37 625
1373 773 481 1096 1077 664 321 594 1342 617
563
773 620 1077 664 321 594 1342 617
1017
1173 1506 171 1030 558 470
486 1315 510 1332 1282 1432 1459
1250
729 486 1315 510 1282 1459
494
1373 773 1096 620 1077 321 594 327 617
1186 1446 404 1236 287 1340 271 1024 237 414 1512 1436
94 1186 1446 1236 287 1340 271 1024 237 414 1512 1436
1373 773 481 1096 594 327 1342 617
973 1260 511 341 1243 1360 1210
1373 773 1096 620 594 327 1342 617
1024 1236 237 287 414 244 1340 1512 271
382
1486
921
595 300 17 349 1531 439
666 83 545 167 1244 387 608
47 1045 197 719 76
218 1427 1044 1543
94 1446 404 1236 287 1340 271 1024 237 414 1512 1436
218 1171 1427 1044 1543
783
831 332 1214 82 249 138 1287
94 1024 404 1236 237 287 414 244 1512
1356
1373 773 1096 620 1077 594 1342 617
1046 1123 1516 863 1323 447 281
841 1251 86 602 76
1186 1024 1236 237 287 414 244 1340 1512 271
218 1400 1427 1044 1543
288
601
1173 171 1030 558 470
551 1510 707 1556 1489
1239 1382 1266 153 596
1499
966 510 1353 1282 267
684 1456 1140 441 1527 917 584
352 336 725 9 895 625 958
1279 430 796 1472 819
1186 1446 404 1236 287 271 1024 237 414 244 1512
405 888 478 782 1270 1293 1210
976 117 1419 466 1292 470 637
705
1186 404 1236 287 271 1024 237 414 244 1512 1436
352 336 36 725 9 895 625 958
1373 481 620 1077 321 594 773 1096 664 327 617
1450
1147
773
218 1367 728 1427 1044 1543
94 404 1236 287 1340 271 1024 414 244 1512 1436
1186 1026 1229 87 1342 1163
1046 1123 1412 1516 863 447 281
1186 1446 404 1236 287 1340 1024 237 414 244 1512 1436
684 1456 441 1527 1439 584
1221
486 1315 510 1332 1282 1432
380
407
1279 430 1389 1472 819
407 1093 390 478 382
1373 481 620 1077 594 773 1096 664 327 1342 617
271 94 1024 1236 237 287 414 1340 1512 1436
991
94 1186 1024 1446 1236 237 287 414 1340 1512
1173 1506 171 1030 558 487 470
1024 1446 1236 237 287 414 1340 1512 1436
941
610
976 277 753 1363 421 520 1292
94 1186 404 1236 287 1340 1024 237 414 244 1512
926 494 1136 44 1180 464 1463
241 1390 8 1450 751
324
59 49 486 168 575 1228
366
94 1024 1446 1236 237 287 414 1340 1512 271
684 1456 441 1527 917 1439
985 519 991 845 1295 862 569
208 25 574 753 71 640
1024 1446 1236 237 404 287 244 414 1512 1436
1268 182 1295 37 625
1373 773 1096 620 321 594 1342 617
1456 441 1527 917 1439 584
94 1446 404 1236 287 1340 271 237 414 244 1512
638 1536 920 1380 1174 1470
586
1197
1446 1229 87 1342 1163
1024 404 1236 237 287 414 244 1340 1512
71
218 1400 1367 1171 728 1044 1543
1179
637
1135 985 519 991 845 1295 862
173
831 1214 82 249 138 1287
773 620 1077 594 327 1342 617
1357
1186 1024 1446 1236 237 287 414 1340 1512 1436
1373 773 1096 664 321 594 327 1342 617
551 1433 1510 1556 1489
982 772 1281
261
1382 1266 153 57
1289 873 1549 1472 347
1053
924 1223 1373 1344 281 1128 1084
10
1033
725
467
94 1236 287 1340 271 1024 237 414 244 1512 1436
1312 1268 182 1295 87 37 625
1373 773 481 1096 1077 664 594 327 1342 617
1071
982 988 772 1281
729 486 1315 510 1432 1459
1339
1373 773 1096 620 1077 664 594 327 1342 617
1156
47 197 719 76
1373 773 1096 1077 594 1342 617
982 988 772 339 1281
1373 773 481 620 321 594 327 1342 617
907 1433 1510 1556
1197 1324 608
114
759
1046 1412 1516 1323 447 281
354
289 1241 948 1470 239 798 792 1514
1170
1478
712
94 1186 1446 404 1236 287 1340 271 1024 237 414 1512
1349 1532 1460 767 850 956 218
1396 1373 607 797 408
1024 404 1236 237 287 414 244 1340 1512 1436
1516
418
101
333 1159 921 1537 1154 416 1048
1186 1446 404 1236 287 271 1024 237 414 1512 1436
231 287 308 470
94 1024 404 1236 237 287 414 244 1512 271
218 1367 1171 728 1427 1543
1456 1140 441 1527 917 1439 584
773 1077 664 594 327 1342 617
358
293
1260 185 894 378 1327 295 1543
719
966 11 510 1353 1320 267
1269
1373 773 481 664 321 594 327 1342 617
94 1024 404 1236 237 287 414 244 1340 1512
767
419
1312 1268 182 87 37 625
94 1186 404 1236 287 1340 271 1024 237 414 244 1512
856
1260
895
1550
94 1186 404 1236 287 1340 1024 237 414 244 1512 1436
766 865 422 892 206 749 416
291
1456 441 1527 917 1439
1320 510 1353 1282 267
1373 773 1096 620 664 594 1342 617
182
94 404 1236 287 1340 271 237 414 244 1512 1436
1281
106
901
1401
1373 773 1096 321 594 1342 617
333 1159 910 1076 970
94 1186 1446 404 1236 287 1340 1024 237 414 244 1512 1436
807
94 1446 404 1236 287 1340 271 1024 414 244 1512
1373 773 481 620 1096 1077 594 327 1342 617
1403
1286
94 1186 1446 404 1236 287 1340 271 1024 414 1512 1436
271 1024 1236 237 287 414 244 1340 1512 1436
1367 678 1504 1017 761 1394 645
783 962 1378 1161 130
1373 773 481 620 1096 664 594 327 1342 617
26
218 1400 728 1427 1543
1186 1446 1236 287 1340 271 1024 237 414 1512 1436
773 912 1482 490 236 706
808
773 1096 664 594 327 1342 617
385
289 1241 948 1470 239 798 792
1330
1446 404 1236 287 1340 271 1024 414 244 1512 1436
966 1320 510 1353 1282 267 743
1511 419
1082
976 277 753 520 1292
1456 1140 441 1527 917
1157
1429
878
924 1223 1373 1344 1128 1084
823
346
94 1446 1236 287 1340 1024 237 414 244 1512 1436
29
426 852 447 1356 37
365
94 1186 1446 404 1236 287 1340 271 1024 414 244 1512
218 728 1427 1543
1279 796 1472 819
130
841 1251 86 99 602 292 76
1400 1367 1171 728 1427 1044
1373 773 481 1096 664 594 1342 617
1289 873 191 1549 384 1472 347 280
604
715
1373 773 1096 620 664 594 327 1342 617
889
1290
1400 728 1427 1044 1543
486
1367 728 1427 1044 1543
685
181
881 937 355 1048 958
1340
1373 773 1096 1077 664 321 594 327 617
387
684 1140 441 917 1439
355
1145
1380 1324 442 798
773 1096 620 1077 664 594 1342 617
94 404 1236 287 1340 271 1024 237 414 244 1512
1198 728 805 1308 616 66 1381
11 1353 1320 1282 267 743
773 481 1077 321 594 327 1342 617
438 937 355 958
826 710 1521 726 1049 439
470
1186 404 1236 287 1340 271 1024 237 414 1512 1436
333 1159 672 921 1537 1154 1048
1367 1171 728 1427 1044
1373 773 481 1077 594 327 1342 617
1485
506
1456 1140 441 917 1439 584
1186 1024 404 1236 237 287 414 1340 1512
277 1315 1153 106 111
615
1061
1289 873 1472 347 280
773 1096 620 664 321 594 327 1342
1268 182 1295 87 37 625
11 510 1353 1282 267 743
773 1096 1077 594 327 1342 617
914 1291 958
1373 773 481 1096 1077 321 594 1342 617
1198 728 1308 66 1381
27
94 1186 1446 404 1236 287 1340 1024 414 244 1512 1436
1456 1140 441 917 584
1304
397 1092 237 1179 1229
479 625 751 608
325
773 481 620 1077 594 327 1342 617
1373 773 1077 321 594 327 1342 617
94 1186 1446 404 1236 287 271 1024 237 414 1512 1436
926 494 1136 44 464 1463
803
218 1400 1367 728 1427 1044 1543
1446 1026 1229 87 1342 1163
882
829 426 852 447 1356 37
1320 510 1353 267 743
602
1373 773 1096 594 327 1342 617
