638 1104 1536 920 1380 1174 1470 1180
947 1197 1324
304
1119
1135 985 519 991 845 862 569
94 1446 1236 287 271 1024 237 414 244 1512 1436
841 1251 99 602 292 76
773 481 620 1096 664 321 594 327 1342 617
1373 773 481 620 664 321 594 1342 617
62
729 486 1315 510 1332 1282 1432 1459
729 486 1315 510 1332 1282 1459
773 481 620 1096 664 321 594 1342 617
407
94 1024 404 1236 237 287 414 244 1512
1556
10
1367 678 1504 1017 761 1267
1046 1123 1412 863 1323 447 281
617
1043
1547
241 1390 1450 751
962 1133 950 1156 480
773 481 1096 594 327 1342 617
793
94 1024 1446 1236 237 287 414 1340 1512
1135 985 519 991 845 1295 862
