275
208 781 547 888 726 941 796
889 845 155 780 541 382
907 305 863 211 573 816
549 695 72 181 173 188 215 915 948 355 957 776 112
208 781 547 888 938 726
188 775 790 18 72 671
316 29 420 888 510 845 577 205 101
708 309 756 204 428 683 801
316 29 420 888 510 845 118 101
884 530 73 141 186 462 448
32 349 160
985 126 131 965 382 439 162
195 44 534 618 566 662 119 860 19
79 309 756 424
195 534 618 579 860 19 44 838 566 662 119
34 2 574 276 621
34 152 11 344 621 323
208 547 300 296 726 186
32 304 206 349 598 160
884 73 428 186 462
208 781 296 888 938 286 941 796 186
208 781 300 296 888 726 941 186
335 708 424 204 428 801
316 29 420 510 845 205 118
152 2 11 804 276 621 323
32 910 812 721 266 206 349 598 160
316 420 888 510 845 205
781 547 296 888 938 726 941 796
79 335 708 309 756 424 204
889 845 541 382
79 335 309 424 204 428 683 801
920 672 641 309
985 126 131 676 382 439 162
208 547 300 888 938 286 726 941 186 796
508 487 739 184
907 409 305 900 211 573 816
781 547 300 296 938 286 796 186
420 888 539 510 845 118 101
910 721 304 266 206 349 598 159 160
799 785 13 896 614 206 922 642
860 19 44 534 618 566 662 579 439 119
316 420 884 753 9 358
152 2 574 276 621 323
884 73 485 141 186 462
32 910 812 266 206 349 160
910 812 266 206 349 598 160
947 896 915 677 437
304 266 349 598 159 160
884 73 141 186 462 448
32 910 812 304 266 206 349 598 159
907 409 305 863 900 573 816
79 309 756 424 428 683
34 152 2 11 344
79 309 204 428 801
