683 141 884 530 73 485 428 186 462 448:1.1282282e7
280:2.465802e7
79 309 756 424 204 683:1.0767884e7
208 781 547 296 888 286 726 796 186:1.1377388e7
335:1.442935e7
514 44 177 763 369:1.0860694e7
799 920 133 451:1.0830722e7
34 152 11 574 804 276 621 323:1.0779289e7
32 812 266 349 160:1.0703801e7
152 2 574 804 276 621 344 323:1.1001572e7
208 781 547 300 938 286 726 941 186:1.0894228e7
34 152 2 11 574 276 323:1.1225773e7
352 152 415 174 391 488:1.240767e7
208 781 547 296 286 726 796 186:1.1356844e7
34 152 2 574 621 323:1.1202546e7
32 812 266 206 598 160:1.155843e7
316 420 510 539 845 577 205 118 101:1.0877703e7
79 424 756 204 428:1.0735417e7
683 79 309 756 424 204 428 801:1.1372439e7
991 391 693 640:1.0769447e7
599 806 94 445 534 578 676 73:1.1538804e7
208 781 547 300 296 888 286 726 186:1.1449372e7
34 152 2 11 574 276 344 323:1.185638e7
152 2 11 574 276 621 323:1.1226989e7
920 672 877 181 641 309 347:1.1578494e7
907 409 305 900 211 573:1.114063e7
884 530 73 485 428 186 462 141:1.0849874e7
799 912 133 451 827 423:1.1060404e7
208 781 547 300 296 286 726 186:1.1408094e7
335 309 756 424 204 428 801:1.192937e7
34 152 2 574 804 621 323:1.1467526e7
309 756 424 204 428:1.1566475e7
119:1.1018214e7
947 493 783 896 677 437 348:1.096951e7
32 812 266 598 160:1.1002792e7
374:1.3738467e7
323:2.19003e7
32 812 266 206 349 160:1.1282216e7
316 29 420 888 539 845 577 205 101:1.1080938e7
599 806 94 445 534 578 676 73 569:1.170095e7
335 309 756 424 204 428 683:1.1885619e7
305 863 900 211 573 106:1.08143e7
799 920 912 133 423:1.168483e7
674 985 126 131 965 676 382 428:1.1016564e7
920 912 133 451 827 423:1.3733235e7
799 920 912 133 451 827:1.2922682e7
991 506 693 640:1.1090594e7
514 44 177 369 228:1.1766011e7
208 781 547 296 888 938 726 941 186 796:1.0788949e7
32 266 598 159 160:1.1008024e7
776:1.133824e7
79 309 756 424 204 801:1.0810043e7
683 79 335 708 309 756 424 204 428 801:1.1971672e7
685:1.072104e7
13:2.0913552e7
316 420 888 539 845 205 118 101:1.0912293e7
481:1.5775496e7
352 152 174 391:1.0911549e7
574:1.4719747e7
309 756 424 204 428 801:1.11942e7
73:2.9839345e7
208 781 547 300 296 888 286 726 941 186:1.1774469e7
947 493 783 896 915 677 437:1.1952392e7
799 920 912 133 451 827 423:1.4734123e7
409 305 900 211 573 816 106:1.1665125e7
32 812 266 598 159 160:1.0960848e7
34 2 11 574 804 621 323:1.0822557e7
920 451 827 423:1.1834131e7
32 812 349 598 159 160:1.0749923e7
359 985 711 487 184:1.1187358e7
920 912 451 827:1.2084491e7
79 335 708 309 756 424 204:1.183221e7
868:2.0633547e7
208 781 547 296 938 286 726 941 186 796:1.1741038e7
991 879 391 693 640:1.1173735e7
781 547 888 941 796 208 300 296 286 726 186:1.1998076e7
920 451:1.3258809e7
169 335 519 478 603 922 767 130 369:1.121443e7
34 2 11 574 276 621 344 323:1.1512838e7
799 920 912 451 827:1.3240916e7
208 781 547 300 296 938 286 726 796 186:1.1701745e7
907 409 305 900 573 816 106:1.0876265e7
146:1.5796352e7
208 781 547 938 286 726 941 186 796:1.0836141e7
409 305 863 900 211 573:1.1207428e7
305:1.51024e7
141 884 530 73 485 428 186 462 448:1.0936393e7
204:1.885839e7
208 781 547 296 286 726 941 186:1.1441194e7
812 266 206 349 598 159 160:1.0672579e7
34 152 2 11 574 276 621 804 344 323:1.3471551e7
34 152 2 11 574 344 621 323:1.2949756e7
152 2 11 574 621 323:1.0899602e7
316 29 420 510 539 845 577 205 118 101:1.1260645e7
79 708 309 756 424 204 428:1.2028162e7
920 912 451 423:1.445767e7
316 29 420 510 539 845 577 205 101:1.0955252e7
141:1.642278e7
305 863 900 211 573 816 106:1.0823186e7
508 985 711 487 184:1.1359827e7
799 920 912 451 827 423:1.5091016e7
985 126 131 965 676 382 428 439:1.102744e7
18:1.7483533e7
32 266 349 598 160:1.2741411e7
947 493 783 896 915 677 437 348:1.171945e7
799:1.1086075e7
335 309 756 424 204 683:1.0985923e7
34 152 2 11 574 276 621 323:1.262859e7
747:1.7763236e7
152 2 11 574 276 621 804 344 323:1.2098474e7
316 29 420 888 539 845 577 205 118 101:1.1387255e7
79 708 309 756 424 204 801:1.0755364e7
34 152 2 11 574 804 323:1.1166536e7
907 409 305 900 211 573 106:1.2012306e7
34 152 2 11 344 621 323:1.0955601e7
208 781 547 300 296 938 726 941 186:1.0822367e7
79 309 756 424 204 428 683:1.1660093e7
309 756 424 204 428 683:1.1176161e7
335 708 309 756 424 204 428 801:1.1850218e7
34 152 2 11 574 276 621 344:1.1491799e7
79 335 309 756 424 204 683:1.1481125e7
789 614 719 155 327:1.0669992e7
34 152 2 574 276 621 323:1.1517235e7
32 812 266 349 598 159 160:1.2556648e7
688:1.5613605e7
551:1.1561711e7
208 781 547 300 296 286 726 941 186:1.1742447e7
707:1.6836236e7
208 781 547 888 286 726 941 186 796:1.0804704e7
409 305 863 900 211 573 106:1.2082144e7
79 708 309 756 424 204:1.1098472e7
208 781 547 300 296 888 726 796 186:1.0728075e7
907 409 305 863 900 573 106:1.1285668e7
152:3.5961297e7
79 335 708 309 756 204 428 683:1.0807085e7
184:1.1063373e7
920 133 451 827 423:1.1556958e7
352 152 415 174:1.1583618e7
79 708 309 756 424 204 428 801:1.1638556e7
687:1.360005e7
522:1.1259609e7
508 711 487 739:1.0746098e7
674 985 126 131 965 676 428 439 162:1.121572e7
79 335 708 424 756 204 428 801:1.1179009e7
208 781 547 300 296 888 726 941 186 796:1.1055249e7
795:1.4345092e7
208 781 547 300 888 286 726 796 186:1.0799208e7
208 781 547 300 296 938 726 941 186 796:1.1069315e7
439 674 985 126 131 965 676 382 428 162:1.1855478e7
674 985 126 676 965 382 428 439:1.0675968e7
208 781 547 296 286 726 941 186 796:1.1691801e7
79 335 309 756 424 204 683 801:1.1198281e7
781 547 300 296 938 286 726 941 186 796:1.0842434e7
508 359 985 711 487:1.1822358e7
991 879 506 391 640:1.0707929e7
208 781 547 296 938 726 941 186 796:1.0764846e7
334 896 424 629:1.0858812e7
79 335 309 756 424 204 428 683:1.2354082e7
781 547 941 796 208 300 296 938 286 726 186:1.2014843e7
111:1.2176828e7
508 359 711 487 739:1.1045434e7
335 309 756 424 204 683 801:1.0730848e7
842:1.546359e7
316 29 420 888 539 510 845 205 118 101:1.1285308e7
799 920 451 423:1.3306134e7
920 912 133 451 423:1.4050568e7
674 985 126 676 965 382 428 439 162:1.1017788e7
799 912 451 827 423:1.1298268e7
208 781 547 300 296 726 941 186 796:1.1038869e7
39:1.796412e7
32 266 206 349 160:1.13569e7
920 672 181 641 309 347:1.1086114e7
316 420 888 539 510 845 577 205 101:1.0682458e7
789 614 886 719 155 327 767:1.1453735e7
352 152 415 174 391:1.2228302e7
208 781 547 296 726 941 186 796:1.072061e7
208 781 547 300 888 286 726 941 186 796:1.1125621e7
335 708 309 756 424 204:1.1303539e7
409 305 900 211 573:1.0768166e7
152 2 574 804 344 621 323:1.0681504e7
672 641 309 347:1.0687052e7
208 781 547 300 296 938 286 726 941 186:1.1791495e7
335 708 309 756 424 204 801:1.0968876e7
708 309 756 424 204 428:1.1463327e7
991 879 506 391 693 640:1.2274412e7
985 126 131 965 676 382 428 162:1.0869988e7
70:2.480316e7
79 708 309 756 424 204 683:1.0755191e7
683 309 756 424 204 428 801:1.0920167e7
991 879 506 693 640:1.1496254e7
32 812 266 206 349 159 160:1.1232257e7
985 711 487 739 184:1.0975375e7
79 335 708 424 756 204 428:1.1489905e7
208 781 547 300 296 938 286 726 186:1.1464019e7
208 781 547 296 888 286 726 186:1.1126419e7
907 409 305 900 211 573 816 106:1.1998247e7
316 29 420 888 539 845 205 101:1.0990877e7
334 896 723 424 629:1.1265155e7
208 781 547 300 296 888 286 726 941 796:1.0708287e7
920 912 451:1.2328504e7
79 708 309 756 424 204 428 683:1.1610353e7
991 391 506 693:1.0702567e7
781 547 888 941 208 300 296 938 286 726 186:1.1838977e7
74:2.017656e7
79 335 309 756 424 204:1.1877562e7
683 708 309 756 424 204 428 801:1.0855897e7
508:1.596969e7
208 781 547 300 296 938 286 726 941 796:1.072653e7
907 409 305 863 900 211 573 816 106:1.2380361e7
316 420 888 539 845 577 205 101:1.0687853e7
34 152 2 11 574 276 621 344 323:1.3246282e7
152 2 11 574 804 621 323:1.1170709e7
922:1.3518495e7
79 335 708 309 756 424 204 801:1.1461595e7
335 309 756 424 204 428:1.2300605e7
999:1.4696178e7
34 2 11 574 804 621 344 323:1.1461362e7
514 44 177 763:1.0733481e7
508 359 985 487 184:1.136384e7
32 206 349 598 159 160:1.1363366e7
34 152 2 11 574 276 621 804:1.1111831e7
352 152 415 174 488:1.179459e7
79 335 708 309 756 424 204 428 801:1.2325766e7
208 781 547 300 296 888 938 726 941 186:1.0862872e7
907 409 305 863 900 211 573:1.1563146e7
316 29 420 510 539 845 205 101:1.0864008e7
789 614 719 155 327 767:1.0804366e7
799 920 912 133 451 423:1.5116765e7
34 2 574 804 276 621 344 323:1.067125e7
152 2 11 574 276 804 344 323:1.0702725e7
599 806 94 445 534 73 676 569:1.0818743e7
34 152 2 574 804 276 344 323:1.1005568e7
549:1.4982477e7
208 781 547 296 888 938 286 726 941 186:1.1542436e7
208 781 547 300 286 726 796 186:1.0750636e7
508 985 487 739 184:1.1159153e7
34 152 2 11 804 344 621 323:1.1205536e7
875:1.1412596e7
451:1.667451e7
32 266 206 349 598 160:1.3282108e7
478:1.13172e7
208 781 547 296 888 286 726 941 186:1.1466176e7
34 152 2 11 574 276 621 804 323:1.2870332e7
335 309 756 424 204:1.1339161e7
409 305 863 900 211 573 816 106:1.2063985e7
32 266 349 160:1.0757113e7
34 152 2 574 804 276 621 344 323:1.239354e7
208 781 547 296 888 938 286 726 186:1.1209395e7
316 29 420 888 539 510 845 577 205 101:1.106697e7
34 152 2 11 276 621 344 323:1.1277473e7
284:1.2973812e7
790:2.2749684e7
799 920 451:1.1345923e7
781 547 888 941 796 208 296 938 286 726 186:1.176737e7
208 781 547 296 888 938 286 726 796 186:1.1448707e7
34 152 2 11 574 621 323:1.2323227e7
79 335 708 309 756 424 204 428 683:1.2290467e7
193:1.1550708e7
208 781 547 300 888 286 726 941 186:1.0883652e7
205:1.7421402e7
894:1.4999445e7
169 335 519 478 603 922 369 130:1.0913605e7
316 29 420 510 539 845 205 118 101:1.1176855e7
34 152 2 11 804 276 621 344 323:1.152121e7
208 781 547 300 938 286 726 941 186 796:1.1135938e7
152 2 11 574 276 621 804 323:1.1491898e7
991 391 506 693 640:1.1882968e7
508 359 985 711 487 184:1.2952844e7
79 335 708 309 756 424 204 683:1.1469585e7
493:1.6359948e7
753:3.093981e7
991 879 506 391 693:1.11072e7
947:1.3938795e7
208 781 547 300 296 286 726 941 186 796:1.1978838e7
781 547 888 941 796 208 300 296 938 286 726 186:1.2050927e7
160:1.4953974e7
335 708 309 756 424 204 683 801:1.0727404e7
34 2 11 574 276 621 804 323:1.1134098e7
781 547 888 941 796 208 300 938 286 726 186:1.1190948e7
425 672 877 920 181 641 309 347:1.1327235e7
683 79 335 309 756 424 204 428 801:1.2041345e7
163:1.2066924e7
920 672 877 641 309 347:1.0842255e7
208 781 547 300 296 726 941 186:1.0777954e7
508 985 711 487 739 184:1.2741339e7
508 985 711 487 739:1.166958e7
945:1.2020145e7
789 614 886 719 155 327:1.136743e7
208 781 547 300 296 888 286 726 796 186:1.1687357e7
316 420 539 845 205 118 101:1.0788598e7
335 69 753 344 218:1.1819785e7
674 985 126 131 965 676 382 428 162:1.1360927e7
79 335 424 756 204 428:1.1520594e7
79 335 708 309 756 424 204 428:1.2733472e7
914:2.008968e7
487:1.4634233e7
907 409 305 900 211 573 816:1.1147514e7
409 305 900 211 573 106:1.1668318e7
79 335 424 756 204 428 683 801:1.0884316e7
683 335 309 756 424 204 428 801:1.1612844e7
514 44 177 763 369 228:1.2470742e7
208 781 547 296 888 286 726 941 186 796:1.1702767e7
44:1.4729922e7
208 781 547 300 286 726 941 186:1.0831552e7
34 152 2 11 574 323:1.0900852e7
781 547 888 796 208 300 296 938 286 726 186:1.1746924e7
674 985 126 131 676 382 428 439 162:1.0672562e7
34 152 11 574 804 344 621 323:1.1104706e7
799 920 912 423:1.193237e7
907 409 305 863 900 211 106:1.0871232e7
152 2 11 574 804 621 344 323:1.1787732e7
208 781 547 300 296 888 938 726 796 186:1.0777817e7
985 126 131 965 676 428 439 162:1.072544e7
76:1.197036e7
539:2.09526e7
34 2 11 574 276 621 804 344 323:1.1764066e7
695:1.9386036e7
34 152 11 574 276 621 344 323:1.1157427e7
799 920 912 451 423:1.5517168e7
677:1.4559204e7
208 781 547 888 938 286 726 941 186 796:1.0881783e7
79 335 424 756 204 428 683:1.1112682e7
781 547 300 296 286 726 941 186 796:1.0773953e7
674 985 126 131 965 676 428 162:1.0719879e7
316 420 888 539 510 845 205 118 101:1.0901526e7
316 29 420 888 510 539 845 577 205 118 101:1.1362391e7
178:1.9351462e7
388:1.5464676e7
514 44 177 228:1.1640289e7
896:1.770041e7
753 218:1.3127005e7
79 335 309 756 204 428 683:1.0816706e7
34 152 2 11 574 804 344 323:1.1789551e7
208 781 547 300 296 888 726 941 186:1.0807426e7
812 266 206 349 598 160:1.0716576e7
34 152 2 11 574 804 621 344:1.1434238e7
34 152 2 11 574 276 621 804 344:1.1744648e7
335 708 309 756 424 204 428 683:1.1838641e7
335 424 756 204 428:1.0957801e7
208 781 547 300 296 938 726 796 186:1.0738635e7
32 812 266 206 349 598 159 160:1.3067765e7
359 985 711 487 739 184:1.2571673e7
32 812 206 349 598 160:1.1366335e7
572:1.6329836e7
72:1.1121002e7
674 985 126 131 965 676 382 428 439:1.1515613e7
907 409 305 900 573 106:1.0876024e7
907 409 305 863 900 211 573 106:1.2409386e7
359 985 711 487 739:1.1460258e7
409 305 863 900 573 106:1.092622e7
34 152 2 11 574 344 621:1.1175191e7
659:1.2163814e7
424:1.1791572e7
79 335 708 424 756 204 428 683:1.1096345e7
69 753 344 218:1.0677225e7
799 920 133 451 827 423:1.2712865e7
32 349 598 159 160:1.0795376e7
708 309 756 424 204 428 683:1.1123418e7
79 309 756 424 204 428 801:1.1719777e7
208 781 547 300 296 726 796 186:1.0701151e7
799 920 912 451:1.3524043e7
799 920 912 133 827 423:1.1483732e7
439 985 126 131 965 676 382 428 162:1.1369313e7
34 152 2 11 574 344 323:1.154094e7
208 781 547 300 296 888 938 286 726 186:1.1520596e7
34 152 2 11 574 804 621 323:1.2571167e7
845:3.1443424e7
693:1.3597844e7
316:1.2366069e7
907 305 900 211 573 106:1.074313e7
947 493 783 896 677 437:1.1188777e7
79 335 708 309 756 204 428:1.1153873e7
683 335 708 309 756 424 204 428 801:1.1558064e7
208 781 547 296 888 726 941 186 796:1.0733774e7
34 152 2 574 276 621 344 323:1.2151231e7
34 152 2 574 344 621 323:1.1845379e7
920 912 133 451 827:1.1783332e7
266 206 349 598 159 160:1.0742938e7
126:1.5935595e7
327:1.14168e7
915:1.2162804e7
141 884 530 73 485 428 186 462 683:1.1196495e7
884:1.538466e7
599 806 94 445 534 578 73 569:1.0911177e7
34 152 2 574 804 344 323:1.0687e7
208:1.2505008e7
152 2 11 574 276 621 344 323:1.1851238e7
316 29 420 888 539 845 205 118 101:1.1304648e7
409 305 900 211 573 816:1.0785916e7
79 309 756 424 204:1.1132158e7
907 305 863 900 211 573 816 106:1.1172412e7
420:1.7542776e7
508 359 985 711 487 739:1.319352e7
641:1.3025686e7
291:1.541475e7
32 266 206 598 159 160:1.1573071e7
34 2 11 574 344 621 323:1.1203936e7
32 812 266 349 598 160:1.2652868e7
508 359 711 487 184:1.0762783e7
79 335 424 756 204 428 801:1.1225175e7
947 493 783 896 915 677 348:1.0770865e7
266 206 349 598 160:1.0790801e7
830:1.5695108e7
208 781 547 300 286 726 941 186 796:1.1086305e7
79 335 708 309 424 204 428:1.0751802e7
152 2 574 276 621 344 323:1.0737296e7
32 812 206 349 598 159 160:1.1296766e7
599 806 94 445 534 578 73:1.0742362e7
983:2.2671582e7
335 708 309 756 424 204 683:1.0996387e7
208 781 547 300 938 286 726 796 186:1.0807146e7
335 708 309 756 424 204 428:1.2209901e7
32 266 598 160:1.1053131e7
32 812 349 598 160:1.0807176e7
789:1.5003048e7
547 888 941 796 208 300 296 938 286 726 186:1.0726506e7
34 152 11 574 344 621 323:1.0840437e7
316 29 420 539 845 577 205 101:1.096217e7
947 493 896 915 677 437:1.1421824e7
316 420 539 845 577 205 118 101:1.0886944e7
34 152 11 574 804 276 621 344 323:1.1415498e7
913:1.9966485e7
378:1.4992424e7
70 913:1.0867524e7
907 409 305 863 900 211 573 816:1.1555064e7
508 359 985 711 739 184:1.0709883e7
79 335 309 424 204 428:1.0790415e7
920 912 451 827 423:1.4093938e7
799 920 133 451 827:1.070592e7
316 29 420 539 845 205 118 101:1.1189145e7
208 781 547 296 286 726 186:1.1091859e7
920 912 423:1.0702545e7
764:1.6909563e7
79 335 708 424 756 204 428 683 801:1.0857882e7
208 781 547 300 296 286 726 796 186:1.1658863e7
79 335 309 756 424 204 428:1.2823294e7
152 2 11 574 344 621 323:1.1534298e7
316 29 420 539 845 577 205 118 101:1.1278459e7
32 266 206 349 598 159 160:1.3168954e7
32 349 598 160:1.085745e7
887:1.0969182e7
32:2.0339356e7
335 753 344 218:1.1123275e7
79 309 756 424 204 428:1.2094528e7
208 781 547 296 938 286 726 186:1.1161016e7
920 451 423:1.2097472e7
316 29 420 888 539 510 845 205 101:1.0982433e7
907 305 900 211 573 816 106:1.0756116e7
79 335 708 309 756 204 428 801:1.0787601e7
79 708 424 756 204 428:1.0741951e7
781 547 300 296 888 286 726 941 186 796:1.0832575e7
781 547 888 941 796 208 300 296 938 726 186:1.1098114e7
799 912 133 451 423:1.119648e7
316 420 888 539 510 845 577 205 118 101:1.0987641e7
514 44 177 763 228:1.2413059e7
34 152 2 11 574 276 621:1.0842509e7
799 920 451 827:1.0958214e7
349:1.195271e7
32 266 206 598 160:1.1631389e7
34 152 2 11 574 276 804 323:1.1485259e7
335 309 756 424 204 801:1.1002627e7
34 152 2 11 804 276 621 323:1.0910814e7
530:1.4972681e7
34 152 2 11 574 276 804 344 323:1.2098793e7
316 420 510 539 845 205 118 101:1.0784881e7
409 305 863 900 573 816 106:1.0921572e7
32 206 349 598 160:1.1439217e7
79 335 309 756 204 428:1.1180171e7
235:1.1925685e7
947 493 783 896 915 677:1.0963342e7
907 409 305 863 900 211 816 106:1.0857085e7
79 335 708 309 756 424 204 683 801:1.1175315e7
32 812 266 206 349 598 160:1.3172721e7
599 94 445 534 578 676 73 569:1.0754733e7
947 493 896 915 677 437 348:1.120472e7
508 359 985 487 739 184:1.2746247e7
34 152 2 574 804 344 621 323:1.2093886e7
985:1.8849768e7
32 812 266 206 598 159 160:1.1504736e7
34 152 2 574 804 276 621 323:1.1776017e7
599 806 445 534 578 676 73 569:1.0748167e7
781 547 300 296 888 938 286 726 941 186:1.0712391e7
575:1.4165095e7
674 985 126 131 965 676 428 439:1.087343e7
240:1.561876e7
316 29 420 539 845 205 101:1.0865402e7
208 781 547 296 938 286 726 941 186:1.1503474e7
799 920 133 451 423:1.2980562e7
334 896 723 424:1.0684682e7
316 420 888 539 845 577 205 118 101:1.1003932e7
79 335 309 756 204 428 801:1.0832313e7
508 359 711 487 739 184:1.2155867e7
208 781 547 296 938 286 726 796 186:1.1412958e7
34 152 2 11 574 804 621 344 323:1.3181223e7
34 152 2 11 574 804 621:1.0792584e7
34 2 11 574 276 621 323:1.0866397e7
781 547 888 941 796 300 296 938 286 726 186:1.0914038e7
920:2.982512e7
428:1.3963521e7
907 305 863 900 211 573 106:1.1174392e7
799 920 451 827 423:1.3016688e7
598:1.4015768e7
79 335 309 756 424 204 801:1.1524061e7
208 781 547 300 888 938 286 726 941 186:1.0960636e7
920 133 451 423:1.1740917e7
32 266 206 349 159 160:1.1301175e7
409 305 863 900 211 573 816:1.1210212e7
799 920 912 133 451:1.3162515e7
599:1.5352368e7
34 152 2 574 276 344 323:1.0746115e7
208 781 547 300 888 938 286 726 796 186:1.0871251e7
674 985 126 131 965 382 428 439 162:1.0757206e7
352 152 174 391 488:1.1135474e7
799 912 451 423:1.1461638e7
169 335 519 478 603 922 767 130:1.0890073e7
208 781 547 286 726 941 186 796:1.0773276e7
32 266 349 159 160:1.0713419e7
347:1.7030935e7
32 266 349 598 159 160:1.2638454e7
79 335 309 756 424 204 428 801:1.2427026e7
335 424 756 204 428 801:1.0689998e7
508 359 985 711 487 739 184:1.4285789e7
335 708 424 756 204 428:1.0915254e7
781 547 888 941 796 208 300 296 938 286 726:1.0785987e7
683 79 708 309 756 424 204 428 801:1.1314085e7
359 985 487 739 184:1.1020857e7
920 912 133 451:1.1970222e7
425 672 920 181 641 309 347:1.0881781e7
218:5.742735e7
750:1.3307346e7
708 309 756 424 204 428 801:1.1114753e7
907 409 305 863 900 573 816 106:1.1269902e7
799 920 912 827 423:1.1699271e7
508 359 985 487 739:1.1609768e7
117:1.1754072e7
