4441 4941 185 4437 4435 7063 181 4439 4415 4405 3405 171 4433 266 261 189 7093 4431:1.585155489e9
4441 4437 4435 7063 181 4415 4405 3405 4427 4429 4433 18 261 266 189 7093 171 185:1.562904986e9
4441 185 4437 4435 7063 181 4439 4415 4405 3405 171 4429 4433 18 261 266 7113 189 7093 4941:1.580512315e9
4441 185 4437 4435 7063 181 4439 4415 4405 3405 171 4429 4433 266 261 7113 7093 4941:1.566872169e9
4441 4941 185 4437 4435 7063 181 4439 4415 4405 3405 4427 4429 4433 266 261 171 189 4431:1.663714567e9
4441 185 4437 4435 7063 181 4439 4415 4405 3405 171 4433 266 261 189 4941:1.573062203e9
4441 4941 185 4437 4435 7063 181 4439 4415 3405 4427 171 4433 266 261 189 4431:1.567437622e9
4441 4941 185 4437 4435 7063 181 4439 4415 4405 3405 171 4433 266 261 189 4431:1.587571997e9
4441 4941 185 4437 4435 7063 181 4415 4427 4429 4433 266 261 7113 189 7093 171 4431:1.571498413e9
185 4437 4435 7063 181 4415 4405 3405 4427 4429 4433 266 261 171 189 7093 4941:1.578599961e9
4441 4941 185 4437 4435 7063 181 4439 4415 3405 4427 4429 4433 266 261 171 189 7093 4431:1.598002155e9
185 4437 4435 7063 181 4439 4415 4405 3405 4427 4429 4433 266 261 7113 189 171 4941:1.586826487e9
4441 4941 185 4437 4435 7063 181 4439 4415 4405 3405 171 4433 18 261 266 189 4431:1.568179738e9
4441 4941 185 4437 4435 7063 181 4439 4415 4405 3405 4427 4429 4433 266 261 171 4431:1.622049485e9
4441 185 4437 4435 7063 181 4439 4415 4405 3405 4427 4429 4433 18 261 266 171 4941:1.574227501e9
4441 4941 185 4437 4435 7063 181 4415 4405 4427 4429 4433 266 261 7113 189 171 4431:1.586023835e9
4441 4941 185 4437 4435 7063 181 4415 4405 3405 4427 4429 4433 266 3404 261 189 7093 171 4431:1.573105744e9
4441 4941 185 4437 4435 7063 181 7083 4439 4415 4405 3405 4427 4429 4433 266 261 7113 171 7093 4431:1.564433179e9
4441 4941 185 4437 4435 7063 181 4439 4415 4405 3405 4427 171 4433 266 261 7113 189 7103 4431:1.562561411e9
4441 4941 185 4437 4435 181 4415 4405 3405 4427 4429 4433 18 261 266 189 171 4431:1.571228147e9
4441 185 4437 4435 7063 181 4439 4415 4405 3405 4427 4429 4433 18 261 266 7113 189 171 4941:1.620529201e9
4441 4941 185 4437 4435 7063 181 4439 4415 4427 4429 4433 266 261 171 189 4431:1.574401373e9
4441 4437 4435 7063 181 4439 4415 4405 3405 4427 4429 4433 18 261 266 189 7093 171 185:1.568158706e9
4441 4941 185 4437 4435 7063 181 7083 4415 4405 3405 4427 4429 4433 266 261 7113 189 171 4431:1.588161342e9
4441 4941 185 4437 4435 7063 181 4439 4415 4405 3405 4427 4429 4433 18 261 266 171 4431:1.588051675e9
4441 4941 185 4437 4435 7063 181 4439 4415 4405 3405 171 4429 4433 266 261 189 7093 4431:1.617567729e9
4941 185 4437 4435 7063 181 4415 4405 3405 4427 171 4433 266 261 7113 189 4431:1.563288757e9
4441 4941 185 4437 4435 7063 181 4415 4405 3405 171 4433 266 261 189 7093 4431:1.579714149e9
4441 185 4437 4435 7063 181 4439 4415 4405 3405 4427 4429 4433 18 261 266 189 7093 171 4431:1.581753014e9
4441 4437 4435 7063 181 4439 4415 4405 3405 4427 4429 4433 266 261 7113 189 171 185:1.588819763e9
4441 4941 185 4437 4435 7063 181 4415 4405 3405 171 4429 4433 266 261 189 7093 4431:1.612126389e9
4441 4941 185 4437 4435 7063 181 4439 4415 4405 3405 4427 4429 4433 18 261 266 7113 7093 171 4431:1.584134198e9
4441 4941 185 4437 4435 7063 181 4415 4405 3405 4427 4429 4433 18 261 266 189 7093 171 4431:1.630974111e9
4441 4437 4435 7063 181 4439 4415 4405 3405 4427 4429 4433 18 261 266 7113 189 171 185:1.565590724e9
4441 185 4437 4435 7063 181 4439 4415 4405 3405 4427 4429 4433 18 266 7113 189 171 4941:1.568688181e9
4441 4941 185 4437 4435 7063 181 4439 4415 4405 3405 171 4429 4433 266 261 7113 189 7093 4431:1.617009187e9
4441 4941 185 4437 4435 7063 181 4439 4415 4405 3405 4427 4429 4433 266 261 7113 189 4431:1.571901547e9
4441 185 4437 4435 7063 181 4415 3405 4427 4429 4433 266 261 171 189 7093 4941:1.578484467e9
4441 185 4437 4435 181 4415 4405 3405 4427 4429 4433 266 261 7113 189 171 4941:1.576261746e9
4441 4941 185 4437 4435 7063 181 4439 4415 4405 3405 4427 4429 4433 266 261 171 7093 4431:1.619948252e9
4441 185 4437 4435 7063 181 4439 4415 3405 4427 4429 4433 18 261 266 189 7093 171 4941:1.565352149e9
4441 4941 185 4437 4435 7063 181 4439 4415 3405 4427 4429 4433 266 261 7113 189 7093 171 4431:1.598228876e9
4415 4405 3405 4427 171 266 189 4431 4441 185 4437 4435 7063 181 4439 4429 4433 261 7113 7093 7103 4941:1.589049363e9
4441 185 4437 4435 7063 181 4415 3405 4427 4429 4433 266 261 7113 189 7093 171 4941:1.579496078e9
4441 4437 4435 7063 181 4415 4405 3405 4427 4429 4433 266 261 7113 189 7093 171 185:1.580519679e9
4441 4941 185 4437 4435 7063 181 4415 4405 3405 4427 171 4433 266 7113 189 7093 4431:1.566917939e9
185 4437 4435 7063 181 4439 4415 4405 3405 4427 4429 4433 18 261 266 189 7093 171 4941:1.565495917e9
4441 4941 185 4437 4435 7063 181 4439 4415 4405 3405 4427 4429 4433 18 261 266 171 7093 4431:1.586514555e9
4441 4941 185 4437 4435 7063 181 7083 4439 4415 4405 3405 4427 4429 4433 266 261 171 4431:1.571543669e9
4441 185 4437 4435 7063 181 4439 4415 4405 3405 4427 171 4433 18 261 266 7113 189 7093 4941:1.588681725e9
4441 4941 185 4437 4435 7063 181 4439 4415 4405 3405 171 4433 18 261 266 7113 189 7093 4431:1.563925015e9
4441 185 4437 4435 7063 181 4415 4405 3405 171 4429 4433 266 261 7113 189 7093 4941:1.598276389e9
4441 185 4437 4435 7063 181 4415 4405 3405 4427 171 4433 266 261 7113 189 7093 4941:1.606927019e9
4441 4941 185 4437 4435 7063 181 4415 4405 3405 171 4429 4433 266 261 7113 4431:1.575566347e9
4441 185 4437 4435 7063 181 4415 4405 3405 171 4433 266 261 7113 189 4941:1.568577745e9
4441 4941 185 4437 4435 7063 181 4415 4405 3405 4427 4429 4433 266 261 189 7093 4431:1.563384296e9
4441 4941 185 4437 4435 7063 181 4439 4415 4405 3405 4427 4429 4433 266 261 171 189 7093 4431:1.658976239e9
4441 4941 185 4437 4435 7063 181 4439 4415 3405 4427 171 4433 266 261 7113 189 4431:1.568559072e9
4441 185 4437 4435 7063 181 4439 4415 4405 3405 4427 4429 4433 266 261 171 7093 4941:1.60555577e9
4441 4941 185 4437 4435 7063 181 4415 4405 3405 4427 171 4433 18 261 266 189 4431:1.603073198e9
4441 4941 185 4437 4435 7063 181 4439 4415 4427 4429 4433 266 261 7113 189 171 4431:1.577595035e9
4441 4941 185 4437 4435 7063 181 4415 4405 3405 4427 4429 4433 266 261 189 4431:1.564784649e9
4441 185 4437 4435 7063 181 4439 4415 4427 4429 4433 266 261 7113 189 171 4941:1.563268073e9
4441 185 4437 4435 7063 181 7083 4415 4405 3405 4427 4429 4433 266 261 171 189 7103 4941:1.574994264e9
4441 4941 185 4437 4435 181 4439 4415 4405 3405 4427 4429 4433 18 261 266 7113 189 171 4431:1.573517527e9
4441 4941 185 4437 4435 7063 181 4415 4405 3405 4427 171 4433 266 7113 189 4431:1.568340333e9
4441 185 4437 4435 7063 181 4439 4415 4405 3405 4427 4429 4433 266 3404 261 7113 189 171 4941:1.564212249e9
185 4437 4435 7063 181 4439 4415 4405 3405 4427 4429 4433 266 261 171 189 4941:1.586490225e9
4441 4941 185 4437 4435 7063 181 4439 4415 4405 3405 4427 4429 4433 266 261 7113 171 4431:1.622960987e9
4441 4941 185 4437 4435 7063 181 4439 4415 4405 3405 4427 4429 4433 266 261 7113 189 7093 4431:1.570685585e9
4441 185 4437 4435 7063 181 4415 4405 4427 4429 4433 266 261 171 189 7093 4941:1.569217211e9
4441 185 4437 4435 7063 181 4439 4415 3405 4427 4429 4433 266 261 7113 189 7093 171 4941:1.584718028e9
4441 4941 185 4437 4435 181 4415 4405 3405 4427 4429 4433 266 261 171 189 4431:1.589491996e9
4441 185 4437 4435 7063 181 4439 4415 4405 3405 4427 4429 4433 266 261 171 189 7093 4431:1.601140884e9
185 4437 4435 7063 181 4439 4415 4405 3405 4427 4429 4433 18 261 266 189 171 4941:1.567162134e9
4441 4941 185 4437 4435 181 4439 4415 4405 3405 4427 171 4433 266 261 7113 189 7093 4431:1.562315674e9
4441 4941 185 4437 4435 7063 181 4439 4415 4405 3405 4427 4429 4433 266 261 7113 171 7093 4431:1.621395617e9
4441 185 4437 4435 181 4415 4405 3405 4427 4429 4433 266 261 171 189 4941:1.574870116e9
4441 185 4437 4435 7063 181 4439 4415 4405 3405 4427 4429 4433 266 171 189 7093 4941:1.589201479e9
4441 185 4437 4435 7063 181 4415 4405 3405 171 4433 266 261 7113 189 7093 4941:1.567139089e9
4441 4941 185 4437 4435 7063 181 4415 4405 3405 4427 4429 4433 266 261 7113 189 7093 4431:1.565432525e9
4441 185 4437 4435 7063 181 4415 4405 3405 4427 4429 4433 266 261 7113 189 7093 171 7103 4941:1.571292861e9
4415 4405 3405 4427 171 266 189 4431 4441 185 4437 4435 7063 181 4439 4429 4433 18 261 7093 7103 4941:1.566219286e9
4441 4941 185 4437 4435 7063 181 4439 4415 4405 3405 4427 4429 4433 266 261 7113 189 7093 171 4431:1.656797117e9
4441 185 4437 4435 7063 181 4415 4405 3405 4427 171 4433 266 261 189 4431:1.564710031e9
4441 4941 185 4437 4435 7063 181 4415 3405 4427 171 4433 266 261 7113 189 4431:1.563182682e9
4441 185 4437 4435 7063 181 4415 4405 3405 4427 4429 4433 18 261 266 189 7093 171 4431:1.576499294e9
4441 4941 185 4437 4435 7063 181 4415 4405 3405 4427 4429 4433 266 261 7113 189 171 4431:1.655530025e9
4441 185 4437 4435 7063 181 4415 4405 3405 4427 171 4433 266 261 189 4941:1.610156743e9
4441 4941 185 4437 4435 7063 181 4439 4415 4405 3405 4427 171 4433 266 261 189 7103 4431:1.564832221e9
4441 4941 185 4437 4435 7063 181 4415 4405 3405 4427 4429 4433 266 261 171 189 7103 4431:1.591201051e9
4441 4941 185 4437 4435 7063 181 4439 4415 4405 3405 4427 171 4433 266 189 4431:1.572837099e9
4441 4941 185 4437 4435 7063 181 4415 4405 4427 4429 4433 266 261 171 189 4431:1.585652917e9
4441 185 4437 4435 7063 181 4415 4405 3405 4427 4429 4433 266 261 7113 189 171 7103 4941:1.574672537e9
4441 4941 185 4437 4435 7063 181 4439 4415 3405 4427 4429 4433 18 261 266 189 7093 171 4431:1.578613787e9
4441 4941 185 4437 4435 7063 181 4415 3405 4427 4429 4433 18 261 266 189 7093 171 4431:1.573491347e9
4441 4941 185 4437 4435 7063 181 4439 4415 4405 3405 171 4429 4433 266 261 7113 4431:1.581062347e9
4441 185 4437 4435 7063 181 4439 4415 4405 3405 4427 4429 4433 266 171 7113 189 4941:1.591878063e9
4441 185 4437 4435 7063 181 4415 4405 4427 4429 4433 266 261 171 189 4941:1.571143123e9
4441 4941 185 4437 4435 7063 181 4415 4405 3405 171 4429 4433 18 261 266 189 4431:1.594338508e9
4441 4941 185 4437 4435 7063 181 7083 4415 4405 3405 4427 4429 4433 266 261 171 189 7093 7103 4431:1.584441878e9
4441 185 4437 4435 7063 181 4439 4415 4405 3405 171 4429 4433 266 261 7093 4941:1.56320587e9
4441 4941 185 4437 4435 7063 181 4439 4415 4405 3405 4427 4429 4433 266 171 7113 7093 4431:1.566705905e9
4441 4941 185 4437 4435 7063 181 7083 4439 4415 4405 3405 171 4429 4433 266 261 189 4431:1.564136139e9
4941 185 4437 4435 7063 181 4415 4405 3405 4427 4429 4433 18 261 266 189 171 4431:1.575534684e9
4441 4941 185 4437 4435 7063 181 4415 4405 3405 4427 4429 4433 266 261 171 189 7093 7103 4431:1.586823371e9
4441 4941 185 4437 4435 7063 181 4415 4405 3405 4427 171 4433 266 261 7093 4431:1.581255542e9
4441 4941 185 4437 4435 7063 181 4439 4415 4405 3405 171 4429 4433 266 261 7093 4431:1.577598352e9
4441 185 4437 4435 7063 181 4415 4405 3405 171 4433 266 261 189 4941:1.567452413e9
4441 185 4437 4435 7063 181 4439 4415 4405 3405 4427 4429 4433 266 261 171 189 7093 4941:1.644899891e9
4441 185 4437 4435 7063 181 4415 4405 3405 4427 4429 4433 266 171 189 7093 4941:1.583760139e9
4441 4941 185 4437 4435 7063 181 4439 4415 4405 3405 171 4429 4433 18 261 266 189 7093 4431:1.597074981e9
4441 185 4437 4435 7063 181 4439 4415 4405 3405 171 4433 266 261 189 7093 4941:1.571079141e9
4441 185 4437 4435 7063 181 4415 4405 3405 4427 171 4433 266 261 7093 4941:1.56686306e9
4441 4941 185 4437 4435 7063 181 4415 4405 3405 4427 171 4433 266 189 4431:1.567227309e9
4441 185 4437 4435 7063 181 4415 4405 3405 4427 4429 4433 266 261 171 189 4941:1.643594983e9
4441 185 4437 4435 7063 181 7083 4439 4415 4405 3405 4427 4429 4433 266 261 171 189 7093 4941:1.58495972e9
4441 185 4437 4435 7063 181 4439 4415 4405 3405 4427 4429 4433 266 261 7113 189 171 4431:1.603076057e9
4441 185 4437 4435 7063 181 4415 4405 3405 4427 4429 4433 266 261 7113 189 171 4941:1.641619505e9
4441 4941 185 4437 4435 7063 181 4439 4415 4405 3405 171 4433 266 261 7113 189 4431:1.587864655e9
4441 185 4437 4435 7063 181 4415 4405 3405 4427 4429 4433 266 261 171 4941:1.601484407e9
4441 4941 185 4437 4435 7063 181 4415 4405 3405 4427 4429 4433 18 3404 261 266 189 171 4431:1.5678374e9
4441 185 4437 4435 7063 181 4439 4415 4405 3405 171 4429 4433 266 261 4941:1.563555037e9
4941 185 4437 4435 7063 181 4439 4415 4405 3405 4427 4429 4433 266 261 7113 189 7093 171 4431:1.598314667e9
4441 4941 185 4437 4435 7063 181 4439 4415 4405 3405 4427 171 4433 18 261 266 189 7093 4431:1.605576111e9
4941 185 4437 4435 7063 181 4439 4415 4405 3405 4427 4429 4433 18 261 266 189 171 4431:1.580805894e9
4441 4941 185 4437 4435 7063 181 4439 4415 4405 3405 4427 4429 4433 18 266 7113 189 7093 171 4431:1.580279881e9
4441 4941 185 4437 4435 7063 181 4439 4415 4405 4427 4429 4433 18 261 266 7113 189 7093 171 4431:1.567206195e9
4441 185 4437 4435 7063 181 4415 4405 3405 4427 4429 4433 266 261 171 189 7103 4941:1.577449261e9
4441 4941 185 4437 4435 7063 181 4439 4415 4405 4427 4429 4433 266 261 7113 189 7093 171 4431:1.589308397e9
4441 4941 185 4437 4435 7063 181 4439 4415 4405 3405 171 4429 4433 266 261 7113 7093 4431:1.580692287e9
4441 185 4437 4435 7063 181 4439 4415 4405 3405 4427 4429 4433 18 261 266 189 171 4941:1.626130628e9
4441 4941 185 4437 4435 7063 181 4415 4405 3405 4427 4429 4433 266 261 7113 189 7093 171 7103 4431:1.584101553e9
4441 185 4437 4435 7063 181 4439 4415 4405 3405 4427 171 4433 18 261 266 189 7093 4941:1.592314473e9
4441 185 4437 4435 7063 181 4415 4405 3405 171 4429 4433 266 261 7113 189 4941:1.600649605e9
4441 4941 185 4437 4435 7063 181 4415 3405 4427 4429 4433 266 261 7113 189 171 4431:1.595254542e9
4441 4941 185 4437 4435 7063 181 4415 4405 3405 4427 171 4433 266 261 4431:1.582147355e9
4441 4941 185 4437 4435 7063 181 4415 4405 3405 4427 171 4433 266 261 189 4431:1.624666537e9
4441 4437 4435 7063 181 4415 4405 3405 4427 4429 4433 266 261 171 189 185:1.584192373e9
4441 4941 185 4437 4435 7063 181 4415 4405 3405 4427 171 4433 18 261 266 189 7093 4431:1.600453671e9
4441 4941 185 4437 4435 7063 181 4439 4415 4405 3405 171 4429 4433 266 189 4431:1.563571009e9
4441 4941 185 4437 4435 181 4415 4405 3405 4427 4429 4433 18 261 266 189 7093 171 4431:1.569803628e9
4441 4941 185 4437 4435 7063 181 4439 4415 4405 3405 4427 4429 4433 266 171 189 4431:1.606275339e9
4441 185 4437 4435 7063 181 4439 4415 4405 3405 4427 171 4433 266 261 7113 4941:1.575958415e9
4441 4941 185 4437 4435 7063 181 4439 4415 4405 3405 4427 171 4433 266 261 7093 4431:1.586817632e9
4441 4941 185 4437 4435 7063 181 4439 4415 4405 3405 4427 4429 4433 18 266 7113 189 171 4431:1.581764335e9
4441 185 4437 4435 7063 181 4415 4405 3405 4427 171 4433 266 261 7113 189 7093 4431:1.562443113e9
4441 185 4437 4435 7063 181 4439 4415 4405 3405 4427 4429 4433 266 261 7113 189 7093 171 4431:1.599706443e9
4441 185 4437 4435 7063 181 4439 4415 4405 3405 4427 171 4433 266 261 7093 4941:1.57242515e9
4441 4437 4435 7063 181 4415 4405 3405 4427 4429 4433 266 261 7113 189 171 185:1.583303603e9
4441 185 4437 4435 7063 181 4439 4415 4405 3405 4427 171 4433 266 261 189 4431:1.570477081e9
4441 4941 185 4437 4435 7063 181 4415 3405 4427 4429 4433 266 261 171 189 4431:1.595266072e9
4441 4941 185 4437 4435 7063 181 4439 4415 4405 3405 4427 4429 4433 266 171 7093 4431:1.563051412e9
4441 4941 185 4437 4435 7063 181 4439 4415 4405 3405 171 4429 4433 18 261 266 7113 189 4431:1.595084265e9
4441 185 4437 4435 181 4439 4415 4405 3405 4427 4429 4433 18 261 266 189 171 4941:1.562787029e9
4441 185 4437 4435 7063 181 7083 4439 4415 4405 3405 4427 4429 4433 266 261 7113 189 171 4941:1.580637786e9
4441 4941 185 4437 4435 7063 181 7083 4415 4405 3405 4427 4429 4433 266 261 7113 189 7093 171 4431:1.58479294e9
4441 185 4437 4435 7063 181 4439 4415 3405 4427 4429 4433 266 261 171 189 4941:1.586366068e9
4441 4941 185 4437 4435 7063 181 4415 4405 3405 4427 4429 4433 18 266 7113 189 7093 171 4431:1.575365401e9
4441 185 4437 4435 7063 181 4439 4415 4405 3405 4427 4429 4433 266 261 171 189 4431:1.604861401e9
7083 4415 4405 3405 4427 171 266 189 4431 4441 185 4437 4435 7063 181 4439 4429 4433 261 7093 7103 4941:1.589182208e9
4441 185 4437 4435 7063 181 4415 4405 3405 4427 4429 4433 18 261 266 171 4941:1.568886121e9
4441 185 4437 4435 7063 181 7083 4415 4405 3405 4427 4429 4433 266 261 7113 189 171 7103 4941:1.566828641e9
4441 185 4437 4435 7063 181 7083 4415 4405 3405 4427 4429 4433 266 261 7113 189 7093 171 4941:1.572849814e9
4441 4437 4435 7063 181 4439 4415 4405 3405 4427 4429 4433 266 261 171 189 7093 185:1.58669661e9
185 4437 4435 7063 181 4415 4405 3405 4427 4429 4433 266 261 7113 189 171 4941:1.581450097e9
4441 185 4437 4435 7063 181 4439 4415 4405 4427 4429 4433 266 261 7113 189 7093 171 4941:1.575797549e9
4441 4941 185 4437 4435 7063 181 4439 4415 4405 3405 4427 171 4433 266 189 7093 4431:1.570865587e9
4441 185 4437 4435 7063 181 7083 4415 4405 3405 4427 4429 4433 266 261 171 189 7093 7103 4941:1.572200246e9
4441 4941 185 4437 4435 7063 181 4439 4415 4405 3405 4427 4429 4433 18 261 266 7113 171 4431:1.58499423e9
4441 4941 185 4437 4435 7063 181 4439 4415 4405 4427 4429 4433 18 261 266 189 171 4431:1.571721728e9
4415 4405 3405 4427 171 266 189 4431 4441 185 4437 4435 7063 181 4439 4429 4433 18 261 7113 7093 4941:1.630720425e9
4441 4437 4435 7063 181 4439 4415 4405 3405 4427 4429 4433 18 261 266 189 171 185:1.570369856e9
4441 185 4437 4435 7063 181 4439 4415 4405 3405 4427 171 4433 266 261 7113 7093 4941:1.575741239e9
185 4437 4435 7063 181 4415 4405 3405 4427 4429 4433 266 261 171 189 4941:1.580880435e9
4441 185 4437 4435 7063 181 4439 4415 4405 3405 4427 4429 4433 18 261 266 7113 171 4941:1.571743746e9
4441 4941 185 4437 4435 7063 181 4415 4405 3405 171 4429 4433 18 261 266 189 7093 4431:1.591952541e9
4441 185 4437 4435 7063 181 4415 4405 3405 4427 4429 4433 18 261 266 7113 189 7093 171 4941:1.613080245e9
4441 185 4437 4435 7063 181 4439 4415 4405 3405 4427 171 4433 266 261 189 7093 4431:1.567849344e9
4441 4941 185 4437 4435 7063 181 4415 4405 3405 171 4429 4433 18 261 266 7113 189 7093 4431:1.588323535e9
4441 4941 185 4437 4435 7063 181 4415 4405 4427 4429 4433 18 261 266 7113 189 7093 171 4431:1.562291715e9
4441 4941 185 4437 4435 181 4439 4415 4405 3405 4427 4429 4433 18 261 266 7113 189 7093 171 4431:1.572570116e9
4441 4941 185 4437 4435 7063 181 4439 4415 4405 3405 171 4429 4433 18 261 266 7113 189 7093 4431:1.593238015e9
4441 4941 185 4437 4435 7063 181 4439 4415 4405 3405 171 4429 4433 266 7113 189 4431:1.564818683e9
4441 185 4437 4435 7063 181 4415 4405 3405 171 4429 4433 18 261 266 7113 189 7093 4941:1.575597835e9
4441 185 4437 4435 7063 181 7083 4439 4415 4405 3405 4427 4429 4433 266 261 7113 189 7093 171 4941:1.577469364e9
4441 4941 185 4437 4435 7063 181 4439 4415 4405 3405 4427 171 4433 18 261 266 189 4431:1.608344408e9
4441 4941 185 4437 4435 181 4415 4405 3405 4427 4429 4433 266 261 171 189 7093 4431:1.587222495e9
4441 4941 185 4437 4435 7063 181 4415 4405 3405 4427 4429 4433 266 171 7113 189 7093 4431:1.598055239e9
4441 4941 185 4437 4435 7063 181 7083 4415 4405 3405 4427 4429 4433 266 261 171 7093 4431:1.564244803e9
7083 4415 4405 3405 4427 171 266 189 4431 4441 185 4437 4435 7063 181 4439 4429 4433 261 7113 7093 7103 4941:1.581297747e9
4441 4941 185 4437 4435 181 4439 4415 4405 3405 4427 4429 4433 18 261 266 189 7093 171 4431:1.574966988e9
4441 4941 185 4437 4435 7063 181 4439 4415 3405 4427 4429 4433 266 261 171 189 4431:1.600875862e9
185 4437 4435 7063 181 4439 4415 4405 3405 4427 4429 4433 18 261 266 7113 189 171 4941:1.563961521e9
4441 4941 185 4437 4435 7063 181 7083 4415 4405 3405 4427 171 4433 266 261 189 7093 4431:1.563854918e9
4441 185 4437 4435 7063 181 4439 4415 4405 3405 4427 4429 4433 266 261 171 189 7093 7103 4941:1.578636731e9
4441 4941 185 4437 4435 7063 181 4439 4415 4405 3405 4427 4429 4433 266 171 4431:1.563394581e9
4441 4941 185 4437 4435 7063 181 4439 4415 3405 4427 171 4433 266 261 189 7093 4431:1.565589915e9
4441 4941 185 4437 4435 7063 181 4439 4415 4405 3405 4427 4429 4433 266 261 171 189 7103 4431:1.596516001e9
4441 4941 185 4437 4435 7063 181 4415 4405 3405 171 4433 266 261 7113 189 4431:1.582488265e9
4441 4941 185 4437 4435 7063 181 4439 4415 4405 3405 4427 4429 4433 266 3404 261 189 7093 171 4431:1.578014314e9
185 4437 4435 7063 181 4415 4405 3405 4427 4429 4433 266 261 7113 189 7093 171 4941:1.579581869e9
4441 185 4437 4435 7063 181 4439 4415 4405 3405 4427 4429 4433 18 261 266 189 171 4431:1.584365708e9
4441 185 4437 4435 7063 181 7083 4415 4405 3405 4427 4429 4433 266 261 7113 189 171 4941:1.575891006e9
4441 4941 185 4437 4435 7063 181 4415 4405 4427 4429 4433 18 261 266 189 171 4431:1.566450518e9
4441 185 4437 4435 7063 181 4439 4415 4405 3405 4427 171 4433 266 261 7113 189 7093 4941:1.612148969e9
4441 185 4437 4435 7063 181 4439 4415 4405 3405 4427 4429 4433 266 261 7113 189 171 4941:1.646995895e9
4441 4941 185 4437 4435 7063 181 4439 4415 4405 3405 4427 171 4433 266 7113 189 4431:1.573716723e9
4441 4941 185 4437 4435 7063 181 4415 4405 3405 4427 4429 4433 18 266 171 189 7093 4431:1.578464423e9
4441 4941 185 4437 4435 7063 181 4415 4405 4427 4429 4433 266 261 171 189 7093 4431:1.583293559e9
4441 185 4437 4435 7063 181 4439 4415 4405 3405 4427 171 4433 266 261 189 4941:1.615766533e9
4441 185 4437 4435 7063 181 4439 4415 4405 3405 4427 4429 4433 266 261 171 189 7103 4941:1.582764211e9
4441 4941 185 4437 4435 7063 181 4439 4415 4405 3405 4427 171 4433 266 261 189 7093 4431:1.626563999e9
7083 4415 4405 3405 4427 171 266 189 4431 4441 185 4437 4435 7063 181 4439 4429 4433 261 7113 7103 4941:1.583557253e9
4441 185 4437 4435 7063 181 4415 4405 3405 4427 4429 4433 266 171 7113 189 4941:1.586501673e9
4441 4941 185 4437 4435 7063 181 4415 4405 3405 4427 4429 4433 266 171 189 4431:1.600665549e9
4441 185 4437 4435 7063 181 4439 4415 4405 3405 4427 4429 4433 18 261 266 7113 189 7093 171 4941:1.617994725e9
4941 185 4437 4435 7063 181 4415 4405 3405 4427 4429 4433 266 261 171 189 4431:1.595390229e9
4441 4941 185 4437 4435 7063 181 4415 4405 3405 171 4429 4433 266 261 7093 4431:1.572036262e9
4441 4941 185 4437 4435 7063 181 4439 4415 4405 4427 4429 4433 266 261 171 189 7093 4431:1.588734899e9
4441 4941 185 4437 4435 7063 181 7083 4439 4415 4405 3405 4427 171 4433 266 261 7113 189 4431:1.564556862e9
4441 185 4437 4435 7063 181 4415 4405 3405 4427 171 4433 266 261 189 7093 4941:1.607046311e9
4441 185 4437 4435 7063 181 7083 4439 4415 4405 3405 4427 4429 4433 266 261 171 189 4941:1.589102181e9
4441 185 4437 4435 7063 181 4439 4415 4405 4427 4429 4433 266 261 171 189 7093 4941:1.574658551e9
4441 185 4437 4435 7063 181 4439 4415 4405 3405 4427 4429 4433 18 266 171 189 4941:1.572089256e9
4441 4437 4435 7063 181 4415 4405 3405 4427 4429 4433 18 261 266 189 171 185:1.564958066e9
4441 4941 185 4437 4435 7063 181 4415 4405 3405 4427 171 4433 266 261 7113 7093 4431:1.584221507e9
4441 185 4437 4435 7063 181 4415 4405 3405 4427 4429 4433 266 171 189 4941:1.586155755e9
4441 4941 185 4437 4435 7063 181 4415 4405 3405 4427 4429 4433 18 261 266 7113 171 4431:1.57987632e9
4441 185 4437 4435 7063 181 4415 4405 3405 4427 4429 4433 18 261 266 7113 189 171 4431:1.573801478e9
4441 185 4437 4435 7063 181 4415 4405 3405 4427 4429 4433 18 261 266 189 7093 171 4941:1.617712473e9
4441 4941 185 4437 4435 7063 181 4439 4415 4405 3405 4427 4429 4433 266 171 189 7093 4431:1.603277827e9
4441 185 4437 4435 7063 181 4439 4415 4405 3405 171 4429 4433 266 261 189 7093 4941:1.603491381e9
4441 4941 185 4437 4435 7063 181 4415 4405 3405 171 4429 4433 266 261 7113 7093 4431:1.575352437e9
4441 4941 185 4437 4435 7063 181 4439 4415 4405 3405 4427 171 4433 266 261 4431:1.587880265e9
4941 185 4437 4435 7063 181 4439 4415 4405 3405 4427 171 4433 266 261 189 7093 4431:1.565705409e9
4441 185 4437 4435 7063 181 4415 4405 3405 4427 4429 4433 266 261 171 189 7093 4941:1.639458551e9
4441 4941 185 4437 4435 7063 181 7083 4415 4405 3405 4427 4429 4433 266 261 7113 189 171 7103 4431:1.578890093e9
4441 4941 185 4437 4435 7063 181 7083 4439 4415 4405 3405 4427 4429 4433 266 261 7113 189 171 4431:1.592908122e9
4441 4941 185 4437 4435 181 4415 4405 3405 4427 4429 4433 18 261 266 7113 189 7093 171 4431:1.567616546e9
4441 185 4437 4435 7063 181 4415 4405 3405 4427 171 4433 266 261 189 7093 4431:1.562262024e9
4441 4941 185 4437 4435 7063 181 4439 4415 4405 3405 171 4433 266 261 7113 189 7093 4431:1.585871887e9
4441 4437 4435 7063 181 4439 4415 4405 3405 4427 4429 4433 266 261 7113 189 7093 171 185:1.585871349e9
4441 185 4437 4435 7063 181 4415 4405 3405 171 4429 4433 18 261 266 7113 189 4941:1.576957851e9
4441 4941 185 4437 4435 7063 181 7083 4439 4415 4405 3405 4427 4429 4433 266 261 171 189 4431:1.601906739e9
4441 185 4437 4435 181 4415 4405 3405 4427 4429 4433 266 261 171 189 7093 4941:1.573038195e9
4441 4941 185 4437 4435 181 4415 4405 3405 4427 4429 4433 266 261 7113 189 171 4431:1.59027975e9
4441 4941 185 4437 4435 7063 181 4415 4405 3405 4427 4429 4433 266 261 7113 171 7093 4431:1.616055767e9
4441 185 4437 4435 7063 181 7083 4439 4415 4405 3405 4427 4429 4433 266 261 171 189 7093 7103 4941:1.576940576e9
4441 185 4437 4435 7063 181 4415 4405 3405 4427 4429 4433 266 3404 261 189 171 4941:1.571491544e9
4441 185 4437 4435 7063 181 4415 4405 3405 4427 4429 4433 18 261 266 189 171 4941:1.620859418e9
4441 185 4437 4435 7063 181 4415 4405 3405 4427 4429 4433 266 261 171 7093 4941:1.59999368e9
4441 4941 185 4437 4435 7063 181 4439 4415 4427 4429 4433 266 261 171 189 7093 4431:1.573420357e9
4441 4941 185 4437 4435 7063 181 4415 4405 3405 4427 171 4433 18 261 266 7113 189 4431:1.598415535e9
4441 4941 185 4437 4435 181 4439 4415 4405 3405 4427 4429 4433 266 261 7113 189 171 4431:1.59569706e9
4415 4405 3405 4427 171 266 189 4431 4441 185 4437 4435 7063 181 4439 4429 4433 3404 261 7113 7093 4941:1.565913211e9
4441 185 4437 4435 7063 181 4439 4415 4405 3405 4427 4429 4433 266 171 189 4941:1.591765545e9
4441 4941 185 4437 4435 7063 181 4415 4405 3405 4427 171 4433 266 261 189 7093 4431:1.621122659e9
4441 4941 185 4437 4435 7063 181 4415 4405 3405 171 4429 4433 266 261 189 4431:1.615400447e9
4441 4941 185 4437 4435 7063 181 4439 4415 4405 3405 4427 171 4433 18 261 266 7113 189 7093 4431:1.601407425e9
4441 185 4437 4435 7063 181 7083 4415 4405 3405 4427 4429 4433 266 261 171 189 7093 4941:1.58014211e9
4441 185 4437 4435 7063 181 4415 4405 3405 4427 171 4433 266 261 7113 189 4941:1.609547645e9
4441 4941 185 4437 4435 7063 181 4415 4405 3405 4427 171 4433 266 261 7113 189 7093 4431:1.620437867e9
4441 4941 185 4437 4435 7063 181 4415 4405 3405 4427 4429 4433 18 261 266 189 171 4431:1.634503178e9
4441 4941 185 4437 4435 7063 181 7083 4415 4405 3405 4427 4429 4433 266 261 171 4431:1.566465569e9
4441 4941 185 4437 4435 7063 181 4439 4415 3405 4427 4429 4433 18 261 266 7113 189 171 4431:1.576885222e9
4441 4941 185 4437 4435 7063 181 4439 4415 4405 4427 4429 4433 266 261 7113 189 171 4431:1.591400225e9
4441 185 4437 4435 7063 181 4439 4415 4427 4429 4433 266 261 7113 189 7093 171 4941:1.562960395e9
4941 185 4437 4435 7063 181 4439 4415 4405 3405 4427 4429 4433 18 261 266 189 7093 171 4431:1.578757555e9
4441 4941 185 4437 4435 7063 181 4415 4405 3405 171 4433 18 261 266 189 4431:1.562908528e9
4441 185 4437 4435 7063 181 4439 4415 4405 3405 4427 171 4433 18 261 266 189 4941:1.594700648e9
4941 185 4437 4435 7063 181 4439 4415 4405 3405 4427 171 4433 266 261 7113 189 4431:1.568665147e9
4441 185 4437 4435 7063 181 4415 4405 3405 4427 4429 4433 18 261 266 7113 7093 171 4941:1.56625583e9
4441 185 4437 4435 7063 181 4439 4415 3405 4427 4429 4433 18 261 266 189 171 4941:1.56698915e9
4441 185 4437 4435 7063 181 4415 4405 3405 4427 4429 4433 266 261 7113 189 171 4431:1.597559897e9
4441 185 4437 4435 7063 181 4415 4405 3405 4427 4429 4433 266 261 7113 189 7093 171 4431:1.594354773e9
4441 185 4437 4435 7063 181 4415 4405 3405 4427 171 4433 266 261 4941:1.567315187e9
4941 185 4437 4435 7063 181 4415 4405 3405 4427 171 4433 266 261 7113 189 7093 4431:1.561955417e9
4441 185 4437 4435 7063 181 4439 4415 4405 3405 4427 4429 4433 18 261 266 7113 7093 171 4941:1.57123682e9
4441 4941 185 4437 4435 7063 181 4439 4415 4405 3405 4427 4429 4433 266 261 7113 189 171 4431:1.660906415e9
4441 4941 185 4437 4435 7063 181 4439 4415 3405 4427 4429 4433 18 261 266 189 171 4431:1.58063291e9
4441 185 4437 4435 7063 181 4439 4415 3405 4427 4429 4433 266 261 7113 189 171 4941:1.586720412e9
4441 185 4437 4435 7063 181 4415 3405 4427 4429 4433 266 261 7113 189 171 4941:1.581344022e9
4441 185 4437 4435 7063 181 4439 4415 4405 3405 171 4429 4433 266 261 7113 189 7093 4941:1.603498339e9
4441 4437 4435 7063 181 4439 4415 4405 3405 4427 4429 4433 18 261 266 7113 189 7093 171 185:1.563938652e9
4441 4941 185 4437 4435 7063 181 4415 4405 3405 4427 171 4433 266 189 7093 4431:1.565424247e9
185 4437 4435 7063 181 4439 4415 4405 3405 4427 4429 4433 18 261 266 7113 189 7093 171 4941:1.562902077e9
4441 185 4437 4435 7063 181 4415 4405 3405 4427 4429 4433 18 266 171 189 7093 4941:1.565202785e9
4441 185 4437 4435 7063 181 7083 4415 4405 3405 4427 4429 4433 266 261 171 189 4941:1.584144861e9
4941 185 4437 4435 7063 181 4415 4405 3405 4427 4429 4433 18 261 266 7113 189 171 4431:1.571987415e9
4415 4405 3405 4427 171 266 189 4431 4441 185 4437 4435 7063 181 4439 4429 4433 18 3404 261 7093 4941:1.562783939e9
4441 185 4437 4435 7063 181 4439 4415 4405 3405 4427 4429 4433 266 261 171 189 4941:1.649204773e9
4441 4941 185 4437 4435 7063 181 4439 4415 4405 3405 171 4429 4433 266 261 7113 189 4431:1.619936515e9
4441 185 4437 4435 7063 181 4415 4405 3405 4427 4429 4433 18 266 7113 189 171 4941:1.563637921e9
4441 185 4437 4435 7063 181 4439 4415 4405 3405 4427 171 4433 266 261 4941:1.573048097e9
4441 4941 185 4437 4435 7063 181 4439 4415 4405 3405 171 4433 18 261 266 7113 189 4431:1.564944705e9
4441 185 4437 4435 7063 181 4439 4415 4405 3405 4427 4429 4433 18 261 266 189 7093 171 4941:1.622834913e9
4441 4941 185 4437 4435 7063 181 4439 4415 3405 4427 171 4433 266 261 7113 189 7093 4431:1.567091576e9
4441 4941 185 4437 4435 7063 181 4439 4415 4405 4427 4429 4433 18 261 266 7113 189 171 4431:1.568318965e9
4441 4941 185 4437 4435 7063 181 4415 3405 4427 4429 4433 266 261 7113 189 7093 171 4431:1.593006926e9
4441 4941 185 4437 4435 7063 181 4439 4415 4405 3405 4427 4429 4433 266 171 7113 4431:1.566660435e9
4441 4941 185 4437 4435 7063 181 4415 4405 3405 4427 4429 4433 266 261 171 4431:1.616316575e9
7083 4415 4405 3405 4427 171 266 189 4431 4441 185 4437 4435 7063 181 4429 4433 261 7113 7093 7103 4941:1.576750437e9
4441 185 4437 4435 7063 181 7083 4439 4415 4405 3405 4427 4429 4433 266 261 7113 189 171 7103 4941:1.571495801e9
4441 4941 185 4437 4435 7063 181 7083 4415 4405 3405 4427 171 4433 266 261 189 4431:1.567371279e9
4441 4941 185 4437 4435 7063 181 7083 4415 4405 3405 4427 4429 4433 266 261 171 189 7093 4431:1.592589038e9
4441 4941 185 4437 4435 7063 181 4415 4405 4427 4429 4433 18 261 266 189 7093 171 4431:1.564873011e9
4441 4941 185 4437 4435 7063 181 7083 4439 4415 4405 3405 4427 171 4433 266 261 189 7093 4431:1.568672528e9
4441 4941 185 4437 4435 181 4439 4415 4405 3405 4427 171 4433 266 261 7113 189 4431:1.56337806e9
4441 185 4437 4435 7063 181 4439 4415 4405 3405 4427 4429 4433 266 261 7113 189 7093 171 4941:1.643286269e9
4441 185 4437 4435 7063 181 4415 4405 3405 4427 4429 4433 266 261 7113 171 4941:1.603240595e9
4441 4941 185 4437 4435 7063 181 4415 4405 3405 4427 4429 4433 266 261 171 7093 4431:1.614386162e9
4441 4941 185 4437 4435 7063 181 4415 4427 4429 4433 266 261 171 189 4431:1.568628743e9
4441 4941 185 4437 4435 7063 181 4415 4405 3405 171 4433 266 261 189 4431:1.581962207e9
4441 4941 185 4437 4435 7063 181 4415 4405 3405 4427 4429 4433 18 261 266 171 7093 4431:1.581323445e9
4441 185 4437 4435 7063 181 4415 4405 3405 171 4433 266 261 189 7093 4941:1.565637801e9
4941 185 4437 4435 7063 181 4415 4405 3405 4427 4429 4433 266 261 7113 189 7093 171 4431:1.593092717e9
4441 4941 185 4437 4435 7063 181 4415 4405 3405 4427 4429 4433 266 3404 261 189 171 4431:1.584643748e9
4441 4941 185 4437 4435 7063 181 4439 4415 4405 3405 4427 4429 4433 18 261 266 7113 189 171 4431:1.633605355e9
4441 4941 185 4437 4435 7063 181 4439 4415 4405 4427 4429 4433 18 261 266 189 7093 171 4431:1.569995451e9
7083 4415 4405 3405 4427 171 266 189 4431 4441 185 4437 4435 7063 181 4439 4429 4433 261 7113 7093 4941:1.58941249e9
4441 4941 185 4437 4435 7063 181 4415 4405 3405 4427 4429 4433 266 261 7113 189 7093 171 4431:1.651575167e9
4441 185 4437 4435 181 4439 4415 4405 3405 4427 4429 4433 266 261 171 189 4941:1.580522806e9
4441 185 4437 4435 7063 181 4439 4415 4405 3405 4427 171 4433 266 261 7113 189 7093 4431:1.567794783e9
4941 185 4437 4435 7063 181 4439 4415 4405 3405 4427 4429 4433 266 261 171 189 7093 4431:1.598117649e9
4415 4405 3405 4427 171 266 189 4431 4441 185 4437 4435 7063 181 4439 4429 4433 18 261 7113 7103 4941:1.563046951e9
4441 4941 185 4437 4435 7063 181 4439 4415 4405 3405 4427 4429 4433 266 171 7113 189 4431:1.605788583e9
4441 4941 185 4437 4435 7063 181 4439 4415 4405 4427 4429 4433 266 261 171 189 4431:1.591262707e9
4441 185 4437 4435 7063 181 4439 4415 4405 3405 4427 4429 4433 18 266 171 189 7093 4941:1.570325225e9
4441 185 4437 4435 7063 181 4415 4405 3405 171 4429 4433 18 261 266 189 7093 4941:1.578690903e9
4441 185 4437 4435 7063 181 4439 4415 4405 3405 4427 4429 4433 266 261 171 4941:1.607217317e9
4441 4941 185 4437 4435 7063 181 4415 4405 3405 4427 4429 4433 266 261 171 189 7093 4431:1.653534899e9
4441 4941 185 4437 4435 181 4415 4405 3405 4427 4429 4433 18 261 266 7113 189 171 4431:1.568426977e9
4441 185 4437 4435 7063 181 4439 4415 4405 3405 4427 4429 4433 266 261 7113 171 4941:1.608736595e9
4941 185 4437 4435 7063 181 4439 4415 4405 3405 4427 171 4433 266 261 189 4431:1.567561779e9
4441 185 4437 4435 7063 181 4439 4415 4405 3405 171 4433 266 261 7113 189 4941:1.573954135e9
4441 4941 185 4437 4435 7063 181 4415 3405 4427 4429 4433 18 261 266 189 171 4431:1.5753617e9
4941 185 4437 4435 7063 181 4439 4415 4405 3405 4427 4429 4433 266 261 171 189 4431:1.601000019e9
4441 185 4437 4435 7063 181 4415 4405 3405 4427 4429 4433 266 261 171 189 7093 4431:1.595553564e9
4441 4941 185 4437 4435 7063 181 4439 4415 4405 3405 4427 4429 4433 18 266 171 189 4431:1.585733016e9
4441 4941 185 4437 4435 7063 181 4415 4405 3405 171 4433 266 261 7113 189 7093 4431:1.580649937e9
4441 185 4437 4435 7063 181 4439 4415 3405 4427 4429 4433 266 261 171 189 7093 4941:1.583925807e9
4441 4437 4435 7063 181 4439 4415 4405 3405 4427 4429 4433 266 261 171 189 185:1.589959423e9
4441 4941 185 4437 4435 7063 181 4415 4405 3405 4427 171 4433 266 261 7113 4431:1.584686807e9
185 4437 4435 7063 181 4439 4415 4405 3405 4427 4429 4433 266 261 171 189 7093 4941:1.584041301e9
4441 185 4437 4435 7063 181 4415 4405 3405 4427 171 4433 18 261 266 189 4941:1.589429438e9
4441 4941 185 4437 4435 7063 181 4415 4405 3405 171 4429 4433 18 261 266 7113 189 4431:1.590034005e9
4441 185 4437 4435 7063 181 4439 4415 4405 3405 4427 4429 4433 266 261 7113 189 171 7103 4941:1.579764797e9
4441 4941 185 4437 4435 7063 181 7083 4439 4415 4405 3405 4427 171 4433 266 261 189 7103 4431:1.563383868e9
4441 185 4437 4435 7063 181 4415 4405 3405 4427 4429 4433 18 261 266 189 171 4431:1.578953918e9
4441 185 4437 4435 7063 181 4415 4405 3405 4427 171 4433 266 261 7113 7093 4941:1.570401389e9
4441 185 4437 4435 7063 181 4415 4405 3405 171 4429 4433 18 261 266 189 4941:1.580694748e9
4441 4941 185 4437 4435 7063 181 7083 4415 4405 3405 4427 4429 4433 266 261 171 189 4431:1.596949419e9
4441 4941 185 4437 4435 7063 181 4439 4415 4405 3405 171 4429 4433 266 261 189 4431:1.621010237e9
4441 185 4437 4435 7063 181 4439 4415 4405 4427 4429 4433 266 261 7113 189 171 4941:1.577489705e9
4441 4941 185 4437 4435 7063 181 4439 4415 4405 3405 171 4429 4433 266 7113 189 7093 4431:1.563489259e9
4441 4941 185 4437 4435 7063 181 4415 4427 4429 4433 266 261 7113 189 171 4431:1.572060755e9
4441 4941 185 4437 4435 7063 181 4415 4405 3405 4427 4429 4433 266 171 189 7093 4431:1.597836487e9
4441 185 4437 4435 7063 181 4415 4405 3405 4427 171 4433 266 261 7113 189 4431:1.564650857e9
4441 4941 185 4437 4435 7063 181 4439 4415 4405 3405 4427 4429 4433 266 261 171 189 7093 7103 4431:1.591980581e9
4941 185 4437 4435 7063 181 4439 4415 4405 3405 4427 4429 4433 18 261 266 7113 189 7093 171 4431:1.575627777e9
4441 185 4437 4435 7063 181 4415 4405 3405 4427 171 4433 18 261 266 189 7093 4941:1.587192033e9
4441 4941 185 4437 4435 7063 181 4415 4405 3405 4427 4429 4433 18 261 266 189 171 7103 4431:1.564654008e9
4441 185 4437 4435 7063 181 4415 4405 4427 4429 4433 266 261 7113 189 171 4941:1.572113315e9
4441 185 4437 4435 7063 181 4415 4405 3405 4427 4429 4433 18 261 266 7113 171 4941:1.566625836e9
4441 4941 185 4437 4435 7063 181 4439 4415 4405 3405 4427 4429 4433 266 3404 261 7113 189 171 4431:1.576765179e9
4441 4941 185 4437 4435 7063 181 4415 4405 3405 4427 4429 4433 266 261 7113 189 171 7103 4431:1.587857111e9
4941 185 4437 4435 7063 181 4415 4405 3405 4427 4429 4433 266 261 171 189 7093 4431:1.592676309e9
4941 185 4437 4435 7063 181 4415 4405 3405 4427 171 4433 266 261 189 4431:1.561951989e9
4441 185 4437 4435 7063 181 4439 4415 3405 4427 4429 4433 18 261 266 7113 189 7093 171 4941:1.562786037e9
4441 185 4437 4435 7063 181 4439 4415 4405 3405 4427 4429 4433 266 3404 261 189 171 4941:1.576568564e9
4441 4941 185 4437 4435 7063 181 4439 4415 4405 3405 4427 4429 4433 266 3404 261 189 171 4431:1.589720768e9
4441 4941 185 4437 4435 7063 181 7083 4439 4415 4405 3405 4427 171 4433 266 261 189 4431:1.572328599e9
4441 4941 185 4437 4435 7063 181 4439 4415 4405 3405 4427 171 4433 18 261 266 7113 189 4431:1.603465795e9
4441 185 4437 4435 181 4439 4415 4405 3405 4427 4429 4433 266 261 171 189 7093 4941:1.578520695e9
4441 4941 185 4437 4435 7063 181 4415 4427 4429 4433 266 261 171 189 7093 4431:1.567822177e9
4941 185 4437 4435 7063 181 4415 4405 3405 4427 4429 4433 18 261 266 7113 189 7093 171 4431:1.570713297e9
4441 185 4437 4435 7063 181 4415 4405 3405 4427 4429 4433 266 261 171 189 7093 7103 4941:1.573479521e9
4441 185 4437 4435 7063 181 7083 4415 4405 3405 4427 4429 4433 266 261 7113 189 7093 171 7103 4941:1.564999113e9
4441 185 4437 4435 7063 181 4415 4405 3405 4427 4429 4433 18 266 171 189 4941:1.566818046e9
4441 185 4437 4435 7063 181 4415 4405 3405 4427 4429 4433 18 261 266 171 7093 4941:1.567884903e9
4441 4941 185 4437 4435 7063 181 4415 3405 4427 4429 4433 18 261 266 7113 189 171 4431:1.571834962e9
4441 185 4437 4435 181 4439 4415 4405 3405 4427 4429 4433 266 261 7113 189 7093 171 4941:1.580079046e9
4441 4941 185 4437 4435 7063 181 4415 4405 3405 4427 4429 4433 18 261 266 7113 189 7093 171 4431:1.625805945e9
4441 4941 185 4437 4435 181 4439 4415 4405 3405 4427 4429 4433 266 261 7113 189 7093 171 4431:1.593693634e9
4441 185 4437 4435 7063 181 4439 4415 3405 4427 4429 4433 18 261 266 7113 189 171 4941:1.563809068e9
4441 4941 185 4437 4435 7063 181 4439 4415 4405 3405 171 4429 4433 266 261 4431:1.578387205e9
4941 185 4437 4435 7063 181 4439 4415 4405 3405 4427 4429 4433 266 261 7113 189 171 4431:1.600737007e9
4441 4941 185 4437 4435 181 4439 4415 4405 3405 4427 4429 4433 266 261 171 189 7093 4431:1.592704995e9
4441 185 4437 4435 7063 181 4415 3405 4427 4429 4433 266 261 171 189 4941:1.580756278e9
4441 185 4437 4435 7063 181 4415 4405 3405 171 4429 4433 266 261 189 7093 4941:1.598050041e9
4441 185 4437 4435 7063 181 4439 4415 4405 3405 4427 4429 4433 266 171 7113 189 7093 4941:1.589766341e9
4441 185 4437 4435 7063 181 4439 4415 4405 3405 4427 4429 4433 18 261 266 7113 189 171 4431:1.578976148e9
4441 4941 185 4437 4435 7063 181 4439 4415 4405 3405 4427 4429 4433 266 261 7113 189 171 7103 4431:1.592949371e9
4441 4941 185 4437 4435 7063 181 4415 4405 4427 4429 4433 266 261 7113 189 7093 171 4431:1.584086447e9
4441 4941 185 4437 4435 7063 181 4415 4405 3405 171 4429 4433 266 261 7113 189 7093 4431:1.611787237e9
4441 185 4437 4435 7063 181 4415 4405 3405 4427 4429 4433 266 261 7113 171 7093 4941:1.602235649e9
4441 185 4437 4435 7063 181 4439 4415 4405 3405 4427 4429 4433 266 261 7113 171 7093 4941:1.607575499e9
4441 4941 185 4437 4435 7063 181 7083 4439 4415 4405 3405 4427 4429 4433 266 261 171 7093 7103 4431:1.562364794e9
4441 185 4437 4435 7063 181 4439 4415 4405 3405 171 4429 4433 266 261 189 4941:1.606500443e9
4441 4941 185 4437 4435 7063 181 4415 3405 4427 4429 4433 266 261 171 189 7093 4431:1.592560815e9
4441 4941 185 4437 4435 7063 181 4439 4415 4405 3405 4427 4429 4433 266 261 189 4431:1.570427199e9
4941 185 4437 4435 7063 181 4415 4405 3405 4427 4429 4433 18 261 266 189 7093 171 4431:1.573635115e9
4441 185 4437 4435 7063 181 4415 4405 3405 4427 171 4433 18 261 266 7113 189 4941:1.585339381e9
4441 185 4437 4435 7063 181 4439 4415 4405 3405 4427 171 4433 266 261 7113 189 4431:1.570167017e9
4441 185 4437 4435 7063 181 4415 4405 4427 4429 4433 266 261 7113 189 7093 171 4941:1.570575599e9
4441 4941 185 4437 4435 7063 181 4415 4405 3405 4427 171 4433 18 261 266 7113 189 7093 4431:1.596492945e9
4441 185 4437 4435 7063 181 4415 4405 3405 4427 4429 4433 18 261 266 7113 189 7093 171 4431:1.57192611e9
4441 4941 185 4437 4435 7063 181 4415 4405 3405 4427 4429 4433 266 261 171 189 4431:1.658104777e9
4441 185 4437 4435 7063 181 4439 4415 4405 3405 4427 4429 4433 266 261 7113 189 7093 171 7103 4941:1.576240671e9
4441 185 4437 4435 7063 181 4439 4415 4405 3405 171 4429 4433 18 261 266 189 7093 4941:1.583813343e9
4441 4941 185 4437 4435 7063 181 4439 4415 4405 3405 4427 4429 4433 18 261 266 189 171 7103 4431:1.569638808e9
4441 185 4437 4435 7063 181 4415 4405 3405 4427 4429 4433 18 266 7113 189 7093 171 4941:1.562639701e9
4441 4941 185 4437 4435 7063 181 4439 4415 4405 3405 4427 4429 4433 18 261 266 189 7093 171 4431:1.636096551e9
4441 185 4437 4435 7063 181 4439 4415 4405 3405 171 4429 4433 266 261 7113 189 4941:1.606025995e9
4441 4941 185 4437 4435 7063 181 4415 4405 3405 4427 4429 4433 18 266 7113 189 171 4431:1.576714075e9
4441 185 4437 4435 7063 181 4439 4415 4405 3405 171 4429 4433 18 261 266 7113 189 4941:1.582008111e9
4441 4941 185 4437 4435 7063 181 4439 4415 4405 3405 4427 171 4433 266 261 7113 4431:1.590182807e9
4441 185 4437 4435 7063 181 4415 4405 3405 4427 4429 4433 18 261 266 7113 189 171 4941:1.615478941e9
4441 4941 185 4437 4435 7063 181 7083 4439 4415 4405 3405 4427 4429 4433 266 261 171 7093 4431:1.569180823e9
4441 4941 185 4437 4435 7063 181 4439 4415 4405 3405 4427 171 4433 266 261 7113 7093 4431:1.589561357e9
4441 4941 185 4437 4435 7063 181 7083 4439 4415 4405 3405 4427 4429 4433 266 261 7113 171 4431:1.565848403e9
185 4437 4435 7063 181 4439 4415 4405 3405 4427 4429 4433 266 261 7113 189 7093 171 4941:1.584803819e9
4441 185 4437 4435 7063 181 4439 4415 4405 3405 4427 4429 4433 18 266 7113 189 7093 171 4941:1.567554181e9
4441 185 4437 4435 181 4439 4415 4405 3405 4427 4429 4433 266 261 7113 189 171 4941:1.581679056e9
4441 4941 185 4437 4435 7063 181 7083 4439 4415 4405 3405 4427 4429 4433 18 261 266 189 171 4431:1.565909627e9
4941 185 4437 4435 7063 181 4415 4405 3405 4427 4429 4433 266 261 7113 189 171 4431:1.595360617e9
4441 185 4437 4435 7063 181 4439 4415 4405 4427 4429 4433 266 261 171 189 4941:1.576752913e9
4441 185 4437 4435 7063 181 7083 4439 4415 4405 3405 4427 4429 4433 266 261 171 189 7103 4941:1.579866684e9
4441 4941 185 4437 4435 7063 181 4439 4415 4405 3405 4427 171 4433 266 261 189 4431:1.630276327e9
4441 4941 185 4437 4435 7063 181 4415 4405 3405 4427 4429 4433 18 261 266 7113 189 171 4431:1.628555095e9
4441 4941 185 4437 4435 7063 181 4439 4415 4405 3405 4427 171 4433 266 7113 189 7093 4431:1.572139889e9
7083 4415 4405 3405 4427 171 266 189 4431 4441 185 4437 4435 7063 181 4439 4429 4433 18 261 7093 4941:1.562674189e9
4441 185 4437 4435 7063 181 4439 4415 4405 3405 171 4429 4433 18 261 266 189 4941:1.585965958e9
4441 4941 185 4437 4435 7063 181 4415 4405 4427 4429 4433 18 261 266 7113 189 171 4431:1.563268705e9
4441 185 4437 4435 7063 181 4439 4415 4405 3405 4427 4429 4433 18 261 266 7113 189 7093 171 4431:1.57695693e9
4441 4941 185 4437 4435 7063 181 4439 4415 3405 4427 4429 4433 266 261 7113 189 171 4431:1.600630932e9
4441 4941 185 4437 4435 7063 181 4439 4415 4405 3405 4427 4429 4433 18 261 266 189 171 4431:1.639774388e9
4441 4941 185 4437 4435 7063 181 4439 4415 4405 3405 4427 4429 4433 18 3404 261 266 189 171 4431:1.57263944e9
4441 185 4437 4435 7063 181 4439 4415 4405 3405 4427 171 4433 266 261 7113 189 4941:1.614924035e9
4441 4941 185 4437 4435 7063 181 4439 4415 4405 3405 4427 4429 4433 18 266 171 189 7093 4431:1.583586863e9
4441 185 4437 4435 7063 181 4439 4415 4405 3405 171 4433 266 261 7113 189 7093 4941:1.572361039e9
4441 185 4437 4435 7063 181 4415 4405 3405 171 4429 4433 266 261 189 4941:1.600890653e9
4441 185 4437 4435 7063 181 4439 4415 4405 3405 4427 4429 4433 266 3404 261 189 7093 171 4941:1.565295556e9
4441 4941 185 4437 4435 7063 181 4415 4405 3405 4427 4429 4433 266 261 7113 189 4431:1.566493567e9
4441 4941 185 4437 4435 7063 181 4415 4405 3405 4427 4429 4433 266 3404 261 7113 189 171 4431:1.571921559e9
4441 4941 185 4437 4435 7063 181 7083 4415 4405 3405 4427 4429 4433 266 261 171 189 7103 4431:1.587575508e9
4441 4941 185 4437 4435 7063 181 4415 4405 3405 4427 4429 4433 18 266 171 189 4431:1.580461806e9
4441 4941 185 4437 4435 181 4439 4415 4405 3405 4427 4429 4433 266 261 171 189 4431:1.595144686e9
4441 185 4437 4435 7063 181 4439 4415 4405 3405 171 4429 4433 266 261 7113 4941:1.566837955e9
4441 4941 185 4437 4435 7063 181 4415 4405 3405 4427 4429 4433 266 171 7113 189 4431:1.600412193e9
4441 185 4437 4435 181 4415 4405 3405 4427 4429 4433 266 261 7113 189 7093 171 4941:1.574817766e9
4941 185 4437 4435 7063 181 4439 4415 4405 3405 4427 171 4433 266 261 7113 189 7093 4431:1.567177367e9
4441 185 4437 4435 7063 181 4415 4405 3405 4427 4429 4433 266 261 7113 189 7093 171 4941:1.638064319e9
4441 4941 185 4437 4435 7063 181 4415 4405 3405 171 4429 4433 266 261 4431:1.572654295e9
4441 185 4437 4435 7063 181 4415 4405 3405 4427 4429 4433 266 171 7113 189 7093 4941:1.584544391e9
4441 4941 185 4437 4435 7063 181 4415 4405 3405 4427 171 4433 266 261 7113 189 4431:1.623458165e9
4441 4941 185 4437 4435 7063 181 4439 4415 4427 4429 4433 266 261 7113 189 7093 171 4431:1.576872553e9
4441 4941 185 4437 4435 7063 181 7083 4439 4415 4405 3405 4427 4429 4433 266 261 171 7103 4431:1.563604385e9
4441 185 4437 4435 7063 181 4439 4415 4405 3405 4427 171 4433 18 261 266 7113 189 4941:1.590389641e9
4441 185 4437 4435 7063 181 4415 4405 3405 4427 171 4433 266 261 7113 4941:1.570462415e9
4441 4941 185 4437 4435 7063 181 4439 4415 4405 3405 171 4429 4433 18 261 266 189 4431:1.599609718e9
4441 185 4437 4435 7063 181 4415 4405 3405 4427 4429 4433 266 261 171 189 4431:1.599094351e9
4441 4941 185 4437 4435 7063 181 4415 3405 4427 4429 4433 18 261 266 7113 189 7093 171 4431:1.570597257e9
4441 4941 185 4437 4435 7063 181 4439 4415 3405 4427 4429 4433 18 261 266 7113 189 7093 171 4431:1.575511737e9
4441 4941 185 4437 4435 7063 181 4439 4415 4405 3405 4427 4429 4433 266 171 7113 189 7093 4431:1.603277189e9
4441 4941 185 4437 4435 181 4439 4415 4405 3405 4427 4429 4433 18 261 266 189 171 4431:1.576541627e9
4441 4941 185 4437 4435 7063 181 4439 4415 4405 3405 4427 171 4433 266 261 7113 189 4431:1.628834555e9
4441 4941 185 4437 4435 7063 181 4415 4405 3405 4427 4429 4433 18 261 266 171 4431:1.582710295e9
4441 4941 185 4437 4435 7063 181 4439 4415 4405 3405 4427 171 4433 266 261 7113 189 7093 4431:1.625659817e9
4441 4941 185 4437 4435 7063 181 7083 4439 4415 4405 3405 4427 4429 4433 266 261 171 189 7093 4431:1.597406648e9
4441 4437 4435 7063 181 4415 4405 3405 4427 4429 4433 266 261 171 189 7093 185:1.58110929e9
4441 4941 185 4437 4435 7063 181 4415 4405 3405 4427 4429 4433 266 261 7113 171 4431:1.617464987e9
4441 4941 185 4437 4435 7063 181 7083 4439 4415 4405 3405 4427 4429 4433 266 261 171 189 7103 4431:1.592447928e9
4441 185 4437 4435 7063 181 4439 4415 4405 3405 4427 4429 4433 18 261 266 171 7093 4941:1.573076013e9
4441 4941 185 4437 4435 7063 181 4439 4415 4405 3405 4427 4429 4433 266 261 189 7093 4431:1.568857916e9
4441 4941 185 4437 4435 7063 181 4439 4415 4405 3405 171 4433 18 261 266 189 7093 4431:1.566554541e9
4441 185 4437 4435 7063 181 4415 4405 3405 4427 171 4433 18 261 266 7113 189 7093 4941:1.583767245e9
4441 185 4437 4435 7063 181 4439 4415 4405 3405 4427 171 4433 266 261 189 7093 4941:1.612487651e9
4441 4941 185 4437 4435 7063 181 4415 4405 3405 171 4429 4433 266 261 7113 189 4431:1.614560125e9
7083 4415 4405 3405 4427 171 266 189 185 4441 4437 4435 7063 181 4439 4429 4433 261 7113 7093 7103 4941:1.569546423e9
4441 4941 185 4437 4435 7063 181 4415 4405 3405 4427 4429 4433 18 261 266 7113 7093 171 4431:1.579153208e9
4441 4941 185 4437 4435 181 4415 4405 3405 4427 4429 4433 266 261 7113 189 7093 171 4431:1.588432354e9
4941 185 4437 4435 7063 181 4439 4415 4405 3405 4427 4429 4433 18 261 266 7113 189 171 4431:1.577037675e9
