402 493 33 990 578 842 424
260 493 990 578 198 424 842 73 522
70
402 493 33 990 194 842 73 424 522
260 695 898 990 71 492 355 286 780 575 198 468
260 402 33 194 842 198 424 527 522
547 481 72 280 59 243 511 854 753 358 606 355 765 116
493 990 198 424 527 522
754
176 636 216 7 950 920 631 221 159 835 785 307 675 981
402 990 578 198 424 73
695 990 71 492 511 9 842 286 780 198 355 468 162
260 695 898 990 71 141 492 842 780 198 355 468 162
402 493 33 578 842 424 527 73
33 990 194 578 842 424 522
402 493 33 73 198 424 522
33 194 842 73 424 527 522
695 898 990 71 141 9 842 286 780 575 198 468 355 162
176 636 216 7 950 920 631 221 835 881 785 511 336 675
493 33 990 194 73 522
990 578 198 424 842 73 522
260 695 898 990 71 141 492 842 286 780 468 162
260 33 990 578 198 842 527 73 522
695 898 990 71 492 511 9 355 286 780 575 468 162
260 695 898 990 141 492 511 842 286 198 468 162
493 33 990 842 198 73
695 898 990 71 492 511 355 286 780 575 198 468
33 990 424 522 493 194 578 198 842 527 73
402 33 990 194 842 198 424
402 33 990 842 198 527 73 522
260 402 33 842 73 527 522
402 990 842 198 527 73 522
260 493 33 990 194 578 527 522
260 695 990 71 141 492 842 286 780 575 198 468 355
695 898 990 492 9 842 286 780 575 198 468 355
493 33 990 194 578 198 424 842 73 522
260 695 898 990 71 492 9 842 286 780 575 198 468
260 493 33 73 527 522
493 33 990 578 198 424 842
194 842 198 424 73 522
260 402 493 33 194 578 198 424
260 33 424 522 493 194 578 198 842 527 73
402 33 578 842 424 527 73 522
884
402 33 990 578 198 424 842 527 73
260 402 493 33 990 578 73 424 522
547 481 72 767 28 280 59 243 854 358 355 389 765 116
898 990 71 141 492 511 9 842 286 780 575 198 468 355 162
176 636 216 7 950 920 631 221 835 785 336 981
260 402 33 990 194 73 198 424
33 990 194 842 424 522
402 990 194 73 424 527 522
260 695 898 990 71 141 492 286 780 575 198 468
547 481 72 767 280 243 511 854 753 358 606 355 116
547 481 72 767 28 280 243 511 854 606 355 389 116
260 493 33 990 194 73 424
402 493 33 578 198 424 842 527 73
493 33 990 578 842 424 527 73
260 695 990 71 141 492 511 9 842 286 780 198 355 468
695 898 990 141 492 511 842 286 780 575 198 355
260 695 898 492 9 842 286 780 575 198 355 162
402 493 990 578 198 424 842 527 73 522
695 898 990 71 842 286 780 575 198 468 355 162
260 402 493 33 194 73 424 522
493 33 194 73 198 424 527
260 402 33 990 424 522 493 194 578 198 842 527 73
547 481 28 280 243 854 753 358 606 389 355 765 116
260 695 898 990 141 511 9 355 286 780 575 198 468 162
260 402 33 990 194 73 198 424 522
402 493 33 990 194 578 198 424
402 493 33 990 194 578 842 424 527
492 695 898 990 842 286 198 355 141 162
260 695 898 141 492 9 842 286 575 198 355 468 162
33 990 73 198 424 522
260 695 898 990 492 511 9 355 286 780 198 162
260 402 33 990 194 842 73 527 522
260 695 898 990 141 492 511 842 286 780 575 198 468
402 493 33 990 194 198 527 522
402 493 33 578 198 424 527 73 522
547 481 767 28 280 59 243 854 358 606 389 355 765 116
260 695 898 990 71 141 492 511 842 286 198 355
260 695 990 492 9 842 286 198 355 468 162
260 695 898 990 71 141 492 9 355 780 575 198 468 162
260 493 990 194 578 842 424 73 522
260 493 33 578 198 424 842 527 522
176 636 216 7 950 920 631 221 835 881 785 336 307 675 981
