260 695 990 71 842 286 780 575 198 468 355 162
260 695 898 990 492 9 842 286 198 355 468
260 695 990 71 141 492 511 9 842 286 780 575 198 468 162
492 695 898 990 842 286 575 198 355 468
402 493 990 194 578 198 73 522
402 493 194 842 73 424 527
695 898 990 71 141 492 511 9 355 286 780 575 198 468
402 33 842 198 73 522
260 493 33 194 842 73 424
176 636 216 7 920 631 221 159 835 785 511 336 307 981
260 898 990 141 492 9 842 286 575 198 355 468 162
260 493 33 990 194 842 198 424 73
33 73 424 527 522
260 695 898 990 71 492 9 842 286 780 355 162
260 695 898 71 492 9 842 286 780 575 198 468 162
260 402 990 194 842 198 73 522
547 481 72 280 59 243 511 854 753 606 389 765 116
260 695 898 990 141 492 511 842 286 198 355 162
260 990 194 842 198 527 73 522
260 402 990 194 578 198 424 842 522
176 636 216 7 950 920 631 221 530 159 835 785 511 336 307 981
176 636 216 7 950 920 631 221 835 785 511 336 307 675 981
402 33 990 578 198 424 842 73
547 481 72 767 280 59 243 854 358 606 389 355 765 116
547 481 72 767 28 280 59 243 854 753 358 606 389 355 765 116
260 990 194 842 198 424 527 73
260 695 898 990 71 141 492 511 842 286 198 355 162
547 481 72 280 243 511 854 753 358 606 389 116
260 695 898 990 492 511 9 842 286 575 198 355 162
547 481 72 28 280 59 243 511 854 358 606 355 765 116
260 898 990 141 492 9 842 286 780 575 198 355 162
260 695 990 492 9 355 286 780 198 468 162
260 402 493 33 990 578 198 842 73 522
547 481 72 28 280 243 511 854 753 358 606 389 765 116
547 481 72 280 243 854 753 606 355 389 765 116
695 898 990 71 492 9 842 286 780 198 355
260 695 898 990 141 492 9 842 286 780 198 355
260 493 33 990 194 578 198 424 842
260 695 898 141 492 511 9 842 286 575 198 355 468 162
695 898 990 71 141 492 9 842 286 780 198 355
176 636 216 7 950 920 631 221 835 881 785 511 336 307 675 981
402 33 990 842 73 527
695 898 990 141 842 286 780 575 198 468 355
260 695 898 990 71 492 842 780 575 198 355 468 162
402 493 33 990 194 578 198 842
260 402 493 194 73 198 424 527 522
260 695 990 71 141 492 842 286 780 575 198 468 162
260 402 842 73 424 527 522
547 72 767 28 280 243 854 753 358 606 389 355 765 116
493 33 990 842 73 424
695 990 71 492 842 286 780 575 198 468 355
260 402 493 33 194 842 198 424 73 522
402 493 990 194 842 198 424 522
260 33 990 578 198 424 842 527 522
547 481 72 28 280 59 243 511 854 606 355 116
402 493 33 578 198 424 842
260 493 33 990 194 198 527 522
260 695 990 71 141 492 511 9 355 286 780 575 198 468 162
260 402 33 578 73 527 522
402 493 33 990 194 578 198 424 527 73
402 33 73 424 522
260 402 493 33 990 73 198
547 72 767 280 243 854 358 606 389 355 765 116
493 33 842 198 424 527 73 522
260 493 194 842 198 424 527 522
260 33 990 194 198 424 527
260 402 493 33 578 424 522
260 695 898 990 71 141 492 511 9 286 780 198 468 162
260 695 990 141 492 842 286 780 198 355 468
260 402 990 194 578 198 424 842 73
547 481 767 280 59 243 854 753 358 606 355 765 116
