684 1456 1140 441 1527 917 1439
464
1538
558
1419
438 937 355 1120 1048 958
47 1045 197 719 763 76
501
813
1534
1286
1098
270
443
1046 1412 1516 863 1323 447 281
607
208 25 753 1429 71 640
371
1367 1171 728 1427 1044 1543
773 912 446 1482 490 706
477
1473
934
897
204
753
392
401
1031
218 1400 728 1171 1427 1044 1543
729 486 1315 510 1332 1282 1432 1459
341
453
1401
722
397 1092 1229 1179 87
944
803
586
535
684 1456 1140 441 917 1439
766
1373 773 1096 620 1077 321 594 327 1342 617
1080
807
1017
773 912 1482 490 706
1073
103
1396
397 1092 237 1179 1229 87
1373 481 620 1077 594 773 1096 664 327 1342 617
550
578
218 1400 1367 1171 1427 1044 1543
1324 608
966 11 510 1353 1320 267 743
1295
918
452
1384
761
1057
1110
181
881 438 1364 937 355 1120 1048 958
285
618
1146
542
1469
1456 1140 441 1527 917
683
914
729 486 1315 510 1332 1282 1459
435
613
1510
1007
1036
863
1260
684 1456 1140 441 917 1439 584
729 486 1315 510 1332 1432 1459
776
923
258
218 1400 1367 728 1427 1543
1209
1056 1499 796 840
1221
1450
1525
1197
1026 1229 87 383 1342 1163
1365
5
1426 407 528 950 1093 390 478 382
1462
684 1456 441 1527 917
1504
895
1456 1140 441 1527 917 1439 584
190
494
174
1463
985
114
841
1390 1450 751
1382 1266 153 57 596
1250
826
1495
684 1140 441 1527 917 1439 584
448
858
1328
155
218 1367 1171 728 1427 1044 1543
326
219
1433 1510 707 1556
71
684 1140 441 1527 917 584
1203
889
1446 1229 87 383 1342 1163
251
26
1362
13
278
1438
1347
8
903
778
1173 171 1030 558 487 470
702
684 1140 441 1527 917 1439
1186 1446 1026 1229 87 383 1342 1163
20
387
684 1456 1140 441 1527 917
100
267 1409 417 1272
1186 1446 1229 87 383 1342 1163
