773 912 1482 490 236 706
484
881 438 1364 937 355 1120 1048 958
1305
637
25 574 753 1429 71 640
1083
486
1438
877
1456 1140 441 1527 1439 584
500
1005
1357
218 1400 1367 728 1427 1543
447
136
773 1096 620 321 594 327 1342 617
464
962
731
1056 1499 840
1509
270
1186 1446 1026 1229 87 383 1342 1163
709
760
890
881 438 937 355 1120 1048 958
1098
146
1512
218 1400 1367 728 1044 1543
1093
1373 773 481 620 1096 664 594 327 1342 617
1100
684 1456 1140 441 917 1439
1103
1173 1506 558 487 470
1328
515
728 1171 1427 1044 1543
951
624
362
551 1433 1510 707 1556 1489
57
1036
488
1173 1030 558 487 470
961
1341
1291
459
551 907 1433 1510 707 1556
1485
452
100
342
49
895
1349 1532 1460 767 850 956 218
1086
776
1368
401
1441
1173 1506 171 558 487 470
1029 563 1179 613
950
218 1400 1367 1171 1427 1044 1543
336
153
419
300 888 445 349 1531 439 17
