467
615
709
300 888 445 349 1531 439 17
813
1382
1433 1510 707 1556 1489
1057
407 1056 1499 840
1367
773 481 620 1096 664 321 594 327 1342 617
1373 773 1096 620 664 321 594 327 1342 617
442
780
1272
1344
500
288
1043
1269
773 481 620 1096 664 594 327 1342 617
607
47 1045 197 719 763 76
248
1173 1506 171 1030 558 487 470
501
1173 171 1030 558 487 470
936
1209
1550
1197 1324
1007
1013
1520
438 1364 937 355 1048 958
915
470
715
985
864
1349 1532 1460 767 850 956 218
767
351
773 912 446 1482 490 706
490
594
551 1433 1510 707 1556
1390
576
1092
891
1239 1382 1266 153 57
343
729 486 1315 510 1332 1432 1459
684 1456 1140 441 1527 1439 584
595 300 888 445 17 349 1531 439
773 1096 620 664 594 327 1342 617
185
1223
884
