56 29 36 38 31 60 58 62 40
34 56 29 58 9 42 62 3 40
64 56 29 58 52 40 34 36 9 62 3
56 29 36 58 9 42 62 40 48
64 5 56 29 25 58 52 60 40 48 34 9 42 62
64 56 29 7 58 72 40 36 31 42 62
5 56 29 7 58 60 40 48 9 42 62 3
64 56 29 25 58 52 60 66 40 48 34 9 62 3
56 29 7 36 58 9 60 62 40
56 29 58 31 42 66 62 40 48
56 29 36 52 31 60 62 40 48
56 29 36 38 9 60 52 62 40 48
5 56 34 7 29 36 52 60 58 66
5 56 34 7 29 62 40 48
64 5 56 7 25 29 60 66 40 34 36 62
5 56 34 29 58 52 9 60 62 48
5 56 29 58 52 60 66 40 44 31 42 62
56 29 25 58 52 60 46 40 48 34 36 62
64 5 29 7 25 52 60 66 40 34 36 9 42 62
64 5 56 7 29 52 60 40 48 36 9 62
56 29 7 58 52 72 60 40 48 31 42 62 3
64 56 29 7 25 58 40 34 31 9 42 62
56 29 52 72 60 66 40 34 31 9 42 62
5 56 29 7 58 52 72 66 34 31 42 62 3
5 56 34 36 52 31 60 58 62 3
64 5 56 7 58 60 66 34 31 42 62
5 56 29 7 58 52 72 60 66 40 48 31 9 42 62
5 56 7 58 52 60 46 66 40 34 36 9 62 3
5 56 29 25 58 52 60 46 40 34 36 42 62
64 56 29 7 58 52 60 46 40 48 34 31 9 42 62
64 56 29 7 58 52 60 66 23 48 40 36 31 9 42 62 3
34 56 7 58 38 9 60 62 40 48
64 5 56 7 25 29 52 60 58 40 34 36 31
56 29 58 52 72 60 66 40 34 36 31 9
64 56 29 58 60 66 40 48 44 36 62
64 29 7 58 52 72 60 66 23 34 31 9 42 62 3
64 29 7 58 52 72 60 40 34 36 31 9 42 3
56 29 7 25 58 52 66 34 36 31 62 3
56 7 36 52 60 58 40
64 5 56 7 29 58 52 72 66 40 48 34 36 31 42 62 3
5 29 58 52 60 66 40 34 36 31 62
29 7 58 31 9 60 66 62 3
64 5 56 29 58 60 66 40 48 34 31 9 62
34 56 29 36 58 60 42 3 40 48
64 5 29 7 58 60 40 36 38 42 62
64 56 29 7 25 58 52 60 46 40 36 42 62
56 29 52 9 66 62 40
64 34 29 7 25 36 60 42 62 40
64 56 29 7 60 40 34 36 31 42 3
64 56 29 58 52 60 23 48 34 31 42 62 3
64 56 29 7 58 60 40 34 44 36 42 62 3
5 56 29 7 60 46 66 40 34 36 31 62
5 34 29 36 58 31 9 66 62 40
56 29 7 58 52 60 66 40 48 34 54 62
64 56 29 7 58 52 40 48 36 31 42 62
5 29 7 58 52 60 46 40 34 38 62
5 56 34 7 29 38 52 66 62 40
5 56 29 7 58 52 66 40 48 34 31 3
64 56 29 7 58 52 40 34 31 9 62 3
5 56 29 7 58 52 72 60 66 40 31 9 42 62
64 56 29 58 52 66 40 48 34 31 62 3
5 56 29 7 58 72 60 66 34 36 62 3
34 29 36 52 9 60 66 62 40
5 56 29 7 52 40 34 36 31 42 62 3
5 56 34 7 36 58 60 66 3 40
5 56 29 7 58 52 60 23 40 34 36 31 42
64 56 34 29 36 58 31 60 66 62
5 56 29 58 52 66 40 48 34 36 3
34 29 7 52 72 31 60 42 62 40
56 29 7 58 60 17 40 48 36 9 62 3
56 29 58 72 60 66 48 34 36 42 62
64 5 34 29 58 52 9 60 66 40
64 5 56 7 25 29 52 60 66 40 36 31 42 62
64 56 29 7 25 58 52 60 46 40 48 36 42 62
56 29 58 60 42 62 40 48
64 56 29 58 52 72 60 66 40 48 34 31 9 42 62 3
64 5 56 29 58 40 34 36 38 9 42 62
64 56 29 7 58 52 60 46 66 40 31 62
64 29 58 52 60 46 66 40 34 36 31 42 62
64 56 29 58 9 60 42 62 40 48
34 56 29 58 9 60 42 62 40 48
64 29 7 25 58 52 72 60 66 40 34 31 42 62 3
64 56 29 7 52 72 66 40 34 42 62 3
64 5 56 34 29 36 52 31 62 40
64 5 56 29 58 52 60 23 40 31 62 3
64 56 29 58 52 72 46 60 66 40 34 42 62 3
64 5 56 29 58 52 31 62 3 40
5 56 29 58 52 72 60 48 34 36 62
5 56 29 7 58 52 60 66 34 42 62 3
64 5 29 7 52 60 66 40 34 31 9 42 62 3
5 29 58 9 60 42 66 62 3 40
64 5 56 7 29 58 52 62 40
5 56 29 7 58 52 60 46 40 36 62 3
56 29 7 25 58 52 66 40 34 36 42 62
5 29 7 58 52 72 66 40 34 36 31 42 62
64 5 56 7 29 58 60 40 48 31 9 42 62
5 56 29 7 52 60 66 48 34 36 31 9 42 62
64 5 29 52 60 66 40 48 34 36 31 42 62 3
64 5 56 7 29 58 52 60 40 34 62
5 56 29 58 72 60 66 40 36 31 9 42 62 3
64 5 29 7 58 52 72 46 60 66 40 34 42 62
5 56 29 25 58 52 60 66 40 48 34 9 42 62 3
64 56 7 25 58 60 40 48 34 36 9 62
64 29 7 36 58 31 60 62
34 56 7 36 38 9 58 62 40
5 29 7 52 60 66 40 34 38 62 3
34 56 29 7 25 58 9 60 66 40
5 29 58 52 60 62 40
56 29 58 72 60 66 23 40 34 31 9 42 62 3
56 7 25 58 52 60 66 40 48 34 62
5 56 29 58 72 60 66 40 48 34 31 62 3
34 56 36 52 31 9 60 62 40 48
56 29 25 52 60 66 40 48 34 36 62 74
5 56 29 7 25 58 52 72 60 66 40 34 36 31 42 62
56 29 7 52 60 36 31 9 42 62 3
5 56 34 7 58 60 42 62
56 29 7 36 52 60 42 66 62 3
34 56 29 58 52 31 9 40
64 56 29 52 72 60 66 40 36 31 9 42 62
34 56 29 36 52 58 62 40
5 29 52 60 40 48 34 36 38 9 62
5 29 7 58 60 40 34 36 38 31 9 62 3
64 5 56 29 58 52 60 46 40 34 9 62 3
56 29 7 58 60 34 36 31 9 62 3
29 7 58 60 23 48 40 36 31 42 62 3
5 56 29 7 58 52 46 40 36 42 62
64 56 29 7 58 52 60 23 40 36 31 42 62
56 29 7 36 60 66 74 62 40
56 29 58 52 60 40 48 34 44 36 31 42 62
56 36 58 31 9 60 62 40 48
5 56 29 7 58 60 40 48 34 44 36 9 42 62
64 56 29 7 25 58 52 60 46 66 40 48 34 36 62 3
64 5 29 7 58 52 60 48 34 36 31 9 42 62
64 56 29 7 58 72 66 23 40 34 36 31 62
64 5 56 7 29 58 52 72 60 40 48 34 36 42 62 3
64 29 7 25 58 52 60 66 40 42 62
64 56 7 58 52 72 60 40 48 34 31 42 62 3
56 29 7 52 66 40 48 34 36 42 62 3
64 5 56 7 29 58 52 72 60 66 40 34 36 31 9 62
64 5 29 7 25 58 60 40 48 34 42 62
5 56 29 38 9 60 52 66 62 40
