508 359 985 711 487 184:1.2952844e7
420:1.7542776e7
280:2.465802e7
493:1.6359948e7
795:1.4345092e7
335:1.442935e7
753:3.093981e7
508 359 985 711 487 739:1.319352e7
641:1.3025686e7
291:1.541475e7
947:1.3938795e7
32 812 266 349 598 160:1.2652868e7
160:1.4953974e7
830:1.5695108e7
352 152 415 174 391 488:1.240767e7
983:2.2671582e7
335 708 309 756 424 204 428:1.2209901e7
789:1.5003048e7
913:1.9966485e7
79 335 309 756 424 204 428 683:1.2354082e7
378:1.4992424e7
508 985 711 487 739 184:1.2741339e7
374:1.3738467e7
842:1.546359e7
323:2.19003e7
920 912 451 827 423:1.4093938e7
799 920 451 423:1.3306134e7
799 920 912 133 451 827:1.2922682e7
920 912 133 451 827 423:1.3733235e7
920 912 133 451 423:1.4050568e7
764:1.6909563e7
32:2.0339356e7
79 335 309 756 424 204 428:1.2823294e7
79 335 708 309 756 424 204 428:1.2733472e7
39:1.796412e7
914:2.008968e7
32 266 206 349 598 159 160:1.3168954e7
487:1.4634233e7
352 152 415 174 391:1.2228302e7
13:2.0913552e7
514 44 177 763 369 228:1.2470742e7
481:1.5775496e7
574:1.4719747e7
44:1.4729922e7
514 44 177 763 228:1.2413059e7
73:2.9839345e7
799 920 912 133 451 827 423:1.4734123e7
530:1.4972681e7
991 879 506 391 693 640:1.2274412e7
70:2.480316e7
32 812 266 206 349 598 160:1.3172721e7
868:2.0633547e7
539:2.09526e7
695:1.9386036e7
508 359 985 487 739 184:1.2746247e7
985:1.8849768e7
799 920 912 451 423:1.5517168e7
920 912 451:1.2328504e7
240:1.561876e7
677:1.4559204e7
575:1.4165095e7
920 451:1.3258809e7
799 920 912 451 827:1.3240916e7
799 920 133 451 423:1.2980562e7
178:1.9351462e7
74:2.017656e7
388:1.5464676e7
896:1.770041e7
146:1.5796352e7
753 218:1.3127005e7
305:1.51024e7
508:1.596969e7
907 409 305 863 900 211 573 816 106:1.2380361e7
34 152 2 11 574 804 621 344 323:1.3181223e7
204:1.885839e7
34 152 2 11 574 276 621 804 344 323:1.3471551e7
141:1.642278e7
34 152 2 11 574 344 621 323:1.2949756e7
34 152 2 11 574 276 621 344 323:1.3246282e7
922:1.3518495e7
359 985 711 487 739 184:1.2571673e7
32 812 266 206 349 598 159 160:1.3067765e7
920 912 451 423:1.445767e7
335 309 756 424 204 428:1.2300605e7
999:1.4696178e7
572:1.6329836e7
18:1.7483533e7
799 920 912 451 827 423:1.5091016e7
907 409 305 863 900 211 573 106:1.2409386e7
920:2.982512e7
428:1.3963521e7
799 920 451 827 423:1.3016688e7
598:1.4015768e7
32 266 349 598 160:1.2741411e7
79 335 708 309 756 424 204 428 801:1.2325766e7
799 920 912 133 451:1.3162515e7
599:1.5352368e7
34 152 2 11 574 276 621 323:1.262859e7
799 920 912 133 451 423:1.5116765e7
451:1.667451e7
747:1.7763236e7
549:1.4982477e7
347:1.7030935e7
32 266 206 349 598 160:1.3282108e7
799 920 133 451 827 423:1.2712865e7
34 152 2 11 574 276 621 804 323:1.2870332e7
799 920 912 451:1.3524043e7
32 266 349 598 159 160:1.2638454e7
79 335 309 756 424 204 428 801:1.2427026e7
508 359 985 711 487 739 184:1.4285789e7
34 152 2 11 574 804 621 323:1.2571167e7
34 152 2 574 804 276 621 344 323:1.239354e7
845:3.1443424e7
693:1.3597844e7
688:1.5613605e7
32 812 266 349 598 159 160:1.2556648e7
316:1.2366069e7
284:1.2973812e7
126:1.5935595e7
790:2.2749684e7
707:1.6836236e7
34 152 2 11 574 621 323:1.2323227e7
79 335 708 309 756 424 204 428 683:1.2290467e7
152:3.5961297e7
205:1.7421402e7
750:1.3307346e7
218:5.742735e7
884:1.538466e7
894:1.4999445e7
687:1.360005e7
208:1.2505008e7
