7083 4415 4405 3405 4427 171 266 189 4431 4441 185 4437 4435 7063 181 4439 4429 4433 18 261 7093 7103 4941
4441 4941 4437 4435 7063 181 7083 4415 4405 3405 171 4429 4433 266 261 7113 7093 7103 185
4441 185 4431 4437 4435 7063 181 4415 4405 3405 4427 4429 4433 18 171 189 4941
4415 4405 3405 4427 171 266 189 4431 4441 185 4437 4435 7063 181 4439 4429 4433 18 3404 261 7113 4941
4441 185 4431 4437 4435 7063 181 4415 4405 3405 4427 4429 4433 18 261 266 171 7093 7103 4941
4441 185 4431 4437 4435 7063 181 4439 4415 4405 3405 4427 4429 4433 18 261 266 7113 171 4941
4441 4431 4437 4435 7063 181 4415 4405 3405 171 4433 18 261 266 7113 189 7093 185
4441 185 4431 4437 4435 7063 181 4439 4415 4405 4427 4429 4433 266 171 7113 189 7093 4941
4441 185 4431 4437 4435 7063 181 4415 4405 3405 4427 171 4433 261 7113 189 4941
4441 4437 4435 7063 181 4439 4415 4405 3405 4427 4429 4433 266 3404 261 7113 189 171 185
4941 4437 4435 7063 181 4439 4415 4405 3405 171 4429 4433 266 261 7093 185
4441 4941 4437 4435 7063 181 4439 4415 171 4429 4433 266 261 189 7093 185
4441 185 4431 4437 4435 7063 181 4439 4415 4405 171 4429 4433 266 261 7113 189 7093 4941
185 4431 4437 4435 7063 181 4415 4405 3405 4427 4429 4433 266 171 7113 189 7093 4941
4441 4941 4437 4435 181 4415 3405 4427 4429 4433 266 261 7113 189 7093 171 185
4441 4941 4437 4435 7063 181 4439 4415 4405 3405 4427 4429 4433 171 7113 189 185
4441 185 4431 4435 7063 181 7083 4439 4415 4405 3405 4427 4429 4433 266 261 171 189 7103 4941
4441 4941 4437 4435 7063 181 4439 4415 171 4429 4433 266 261 7113 189 185
185 4431 4437 4435 7063 181 4439 4415 4405 3405 4427 4429 4433 18 266 7113 189 171 4941
4441 4941 4437 4435 7063 181 4439 4415 4405 3405 4427 4429 4433 18 171 189 7093 185
4441 4941 4435 7063 181 4415 4405 3405 4427 4429 4433 266 261 7113 171 185
4441 185 4431 4437 4435 7063 181 4415 4405 3405 4427 4429 4433 266 261 189 7103 4941
4441 4431 4437 4435 181 4439 4415 4405 3405 4427 4429 4433 266 261 171 189 7093 185
4441 185 4431 4437 7063 181 7083 4439 4415 4405 3405 4427 4429 4433 266 261 171 189 7093 7103 4941
4441 185 4431 4437 4435 7063 181 4415 4405 3405 4427 171 4433 18 266 189 4941
4941 4437 4435 7063 181 7083 4439 4415 4405 3405 4427 171 4433 266 261 7113 189 185
4441 4941 4437 4435 181 4439 4415 4405 3405 171 4433 266 261 189 7093 185
4441 185 4431 4437 4435 7063 181 4415 4405 3405 171 4429 4433 18 261 266 7113 7093 4941
4441 185 4431 4437 4435 7063 181 4439 4415 4405 3405 4427 4429 4433 18 261 266 171 7093 4941
4441 4437 4435 7063 181 4439 4415 4405 3405 4427 4429 4433 266 261 7113 189 171 185
4441 4431 4437 4435 7063 181 4415 4405 3405 4427 171 4433 266 261 7113 189 185
4441 185 4431 4435 7063 181 4415 4405 3405 171 4429 4433 266 261 189 4941
4441 4431 4437 4435 7063 181 4415 4405 3405 4427 4429 4433 266 261 7113 189 7093 171 185
185 4431 4437 4435 7063 181 4439 4415 4405 3405 4427 4429 4433 266 261 189 4941
4441 185 4431 4437 4435 7063 181 4439 4415 3405 4427 4429 4433 266 3404 261 7113 189 7093 171 4941
4441 4941 4437 4435 7063 181 7083 4439 4415 4405 3405 4427 171 4433 18 261 266 7113 189 7103 185
185 4431 4437 4435 7063 181 7083 4439 4415 4405 3405 4427 171 4433 266 261 7113 189 7093 7103 4941
4441 185 4431 4437 4435 7063 181 4439 4415 4405 3405 4427 4429 4433 18 261 266 7113 4941
4441 4941 4437 4435 181 4439 4415 3405 4427 4429 4433 266 261 7113 189 171 185
4441 185 4431 4437 4435 7063 181 4439 4415 4405 3405 4427 4429 4433 18 3404 266 7113 189 171 4941
4441 185 4431 4437 4435 7063 181 7083 4439 4415 4405 3405 171 4433 18 261 266 189 4941
4441 185 4431 4437 7063 181 4415 4405 3405 4427 4429 4433 266 261 7113 171 4941
4441 185 4431 4437 4435 7063 181 4415 3405 171 4429 4433 266 261 7113 189 4941
4441 185 4431 4437 4435 7063 181 4439 4415 4405 4427 4429 4433 18 261 266 7113 7093 171 4941
4441 185 4431 4437 4435 181 4415 4405 3405 4427 171 4433 18 261 266 7113 189 4941
