49 10 42 40
49 209
39 2239 42
33 2239 40
31 42
459
49 2344
49 272 226
1215
42 238
39 957 40
66 42
8731 49
49 42 102
49 1705 40
33 271
49 265 42 40
49 2200
2055
228 40
49 5729 2239
202 40
13 33
886
49 261 42
209 42 40
49 187
12492 40
39 49 414 40
238 259 40
49 375
1346
49 825
49 76 40
49 12960
10129
49 977 40
9502
176 49 33 40
465 40
49 33 593 40
1328 49 33
1931
49 33 16011 16012
416
49 33 414
38 42
49 399
49 1596
49 171 311 40
310 1270 1379 1381
4643
49 1136 33 40
49 249 40
49 2239 40
1147 49 3617
4171 40
813 33 40
49 3868
49 171 90 40
49 302 33
2555
40 480
39 2239
33 678 40
1498 40
49 24
90 102
2442
49 33 957 40
49 273
49 171 111 40
49 48
465
678 40
49 784 40
1328 39 49 40
49 704
39 42 80 40
505
230 49 42 40
176 49
39 49 238
39 49 171 476
49 226
49 2012
1328 39
39 391
49 773
310 40
49 33 784
49 1097
502 40
735 42 40
49 90 42 40
33 784
39 1199
49 42 385
3320 49
3617
49 1715 40
15037
1147 311
571 40
69
39 15833 40
176 49 843
11 40
49 20
38
1047 49 33 40
310 1270 40
39 49 186
1391
49 548
10940
2674
39 49 33 40 271
250 238
856 42
933
413
49 90 238 40
49 38 42 40
10552 10516 40
42 37
2003
49 33 1482
39 49 171 33 42
49 90 311
272 42
33 593
49 1333 40
108 40
49 2674
39 784 40
49 2384
39 3271
39 42 40
24 40
1380 310 1270
1860 33
49 3463
33 536
40 3775
49 678 40
922 40
272 271
230 49 33
49 2239 42 271
49 2136 42
259 40
3
49 12926 42 40
49 52
42 1716 40
582
2844
653
33 476 42 40
49 42 2169
479
489
49 33 42 148
39 42 111
2966
977 118 40
49 1514 40
49 465 42
171 111
49 40 398
49 13042 40
49 2327
549 42 40
49 1105 40
15619 42 40
61 42
