56 114 94 90 24 63 45 2 38 97 36 42 120:3.9425925e7
94 97 38 36 90 120:3.8778035e7
56 114 94 24 63 45 2 38 97 36 42 120 100:3.8989456e7
94 36 38 90 120:3.803653e7
56 114 94 24 63 45 2 38 97 36 42 120:3.7405461e7
56 114 94 90 24 63 2 97 38 36 42 120 100:3.8487915e7
94 36 38 90:3.7573587e7
56 114 94 90 24 63 45 2 38 97 36 42 120 100:4.100992e7
56 114 94 24 63 45 2 38 36 42 120 100:3.8221333e7
114 94 90 24 63 45 2 38 36 42 120 100:3.7605169e7
56 114 94 90 24 63 45 2 97 36 42 120:3.742248e7
56 94 90 24 63 45 2 38 97 36 42 120:3.7344561e7
94 67 36 88 90:3.8029366e7
94 97 36 90:3.7726371e7
56 114 94 90 24 63 45 2 97 36 42 120 100:3.9006475e7
56 114 90 24 63 45 2 38 97 36 42 120 100:3.9087538e7
56 114 94 90 24 63 45 97 38 36 42 120 100:3.7892647e7
56 94 90 24 63 45 2 38 36 42 120 100:3.8160433e7
94 97 38 36 90:3.8481167e7
56 114 90 24 63 45 2 38 36 42 120 100:3.8319415e7
56 114 90 24 63 45 2 38 97 36 42 120:3.7503543e7
56 94 90 24 63 45 2 38 97 36 42 120 100:3.8928556e7
56 114 94 90 24 63 45 2 36 42 120 100:3.8238352e7
56 114 94 90 24 63 2 36 38 42 120 100:3.7719792e7
94 97 88 36 90:3.7330455e7
56 114 94 90 63 45 2 38 97 36 42 120 100:3.78505e7
56 114 94 90 24 63 45 2 38 36 42 120:3.8657802e7
56 114 94 90 24 63 45 2 38 97 36 120 100:3.7410555e7
94 36 88 90:3.9490594e7
56 114 94 90 24 63 45 2 38 36 42 120 100:4.0241797e7
114 94 90 24 63 45 2 38 97 36 42 120 100:3.8373292e7
