695 898 990 71 141 492 511 9 842 286 198 355 468 162
481 767 28 280 59 854 358 355 389 765 116
835 785 176 636 7 950 920 675 530
260 695 898 990 842 198 575 141 468
176 881 785 511 336 920 307 981 631 221
547 481 28 280 59 511 854 753 358 355 389
481 72 767 28 59 243 511 854 753 358 606 389 355 765 116
636 216 7 950 530 631 221 159 835 881 785 511 307 981
260 695 898 990 141 511 9 842 780 575 198 468
492 260 511 695 898 842 355 575 141 162
59 243 358 606 355 767 765 116 280
59 243 481 358 606 767 116 280
547 243 481 753 511 358 606 355 280
511 695 990 9 286 780 141 162
547 854 72 389 28 116 280
59 243 481 753 606 355 767 765 116 280
152 361 336 827 693 74 382
547 481 753 72 606 389 28 765 116 280
260 695 990 9 71 286 575 198 141 162
835 881 176 216 7 950 920 511 631 221
