835 881 785 636 216 7 950 920 221
176 785 636 7 336 307 675 920 221 530
695 898 990 71 141 492 9 842 355 575 468 162
260 695 898 990 71 492 511 842 286 575 468
835 636 216 336 307 950 981 221 920
260 898 141 492 511 842 780 575 198 468 162
176 636 7 950 920 530 631 221 159 785 307 675
492 511 695 842 286 780 575 141 468 162
72 767 28 280 243 854 358 606 389 355 765 116
260 695 71 141 511 9 355 286 198 468 162
785 511 636 216 336 307 920 981 221 530
898 990 842 286 355 141 468 162
547 854 72 358 389 116 280
695 990 71 492 511 9 286 575 198 468 162
59 547 481 753 72 606 355 389 767 116
492 260 695 898 9 842 286 198 71
547 243 358 606 389 355 280
547 72 767 28 243 511 854 753 389 765 116
547 243 854 481 358 767 28 765 116 280
835 785 511 216 7 336 307 675 631 920
260 493 194 842 73 424 522
176 636 216 7 950 920 530 159 835 336 675
260 511 898 9 286 780 198 141 468
630 659 796 208 607 737 842 948 577 112 109
926 22 123 562 942 280
176 785 636 216 7 307 950 530 221 159
59 547 481 854 358 28 116 280
260 695 898 990 71 141 511 9 842 780 575 198 355 468
492 511 695 990 355 286 780 468 162
630 369 659 156 796 208 607 737 842 577 206 112 109
636 7 920 221 159 835 785 511 336 307 675
260 511 990 9 355 286 780 198 468
630 369 659 156 796 208 737 842 577 206 112
636 216 950 920 530 221 159 835 881 785 307 675 981
59 243 481 753 72 606 355 116 280
176 636 920 530 159 835 785 511 336 307 675 981
260 695 898 141 492 9 842 198 575 355 468 162
492 695 898 990 286 780 141 468 162
176 636 7 950 920 530 221 159 881 785 307 981
854 72 358 606 389 355 765 280
260 990 71 141 842 286 780 575 198 355 162
547 767 28 280 243 511 854 753 358 389 765
636 216 950 920 530 221 881 511 336 307 675 981
547 243 481 753 72 358 606 28 280
492 898 842 780 198 71 141 468 355
260 402 33 990 578 842 424 73
59 547 243 854 753 481 72 606 389 28
176 881 785 636 216 336 920 511 981
260 695 71 141 492 9 842 286 780 575 198 355 162
481 72 767 59 243 511 854 753 358 355 765 116
547 481 28 280 59 243 753 358 606 389 355 765
547 481 280 59 243 511 854 606 389 765 116
59 547 854 753 72 606 28 765 280
695 898 842 286 780 575 141 468
176 216 950 920 530 881 785 511 336 307 675
260 695 898 71 141 492 842 286 780 355 162
695 898 990 141 9 355 286 780 575 198 162
547 767 28 59 243 511 854 753 606 389 116
260 402 493 578 198 842 527
835 176 216 7 920 530 631 221
511 898 9 842 286 780 575 198 468 141
492 260 695 898 9 842 780 355 141 162
176 7 530 221 835 785 511 336 307 675 981
492 695 990 9 71 780 575 198 355 468
835 176 636 7 920 307 675 530 221
260 695 898 990 141 492 511 842 286 575 355 468 162
59 753 72 606 355 389 28 116 280
176 636 216 950 530 221 881 785 511 336 307 675
695 898 286 198 141 468 162
176 636 216 7 920 631 221 159 835 511 336 307 675 981
260 402 990 842 73 424 522
260 511 695 898 990 355 780 198 468 162
176 636 7 950 920 530 631 159 881 785 511 336 307 675 981
492 511 898 990 842 780 71 9 141 355
492 695 898 842 286 575 198 355 468 162
260 695 898 990 71 141 511 9 842 780 575 355 468 162
511 695 990 9 842 286 780 198 71 355
260 898 9 842 286 780 198 71 141
492 260 898 9 71 198 355 141 468 162
176 785 216 336 950 307 675 920 221 530
636 216 950 920 530 221 881 785 336 675 981
402 33 990 194 578 842 424 73 522
481 72 767 28 280 59 243 854 753 606 355 116
492 695 898 842 286 198 71 141 468
260 695 898 71 141 492 511 9 355 198 575
260 695 990 842 286 198 355 162
492 511 842 286 780 575 198 468 141 162
216 7 950 920 631 221 159 835 881 785 511 307 675
59 243 511 854 753 72 355 767 116 280
176 7 950 920 530 631 221 159 835 511 336 675
176 216 7 950 920 631 835 881 336 307 675
492 260 898 990 9 286 780 575 162
176 636 216 950 530 221 785 511 336 307 981
511 695 898 9 286 575 198 141 468 162
492 695 990 286 780 575 141 162
547 243 854 72 358 606 389 767 116
511 695 990 9 842 286 780 575 71 355
260 511 695 898 990 71 286 575 355
59 547 243 511 72 358 765 116 280
260 898 990 71 492 511 9 355 780 468 162
511 753 72 358 606 389 355 765 116 280
492 695 898 990 780 575 198 468
492 511 695 990 9 355 286 198 468 162
492 511 898 990 842 286 780 575 198 468
898 71 492 511 9 842 286 575 355 468 162
260 898 990 71 492 511 9 842 286 198 355 468
492 990 9 286 780 575 198 141
493 33 194 578 842 527 73 522
547 606 355 389 28 116 280
547 243 358 606 389 355 765 767 280
547 753 72 606 355 767 116 280
547 243 511 753 358 355 389 767 116 280
547 72 28 280 59 243 854 753 358 355 116
176 216 7 920 530 631 221 159 835 881 336 675 981
59 243 481 854 753 358 606 765 116 280
176 216 7 950 920 530 631 835 785 511 336 675 981
547 481 72 767 28 280 59 243 358 389 765
176 785 511 636 7 336 307 920 631
547 767 28 280 59 243 511 753 358 606 389 355 765
785 216 7 920 307 675 631 221
59 547 481 511 358 606 767 765 116 280
59 547 481 854 511 358 606 389 765 280
547 854 753 72 358 606 767 765 116 280
883 681 689 412 830 181 723 659 820 662 859
176 881 785 636 7 950 920 675 631 221
547 243 854 511 358 606 767 765 280
176 636 216 7 950 920 159 835 785 307 675
695 141 492 511 9 355 780 575 198 468 162
695 990 355 286 780 575 468 162
59 547 243 854 753 606 355 389 765 116
636 7 950 920 631 221 159 785 336 307 675
492 260 695 9 71 780 198 355 468
176 950 920 530 221 835 881 785 511 336 307 675
176 636 216 7 950 920 221 881 785 336 675
176 636 216 950 920 159 785 511 336 307 675
260 402 493 990 194 198 424 522
835 636 216 7 336 920 981 631 221 530
695 990 71 286 355 141 162
492 260 695 898 990 71 355
59 511 854 606 355 28 116 280
59 854 753 72 358 606 389 116 280
481 767 28 280 511 753 358 606 389 765 116
492 260 695 9 842 780 198 355 468 162
630 659 156 796 208 737 842 948 577 112 109
492 260 511 990 9 842 198 575 141 468
243 753 72 358 767 28 765 116 280
547 481 767 28 59 243 753 358 606 389 765 116
898 990 842 286 198 9 162
72 767 28 280 511 854 753 358 606 355 116
176 636 950 920 631 221 159 511 307 675 981
260 695 71 141 492 511 9 842 780 575 355 162
59 547 243 854 753 511 765 116 280
835 881 785 636 7 950 920 631 221 159
176 636 216 7 530 221 159 835 881 785 511 307 981
835 176 636 216 336 950 675 920 530 159
492 260 898 990 71 286 575 355 141
547 481 72 767 28 854 753 606 355 389 116
260 695 990 71 141 492 511 842 286 575 198 468 162
59 547 854 72 358 606 389 116 280
260 511 898 990 842 780 198 71 468 162
260 695 898 71 286 198 141 162
492 695 898 842 198 71 468 162
260 695 898 71 141 511 9 842 286 780 575 198 162
176 216 920 631 221 159 835 785 511 307 981
695 898 71 492 511 842 198 575 355 468 162
492 695 842 286 780 198 141 468 355
547 481 72 767 280 59 854 753 358 606 116
176 785 511 636 216 920 530 981 159
152 361 336 105 827 74 685
59 243 511 854 72 358 355 389 28 280
176 785 511 7 336 920 530 631 221 159
547 481 767 28 280 511 854 358 606 389 355 765
208 630 607 948 206 659 156 112
176 636 216 7 920 631 221 835 881 336 307 675 981
208 630 607 737 842 577 659 112 109
176 789 905 105 206 351 594 553 448
176 785 636 216 336 307 530 981 631 221
695 898 990 71 286 9 141
630 659 156 796 208 607 207 737 948 112 109
59 243 481 753 72 358 355 28 116 280
216 950 920 631 221 881 785 511 307 675 981
176 785 636 216 7 307 920 981 530 159
492 9 71 286 780 575 198 468 355
492 695 990 355 286 780 575 198 468 162
492 260 511 898 990 842 9 355 468 162
260 495 754 469 603 776 800
481 72 767 28 280 59 511 753 358 355 765 116
547 481 72 280 59 243 511 854 358 606 389 355 765 116
260 695 898 71 141 9 842 286 575 355 468 162
260 493 33 990 842 198 527 73
785 511 636 216 7 336 675 981 920
105 530 827 382 152 361 336 237 693 74 348
260 511 695 842 286 575 198 468 162
547 243 511 72 358 389 28 765 116 280
636 216 7 950 631 221 159 835 881 785 511 336 307
547 481 767 243 854 753 358 355 389 765 116
835 785 176 636 920 511 307 631 221 159
