333 1159 672 921 1154 416:22270.0
1173 171 558 470:23278.0
1543 1400 728 1171 1427 218:27767.0
1396 1373 607 797 408:24260.0
94 1024 404 1236 287 414 1340 1512 1436:22258.0
976 277 753 520 1292:23590.0
1473:29309.0
772 1281:22189.0
1523:28372.0
1373 773 1096 1077 321 594 327 617:22574.0
1038 195 1005 1510 967 428 651:22609.0
773 620 1077 664 594 1342 617:22827.0
1373 773 481 620 1077 664 594 327 617:22145.0
1186 404 1236 287 1340 271 237 414 244 1512 1436:23132.0
94 1186 404 1236 287 1340 271 1024 237 414 244:22320.0
773 481 620 664 594 1342 617:22940.0
794:23790.0
1024 1446 1236 237 404 287 244 414 1340 1512:24554.0
281:47619.0
1396 1373 607 797 720 408:25512.0
94 1186 404 1236 287 271 1024 237 414 244 1512:23298.0
1366:25803.0
590:29412.0
94 1186 1024 404 1236 287 414 244 1340 1512:22482.0
1373 773 481 1096 1077 594 327 1342 617:25316.0
1373 773 1077 664 321 594 1342 617:22342.0
773 481 1096 1077 664 594 327 617:22710.0
1534:43750.0
333 1159 921 1537 1154 416:22555.0
379:24174.0
480:41100.0
1373 773 1096 620 1077 664 321 594 327 617:24839.0
988 772 1431 1281:22631.0
937 1364 355 1120 1048 958:25482.0
355:64202.0
551 1433 1510 707 1489:23743.0
779 783 962 1161 130:24754.0
484 161 1526 1480 471:22433.0
610:40255.0
841 1251 86 99 602 76:28542.0
1543 1400 728 1171 1427 1044 218:33907.0
252:24624.0
1268 182 1295 37 625:23177.0
365:37620.0
94 1024 404 1236 237 414 244 1340 1512 1436:22288.0
94 1186 1446 1236 287 1340 271 237 414 244 1512 1436:22948.0
1123 1412 863 1323 447 281:23370.0
947 1197 608:22314.0
881 937 1364 355 958:23280.0
1550 308:26127.0
1046 1123 1516 863 1323 447 281:23915.0
1485:29403.0
773 620 1077 664 594 327 1342 617:24715.0
910 1293:22968.0
1543 1367 1171 1427 1044 218:27579.0
1373 773 594 327 1342 617:22479.0
1289 873 1472 347:23733.0
333 1159 910 1076 970 100:25442.0
1436 1024 404 1236 287 414 244 1340 1512 271:22634.0
773 481 1096 664 321 594 1342 617:24493.0
11 1353 1320 1282 267 743:23535.0
808:31176.0
49:59893.0
773 1096 620 664 594 1342 617:24894.0
94 1186 1446 404 1236 287 1340 1024 414 244 1512 1436:23550.0
69:43706.0
1543 1400 728 1427 218:26027.0
1223 1426 1376 1289 434 181 284:22554.0
966 1320 510 1353 267 743:26199.0
1433 1510 707 1556 1489:31724.0
684 1456 441 1527:23040.0
966 1320 1353 267 743:23547.0
1324 608:27933.0
168:32385.0
1186 1229 87 383 1342 1163:26546.0
929:22825.0
1289:34169.0
341:29960.0
1396:51480.0
86 99 602 292 76:22222.0
976 1419 1292 470 637:24303.0
1373 481 620 1077 321 594 773 1096 664 327 1342:23926.0
773 620 664 594 327 1342 617:24496.0
578:28249.0
1373 773 1096 664 321 594 327 1342 617:26297.0
1227 937 1077 611 661 954:22808.0
94 1186 1446 404 1236 287 1024 237 414 1512 1436:23334.0
1531:31296.0
1312 1268 182 37 625:23358.0
813:31500.0
835 824 625 1351:22253.0
1378 962 1161 130:22618.0
62:38600.0
976 1419 233 1292 470 637:24507.0
349 1531 439 17:22503.0
779 783 962 1378 130:24956.0
966 11 1353 1320 267 743:24352.0
835:35773.0
1543 1367 728 1044 218:27125.0
705:44730.0
277:58926.0
1511:64636.0
773 594 327 1342 617:22231.0
45:23100.0
881 438 937 355 958:24817.0
1260 511 341 24 1243 1360 1210:25318.0
1320 288 365 964:22692.0
551 907 1433 707 1556:25637.0
773 1096 620 1077 664 594 327 1342 617:27001.0
94 1446 1236 287 1340 271 237 414 244 1512 1436:22868.0
10:44766.0
1173 1506 171 1030 558 487 470:28732.0
826 710 676 726 1049 439:24984.0
1128:42441.0
1543 728 1427 218:25307.0
1024 1446 1236 237 404 287 414 1340 1512:23822.0
1317:40320.0
1367 678 1017 761 1267 645:22362.0
1186 1024 404 1236 237 287 414 244 1512 271:22642.0
1239 1382 153 57 596:27768.0
123:44010.0
1229 87:25862.0
1456 1140 441 1527 1439 584:27496.0
773 481 620 1096 1077 664 321 594 617:23035.0
1053:33800.0
59 49 486 168 575:22321.0
1092:44712.0
140:44400.0
1543 1400 1427 1044 218:24231.0
976 117 1419 1292 470 637:24607.0
1457:45360.0
742:28050.0
94 1024 1446 1236 237 404 287 414 1512 271:22966.0
1373 773 481 620 1096 321 594 1342 617:25422.0
445 349 17 439 595:22334.0
620:36825.0
1373 773 481 1096 1077 594 327 617:22166.0
94 1186 1024 1236 237 287 414 1340 1512 1436:23346.0
773 481 1077 594 327 1342 617:22782.0
1518:53192.0
883:33372.0
924 1223 1373 1344 281 1128 1084:25435.0
94 1186 1236 287 1340 271 237 414 244 1512 1436:22468.0
966 1320 1353 267 1282:22375.0
1186 1236 287 1340 271 1024 237 414 244 1512 1436:23722.0
511 341 24 1243 1360 1210:22623.0
300 888 349 1531 439 17:24915.0
966 11 1353 1320 1282 267:23180.0
1456 441 1527 917 1439 584:27754.0
94 1186 1446 404 1236 287 1340 1024 237 414 244 1436:23088.0
1462:29862.0
773 481 620 594 1342 617:22148.0
352 336 36 725 895 625 958:22980.0
55:34848.0
382:71656.0
397 1092 1229 1179:23104.0
773 1077 664 321 594 327 1342 617:23982.0
1186 1024 1446 1236 237 404 287 414 1340 1512:23902.0
1373 773 481 620 1096 1077 594 327 617:23639.0
1433 707 1556 1489:23932.0
773 912 446 1482 490 236:24906.0
1436 404 1236 237 287 414 1340 1512 271:22320.0
1367 678 1504 1017 761 1267 1394:24653.0
94 1186 1024 404 1236 287 414 1340 1512 1436:22338.0
94 1186 1446 404 1236 1340 1024 237 414 244 1512:22260.0
143:23876.0
1456 1140 441 917 1439:26834.0
1289 873 191 1549 384 1472 347 280:27127.0
1373 773 1096 620 321 594 1342 617:25090.0
1057:35492.0
937 1364 355 1048 958:24856.0
351:51008.0
816:25500.0
329:29346.0
585:57017.0
1380:79378.0
1239 1382 1266 153 596:24583.0
1373 773 620 1077 664 321 594 327 617:22553.0
94 1186 1446 404 1236 1340 271 1024 237 414 1512 1436:22416.0
667 407 197 873 733 450:22949.0
277 1315 1153 932 1432 111:22333.0
1186 1446 404 1236 287 1340 271 237 414 1512 1436:22880.0
94 1446 404 1236 287 1340 237 414 244 1512 1436:23888.0
208 25 753 1429 71 640:29071.0
631:49404.0
914 898 621 1043 571 1187 1347:22505.0
618:60324.0
773 1096 620 321 594 1342 617:24842.0
1373 773 1096 620 594 1342 617:24350.0
1373 773 481 620 1077 664 594 1342 617:23407.0
1386 411 427 1469 132 1220 1207 1230:22831.0
1433 618 1317:26563.0
604:33592.0
773 1096 620 1077 664 594 1342 617:25113.0
608:53262.0
910:40324.0
772 1431 1281:22490.0
1186 1446 404 1236 287 1340 271 1024 414 1512 1436:22462.0
638 1536 920 1380 1470:22664.0
624:48034.0
666 83 1244 387 608:22306.0
924 1223 1344 281 1128:22149.0
783 962 1378 1161 130:26548.0
773 481 664 594 327 1342 617:23355.0
773 481 620 1077 664 594 327 1342 617:25047.0
94 1186 1446 404 1236 287 1340 271 1024 237 414 1512 1436:25446.0
1289 873 1472 347 280:24183.0
831 332 1214 82 249 138 1287:24647.0
1426 407 528 950 1093 390 382:24471.0
1046 1516 863 1323 447 281:23747.0
94 404 1236 237 287 414 244 1340 1512:22820.0
1373 773 321 594 327 1342 617:23219.0
962 950 1511 1156 556 480:24976.0
773 1096 620 664 321 594 327 1342 617:27522.0
773 481 620 1096 1077 321 594 617:22243.0
1186 1446 404 1236 287 1340 1024 414 244 1512 1436:22894.0
1456 814 934 784 225 275 1500:22152.0
1186 404 1236 287 1340 271 1024 237 414 244 1512:24454.0
1433 108 618 1317:27831.0
486 10 459:22780.0
1373 773 481 664 594 327 1342 617:23603.0
59 49 486 168 575 1224:22609.0
1373 773 1096 620 664 321 594 617:22732.0
484 650 161 1526 1480 471:23497.0
798:39888.0
94 1186 404 1236 287 1340 1024 237 414 244 1436:22608.0
182 1295 87 37 625:23974.0
94 1024 1236 237 287 414 244 1512 1436:22186.0
1446 404 1236 287 1340 271 237 414 244 1512 1436:23532.0
773 1096 620 1077 664 321 594 617:22703.0
94 1186 1446 404 1236 287 271 1024 237 414 244 1512:23778.0
727 1043 1399 1365:22161.0
1373 773 481 1096 1077 321 594 327 617:22906.0
1279 1389 796 1472 819:23960.0
1543 378 139 1327 295 185:23651.0
1241:45672.0
1433 1510 1556:22692.0
1367 1171 728 1427 1044 1543:30230.0
1438:55722.0
773 1077 321 594 327 1342 617:23190.0
1186 1024 404 1236 237 287 414 244 1512 1436:22930.0
881 438 1364 355 1120 1048 958:22289.0
773 481 620 1077 321 594 327 1342 617:24995.0
551 1433 1510 707 1556 1489:33533.0
94 1446 1236 237 287 414 244 1340 1512 271:22280.0
94 1186 404 1236 287 1340 271 1024 237 414 244 1512:25110.0
1543 1400 1367 728 1427 1044 218:34495.0
1289 873 191 384 1472 347 280:26620.0
407 528 950 1093 390 478 382:27117.0
1400 1367 728 1427 218:22919.0
394 1409 387:23382.0
976 277 753 1363 1292:22568.0
1495:38000.0
1173 1506 171 1030 558 470:23882.0
629:22260.0
200 133 1063 753 337:25622.0
1446 1026 1229 87 383 1342 1163:27410.0
728 1427 1044 1543:26162.0
1173 558 487 470:26560.0
1400 1367 1171 728 1044 218:24149.0
1160:77856.0
94 1186 404 1236 287 1340 1024 237 414 244 1512 1436:25398.0
426 852 447 1356 37:22885.0
773 481 620 1077 664 321 594 327 1342 617:25787.0
976:40725.0
1340:34126.0
962 1133 1511 1156 556 480:24154.0
486 1315 510 1332 1459:25237.0
1049:69120.0
914 1037 898 621 1043 571 1187 1347:23621.0
59 49 486 168 575 1228 1224:24193.0
914 1291 941 958:26657.0
293:24924.0
284:56898.0
1427:26600.0
550:27440.0
1086:42585.0
637:41832.0
94 1186 1446 404 1236 287 271 1024 237 414 1512 1436:23634.0
1045 197 719 763 76:22981.0
1373 773 1096 620 1077 321 594 1342 617:25309.0
1301:45472.0
1024 404 1236 237 287 414 1340 1512 1436:23930.0
1081 848 266 1304 349 156:22599.0
881 438 1364 937 355 1120 958:26265.0
1073:28012.0
729 486 1315 510 1459:23162.0
962 1133 950 1156 556 480:26594.0
155:39702.0
684 1456 1140 441 917:27658.0
773 481 1096 664 594 327 617:22491.0
407 1056 1499:22369.0
918:55640.0
773 481 1077 664 594 327 1342 617:23574.0
1295:43194.0
1367 678 1504 761 1267 1394 645:22597.0
766 865 422 892 206 749 716 416:24536.0
1373 773 481 620 1096 664 321 594 327 617:24952.0
1289 873 191 1549 1472 347 280:26420.0
1446 404 1236 237 287 414 244 1340 1512:22644.0
689:65688.0
1436 1024 1236 237 287 414 1340 1512 271:22910.0
94 1446 404 1236 287 1340 1024 237 414 244 1512 1436:25798.0
773 1096 1077 664 594 1342 617:23640.0
611:31590.0
1400 1367 1171 1427 1044 1543:23014.0
773 481 620 1096 1077 321 594 1342 617:25393.0
94 1186 1236 287 1340 271 1024 237 414 244 1512 1436:24378.0
722:39330.0
352 336 725 9 895 625 958:23354.0
1291:39120.0
94 1186 1446 404 1236 287 271 237 414 244 1512 1436:22456.0
684 1456 1140 441 1527 1439 584:30306.0
208 753 1429 71 640:25211.0
94 1446 404 1236 287 1340 271 1024 237 414 1512:24778.0
163:49472.0
1365:38205.0
1172 783 962 1161 130:23230.0
218 1400 329 1144 325 718:22203.0
773 1096 1077 664 321 594 327 617:23118.0
1315:95100.0
94 1446 1236 287 1340 271 1024 414 244 1512 1436:22450.0
1506 171 1030 558 487 470:22524.0
1373 773 481 1096 1077 594 1342 617:23428.0
1126:25872.0
208 25 753 1429 71:22211.0
1081 848 1304 349 156:22229.0
966 11 510 1353 1320 267:24624.0
94 1186 1446 404 1236 287 1340 1024 237 414 1512 1436:25146.0
1159 910 1076 970 100:22627.0
1400 728 1171 1427 1044 1543:28622.0
773 481 620 1077 664 594 1342 617:23159.0
1373 773 481 1096 1077 664 594 327 617:22958.0
63 1171 705 1327 1032:22146.0
406:24290.0
371:32193.0
1349 1460 767 850 956 218:25393.0
94 1446 1236 287 1340 1024 237 414 244 1512 1436:24478.0
1026 1229 87 1342 1163:25146.0
1157:73458.0
773 481 620 1077 594 1342 617:22367.0
484 1443 1277 189 1527 468 1287:22515.0
318:22464.0
1543 378 1327 295 185:22696.0
94 1446 404 1236 1340 271 1024 237 414 1512 1436:22336.0
486 10 309:23796.0
973 1260 511 24 1243 1360 1210:23666.0
1198 728 1308 616 66:23066.0
773 1096 620 1077 594 327 617:23059.0
1186 404 1236 237 287 414 244 1340 1512:22244.0
1426 407 950 1093 478 382:26021.0
1229 87 383 1342:22172.0
1172 779 962 1378 1161 130:24326.0
1056 1499 840:26937.0
947 1324 608:29493.0
560:50320.0
874:26792.0
1373 773 481 620 1096 664 321 594 617:23064.0
924 1223 1344 281 1128 1084:24939.0
684 1456 441 917 584:23158.0
277 753:23534.0
1373 481 620 1077 321 594 773 1096 664 327 617:25171.0
76:48888.0
33:26400.0
1373 773 481 1096 1077 664 594 327 1342 617:26108.0
1373 773 620 664 594 1342 617:22856.0
1329:23187.0
1005:55062.0
1314:48683.0
815 937 1087 798 944 471:25934.0
1373 773 481 1096 321 594 327 1342 617:25837.0
617:78231.0
966 11 1353 267 743:22900.0
709:36414.0
1273:32550.0
1373 773 1096 1077 321 594 1342 617:23836.0
94 1446 404 1236 237 287 414 1340 1512 271:22868.0
1460:34827.0
407 950 1093 390 478 382:26661.0
1543 1367 728 1427 1044 218:33775.0
967 1360:23465.0
1312 182 1295 87 37 625:25094.0
1320 344 288 365 964:24132.0
11 510 1353 1282 267 743:24735.0
178:28140.0
1436 1024 404 1236 237 287 414 1340 1512 271:24230.0
684 1456 441 1527 1439 584:25416.0
71:41454.0
456:24882.0
1140 441 1527 917 1439:25934.0
1289 873 191 1549 384 1472 280:23503.0
728 1171 1427 1044:22466.0
1456 441 1527 1439:22216.0
1543 894 378 139 1327 295 185:23737.0
94 1446 404 1236 287 1340 1024 414 244 1512 1436:23470.0
101:48760.0
783 324:22794.0
666 83 545 1244 1475 387 608:23704.0
1289 873 191 1549 384 1472:23053.0
1373 773 481 620 1096 1077 321 594 617:22491.0
1373 773 481 620 1096 664 594 327 1342 617:27362.0
1373 773 1096 594 327 1342 617:24765.0
924 1223 1344 1128 1084:22497.0
996 1072 114 469 91 270 1478:22183.0
94 1186 1024 1446 1236 237 287 414 244 1512:22158.0
312:34200.0
94 1024 404 1236 237 287 414 1512:22186.0
2:43605.0
841 86 99 602 76:25572.0
684 1456 1140 441 1527 917 1439:35064.0
860:36936.0
1521:50244.0
486 1315 510 1282 1432 1459:23681.0
608 625 275 751 479:24718.0
1367 728 1427 1044 1543:28490.0
625 575 275 751 479:22374.0
1024 1446 1236 237 287 414 244 1340 1512:23234.0
94 1024 404 1236 237 287 414 244 1340 271:22240.0
772 1431 339 1281:24261.0
510:41548.0
1439:24494.0
1135 985 519 991 845 1295 862 569:24072.0
810:23954.0
1373 773 1096 620 664 321 594 327 1342 617:27770.0
684 1456 1140 1527 917 1439 584:26964.0
94 1024 404 1236 237 287 414 1512 1436:22774.0
712:24795.0
1373 773 481 620 1096 594 327 1342 617:26570.0
1359 783 1005 550 307 1525:22316.0
773 1096 620 1077 321 594 327 1342 617:26949.0
729 486 1315 510 1282 1459:23766.0
966 11 510 1353 1282 267:24380.0
638 1104 1536 920 1380 1174 1470:24530.0
1160 124 211 827 261 683 140:23213.0
848:34858.0
1061:23010.0
414:45360.0
1360:45182.0
407 950 1093 390 382:23491.0
884:36400.0
1426 407 528 950 1093 390 478 382:27641.0
561:69525.0
780 1390 8 1450 751:25452.0
1278:39695.0
300 349 1531 439 17:23718.0
1203:46345.0
1186 1446 404 1236 1340 271 1024 237 414 244 1512 1436:22492.0
94 1186 1024 404 1236 237 287 414 1512 271:22566.0
815 937 798 944 471:25438.0
94 1186 1024 404 1236 237 287 414 1340 1512:24078.0
1332:56536.0
1426 407 1093 478 382:22507.0
773 481 1096 1077 664 321 594 1342 617:24712.0
94 1186 404 1236 287 1340 1024 237 414 1512 1436:24666.0
94 1186 1446 404 1236 287 1340 271 1024 237 414 244 1512 1436:26178.0
94 1024 404 1236 287 414 244 1340 1512 1436:22990.0
1024 1446 1236 237 404 287 414 1512 1436:22598.0
607:39744.0
1426 407 528 950 390 478 382:22556.0
1024 404 1236 287 414 244 1340 1512 1436:22334.0
1186 1024 1446 1236 237 287 414 1340 1512:22582.0
94 1186 1446 404 1236 237 287 414 1340 1512:22648.0
484 1443 1264 189 1527 468 1287:22278.0
1140 441 1527 917:23948.0
47 1045 197 763 76:24255.0
560 88 1559 1003 710 554 342:23395.0
1039:23478.0
1186 1446 1236 287 1340 271 237 414 244 1512 1436:22292.0
873:44051.0
1186 404 1236 287 271 1024 237 414 244 1512 1436:23230.0
11 510 1353 267 743:23527.0
1269:51186.0
386:36354.0
94 1186 1446 404 1236 287 237 414 244 1512 1436:22156.0
1138:34104.0
1469:42288.0
300 445 349 1531 439 17:25572.0
94 1024 404 1236 237 287 414 1340 1512:23998.0
94 1446 404 1236 1340 1024 237 414 244 1512 1436:22768.0
190 1305:24430.0
1186 1446 404 1236 287 1340 1024 237 414 244 1436:22432.0
324 1273 811 640 1543:23763.0
1260 1543 894 378 139 1327 295 185:24507.0
563 1179 613:27608.0
69 1290 435:22245.0
1272:71856.0
59 49 486 168 1224:22224.0
773 481 664 321 594 1342 617:22207.0
1373 773 1096 620 594 327 1342 617:26238.0
17 300 888 445 349 1531 439 595:27354.0
510 1353 267 743:22722.0
173:54852.0
94 1186 1446 404 1236 287 1340 271 237 414 244 1512 1436:24268.0
958:64605.0
773 481 620 664 321 594 327 617:22418.0
1198 728 805 1308 66:22772.0
1520:37136.0
1367:36472.0
1093:48590.0
577:49454.0
1543 1367 1171 728 1044 218:28865.0
447:87318.0
638 1104 1536 1380 1174 1470 1180:22619.0
94 1446 1236 287 1340 271 1024 237 414 244 1512 1436:24778.0
94 1186 404 1236 287 1340 271 237 414 244 1512 1436:23788.0
653:28635.0
982 772 339 1281:24834.0
94 1186 1446 404 1236 287 1340 237 414 244 1512:23380.0
1186 1024 404 1236 237 287 414 1512 1436:22198.0
966 11 510 1353 1320 267 743:27004.0
94 1446 404 1236 287 1340 271 1024 237 414 244 1436:23308.0
1446 1229 87 1342 1163:24832.0
47 197 763 76:23569.0
324 877 258 661 1187 461:22392.0
1373 773 620 1077 664 321 594 1342 617:23815.0
94 1446 404 1236 287 271 1024 237 414 244 1512 1436:24286.0
684 1456 1140 441 584:22900.0
1453:32560.0
336 36 9 895 625 958:22634.0
976 117 1419 466 233 470 637:22322.0
94 1024 1446 1236 237 287 414 244 1340 1512:23890.0
1173:37248.0
114:39715.0
898:28880.0
1024 1236 237 287 414 1340 1512 1436:22610.0
881 438 937 355 1120 1048 958:28315.0
515:50094.0
94 1186 404 1236 1340 271 1024 237 414 244 1512 1436:22668.0
773 620 1077 321 594 1342 617:22775.0
1446 404 1236 237 287 414 1340 1512 271:22212.0
1071:29250.0
1046 1123 1412 1516 1323 447 281:25499.0
1456 814 364 934 784 225 275 1500:23740.0
907 1433 1510 1556:23106.0
1373 773 481 620 1077 664 321 594 1342 617:24147.0
1437 345 351 205:24145.0
94 1186 1446 404 1236 287 1340 271 1024 237 244 1512:22188.0
920:24540.0
1543 1367 1171 728 1427 218:29375.0
638 1536 920 1380 1174 1470 1180:24174.0
1323:23310.0
1373 773 1096 1077 664 594 327 1342 617:25776.0
1186 1024 1236 237 287 414 244 1340 1512:22834.0
1284:27216.0
94 1446 404 1236 287 1340 271 237 414 244 1512:23600.0
291 707 1256 967 890 1360:23531.0
773 1096 1077 664 321 594 327 1342 617:26268.0
94 1024 1446 1236 404 287 414 1340 1512:22150.0
224:53622.0
1167 291 707 967 890 1360:24227.0
486 1315 510 1332 1282 1459:25841.0
982 772 1431 339 1281:25135.0
380:23392.0
1373 773 481 620 1096 664 321 594 1342 617:26214.0
1456:81370.0
1400 1367 1171 728 1427 1044 1543:30950.0
1456 1140 1527 917 584:22168.0
1040:67551.0
976 1419 466 233 1292 470 637:25627.0
1373 773 1096 1077 664 594 327 617:22626.0
1491 1118 991 675 166 1314 1347:23386.0
773 481 1096 1077 594 327 1342 617:25068.0
1538:42315.0
773 912 1482 490 706:28885.0
63 346 961 485 895 186 192:22124.0
1186 1446 1229 87 1342 1163:24922.0
985 519 991 845 1295 862:22642.0
106:25116.0
1373 773 620 1077 321 594 1342 617:23023.0
773 912 446 490 236 706:26625.0
218:62665.0
94 1186 1446 404 1236 287 1024 237 414 244 1512 1436:24066.0
881 438 1364 937 355 1120 1048 958:29137.0
773 1096 321 594 1342 617:23369.0
1373 773 481 1096 594 327 1342 617:25097.0
1412 1516 863 1323 447:22211.0
125:51216.0
1373 773 1096 620 664 594 327 1342:22635.0
841 1251 99 602 292 76:26019.0
1407 365 469 1474 253 3 619 53:23076.0
1024 404 1236 237 287 414 244 1340 1512:24074.0
966 11 1353 267 1282 743:24108.0
551 907 1433 1510 1556:24915.0
94 1186 1446 404 1236 287 1340 271 1024 414 1512 1436:23118.0
1186 1024 1236 237 287 414 1340 1512 1436:22690.0
1280:28875.0
1373 773 481 620 1096 1077 664 594 617:22543.0
1043:66825.0
1373 773 1096 620 1077 594 327 1342 617:26457.0
94 1186 1446 1236 287 1340 271 1024 237 414 1512:23538.0
773 481 620 1096 1077 664 594 327 1342:22938.0
277 1315 1153 1432 106 111:26213.0
14:26937.0
1159:39216.0
57:31772.0
773 620 321 594 327 1342 617:24444.0
881 438 1364 937 355 958:25639.0
729 486 1315 510 1332 1282 1459:26822.0
68:26372.0
967:38180.0
1268 182 1295 87 37 625:25171.0
966 510 1353 267:22367.0
94 1186 1446 404 1236 287 1340 237 414 244 1512 1436:23968.0
1373 773 481 620 594 1342 617:22396.0
94 1446 404 1236 287 1340 271 237 414 1512 1436:23456.0
1543 728 1171 1427 1044 218:33187.0
208 25 753 1429 640:24136.0
511 174 877 327:23362.0
218 329 1144 325 1121 718:22995.0
897:48825.0
1024 404 1236 237 287 414 1340 1512:23342.0
285:42192.0
966 11 1353 1320 1282 267 743:25560.0
1198 728 805 1308 616 66 1381:24927.0
46:22518.0
374:65065.0
1373 773 481 1096 1077 664 321 594 1342 617:24960.0
907 231 287 308 470:25220.0
1260 511 24 1243 1360 1210:23178.0
729 486 1315 510 1332 1282 1432 1459:27718.0
92:25974.0
47 1045 197 719 763 76:29981.0
551 1433 1510 707 1556:33015.0
1279 430 1389 1472 819:24416.0
1268 182 87 37 625:24232.0
51 1359 783 1005 550 307 1525:22992.0
892:24250.0
144:46512.0
1110:45399.0
1426 407 528 950 1093 382:23307.0
1118:57150.0
1514:47023.0
773 481 620 1096 1077 664 321 594 327 617:24923.0
685:23760.0
1380 1470:24491.0
1308:70299.0
881 937 1364 355 1120 958:23906.0
773 481 1077 321 594 327 1342 617:23522.0
180:28128.0
1373 773 481 620 1096 321 594 617:22272.0
94 1024 404 1236 237 287 414 244 1512 1436:23506.0
94 1186 1024 1236 237 287 414 244 1512 1436:22266.0
773 481 1096 594 1342 617:22961.0
333 1159 921 1537 1154 1048:23210.0
684 1140 441 1527 1439:23596.0
684 1456 441 1527 917 584:28578.0
1289 873 191 1549 1472:22346.0
1320 1353 267 1282 743:22730.0
94 1024 1236 237 287 414 244 1340 1512 1436:23998.0
1421:25776.0
94 1024 1446 1236 237 404 287 414 1340 1436:22276.0
551 907 1433 1510 1556 1489:25433.0
773 1077 594 327 1342 617:22450.0
1239 1382 153 57:23907.0
277 1315 1153 106 111:25189.0
1172 1378 962 1161 130:22710.0
1186 404 1236 287 1340 1024 237 414 244 1512 1436:24742.0
1499:77865.0
1186 1446 404 1236 237 287 414 1340 1512 271:22292.0
934:63423.0
773 481 321 594 327 1342 617:23303.0
773 1096 620 594 327 617:22840.0
1436 94 1024 1236 237 287 414 1340 1512 271:23566.0
17 300 888 349 1531 439 595:25500.0
560 88 1276 1559 1003 710 554 342:23461.0
982 988 772 339 1281:24975.0
773 1096 1077 321 594 1342 617:23588.0
1389 796 1472 819:22756.0
94 1024 1446 1236 237 404 287 414 1512 1436:23254.0
936 1086 797 814 1357 470:23050.0
1029 563 1179 613:30086.0
359 486 10 309:24426.0
486 1315 510 1459:22181.0
936 1086 797 1357 470:22600.0
1396 1190 607 797 720 408:25582.0
982 772 1431 1281:23364.0
976 1419 466 1292 470 637:25423.0
1502:35956.0
94 1186 1446 404 1236 287 1340 1024 414 244 1512:22962.0
1289 873 191 1472 347 280:25913.0
204:37464.0
251:28974.0
1217:22244.0
99:38881.0
94 1186 1446 1236 287 1340 1024 414 244 1512 1436:22230.0
780 1390 1450 751:23212.0
881 937 1364 355 1120 1048 958:26778.0
63 529 346 961 485 895 192:22360.0
1456 441 1527 917 1439:27364.0
773 481 620 1096 1077 664 594 327 1342 617:27333.0
1044:52804.0
94 404 1236 287 1340 271 1024 237 414 244 1512 1436:25618.0
1046 1123 1412 863 1323 447 281:26130.0
47:32900.0
1442:86320.0
182 87 37 625:23035.0
1367 678 1504 1017 761 1394 645:23437.0
340:41602.0
438 1364 937 355 958:24343.0
961:26900.0
551 907 1433 1510 707:23639.0
907 1433 1510 707 1556:31620.0
309:25584.0
881 438 937 355 1048 958:27689.0
1543 1367 1171 728 218:22725.0
277 1315 932 106 111:22319.0
1186 1024 404 1236 237 287 414 1340 1512 1436:24010.0
1229 87 383 1342 1163:26456.0
287:47874.0
773 481 1077 664 321 594 327 1342 617:24314.0
1373 773 1096 620 1077 594 1342 617:24569.0
815 521 1087 944 471:22396.0
344:23400.0
1349 1532 1460 767 850 218:25421.0
107:42048.0
707:36894.0
749:29160.0
1046 1412 1516 863 1323 447:24971.0
667 1029 407 197 873 450:22630.0
773 481 1096 594 327 1342 617:24849.0
407 1056 1499 840:32761.0
1186 1024 1446 1236 237 287 414 1340 1512 271:22882.0
1451:34823.0
1161:32882.0
684 1456 1140 441 1527 917:33078.0
947 1197 1324:29265.0
470:95832.0
773 481 620 1096 1077 321 594 327 1342 617:27281.0
94 404 1236 287 1340 271 1024 237 414 1512 1436:24886.0
1543 728 1044 218:24797.0
551 1433 1510 1556:24501.0
1426 407 950 1093 390 478 382:27185.0
841 1251 86 602 76:23270.0
1367 1171 728 1427 1044:24794.0
1373 773 1096 664 321 594 1342 617:24409.0
976 277 753 1363 520 1292:24665.0
638:25380.0
404 574 953 391 87 1556 1036:22389.0
1056 1499:27500.0
1173 171 1030 558 470:23426.0
1267:58578.0
684 1456 441 917 1439:24754.0
953:23335.0
1526:54448.0
1373 773 481 1096 1077 664 594 1342 617:24220.0
1368:32634.0
966 510 1353 1282 267 743:25955.0
37:76884.0
1382 1266 57 596:23872.0
208 25 574 753 1429 71:22785.0
555:25915.0
780:49070.0
773 1096 1077 664 594 327 617:22378.0
773 1096 1077 664 321 594 1342 617:24380.0
1426 1542 727 217 1043 1365:24389.0
1186 1446 1236 287 1340 271 1024 237 414 244 1512:23614.0
829 426 852 447 1356 37:23331.0
333 1159 910 1076 970 100 271:26192.0
84 910 88 1409 255 1293:22181.0
923:36207.0
1437:53360.0
773 1096 620 594 1342 617:24102.0
17:72124.0
684 1456 1140 441 917 1439 584:30034.0
924 1223 1373 1344 1128 1084:22993.0
792:56320.0
333 1159 672 921 1537 1154 416:22882.0
976 277 753 1363 421 520 1292:24781.0
907 231 1263 287 308 470:25436.0
773 1096 620 664 594 327 617:23632.0
973 1260 511 341 1243 1360 1210:23158.0
94 1186 1446 404 1236 287 1340 271 1024 237 414 244 1436:23388.0
442:56863.0
1373 773 481 1096 594 1342 617:23209.0
274:40198.0
684 1140 441 917 1439:23324.0
1333:22715.0
83 545 167 1244 1475 387 608:22602.0
1433 707 1556:23414.0
625:93720.0
528 1320 288 365 964:23718.0
1186 1024 404 1236 237 287 414 244 1512:22342.0
494 351 205 222:25737.0
761:49764.0
826:39545.0
94 1186 1446 1236 287 1340 1024 237 414 244 1512 1436:24558.0
1386 560 1136 1197 1303 327:26622.0
785 1367 962 845 358 951 269 462:23201.0
1172 779 783 962 1378 1161 130:28256.0
25 574 753 71 640:23279.0
94 1024 1236 237 287 414 244 1340 1512 271:23710.0
831 332 1214 249 138 1287:22297.0
337:45522.0
1204:33616.0
1373 773 1096 1077 664 321 594 1342 617:24628.0
729 486 1315 510 1332 1432 1459:27114.0
1289 873 1549 384 1472 347 280:25397.0
500:42135.0
560 88 1003 710 554 342:23285.0
773 481 620 1077 321 594 1342 617:23107.0
1373 773 481 620 1077 594 327 1342 617:24503.0
966 1320 510 1353 267:23819.0
27 903:26726.0
47 197 719 76:24465.0
773 1096 620 1077 321 594 327 617:23799.0
376:24196.0
608 625 575 275 751 479:24795.0
1024 404 1236 237 287 414 1512 1436:22118.0
1373 773 620 321 594 1342 617:22804.0
815 937 1087 944 471:22610.0
666 83 545 167 1244 387 608:23540.0
586:30872.0
1123 1412 1516 863 447 281:22712.0
407 1093 390 478 382:23147.0
773 620 1077 594 327 1342 617:23923.0
1543 1400 1367 1171 728 1044 218:29585.0
407 950 1093 478 382:25497.0
1320:26862.0
401:56232.0
438 937 355 958:23521.0
1236:35775.0
94 1186 404 1236 287 1340 271 1024 414 244 1512 1436:23370.0
11 1353 1320 267 743:22327.0
977:38319.0
1373 773 1096 1077 594 1342 617:23096.0
1198 728 1308 616 66 1381:24101.0
322:25392.0
1172 779 783 962 1161 130:24846.0
795 1305:22617.0
1373 773 1096 620 664 594 327 1342 617:27030.0
481 620 1077 321 594 773 1096 664 327 1342 617:28073.0
1373 773 481 620 1096 594 327 617:23420.0
486 10 309 459:29176.0
946:47770.0
94 404 1236 287 1340 271 1024 237 244 1512 1436:22216.0
94 1186 404 1236 287 1340 1024 414 244 1512 1436:23070.0
94 1186 1024 404 1236 237 287 414 1512 1436:22854.0
773 481 620 1096 1077 664 321 594 1342 617:26185.0
171 1203 1419 824 820 1003:22796.0
728 1427 1044 218:26011.0
88:79856.0
1124:26055.0
94 1186 1446 1236 287 1340 1024 237 414 244 1512:23970.0
831 1214 82 138 1287:22602.0
1349 1532 1460 767 850 956 218:27481.0
94 1024 1446 1236 237 287 414 244 1512 271:22378.0
208 684 907 1260 1510 451 1427:22438.0
773 912 1482 490 236 706:29705.0
1220:34104.0
94 1024 404 1236 287 414 244 1340 1512 271:22702.0
289 1241 948 1470 798 792 1514:23778.0
1426 727 217 1043 1399 1365:24567.0
1317 329 218 412 1294 928 19:22415.0
1100:38040.0
815 521 937 1087 798 471:24264.0
773 481 620 1096 321 594 327 1342:22667.0
926 494 1136 614 44 1180 464 1463:23817.0
342:78965.0
773 481 620 1096 664 321 594 1342 617:25966.0
1367 1504 1017 761 1267 645:23533.0
773 1096 620 321 594 327 617:23580.0
1446 404 1236 237 287 414 1340 1512 1436:22500.0
1373 773 1096 620 321 594 327 617:23828.0
966 11 510 1353 267 743:25552.0
1289 873 191 1472 280:22289.0
511:65786.0
638 1104 1536 1380 1174 1470:22485.0
1373 773 481 1096 1077 664 321 594 327 617:23698.0
94 1186 1446 404 1236 287 1340 271 1024 237 414 244 1512:25590.0
1436 94 1024 1446 1236 237 287 414 1512 271:22234.0
1446 1026 1229 87 383 1342:23126.0
1260 1543 894 378 1327 295 185:23552.0
438 1364 937 355 1120 958:24969.0
1070:39480.0
407 528 950 1093 382:22783.0
1426 407 950 1093 382:22851.0
1373 481 620 1077 594 773 1096 664 327 1342 617:27581.0
484 650 161 105 1526 1480 471:23757.0
1400 1367 1171 1427 1044 218:22863.0
250:23067.0
684 1456 1140 441 1439:24496.0
773 481 664 321 594 327 1342 617:24095.0
888 445 349 17 439 595:23531.0
592:22494.0
1436 1024 1446 1236 237 404 287 414 1512 271:22898.0
63 529 346 961 485 895 186 192:22433.0
415:40284.0
773 912 236 706:22367.0
208 25 574 1429 71 640:22595.0
1186 1446 1229 87 383 1342 1163:26866.0
1319:35032.0
1456 814 364 934 784 1500:22798.0
684 1456 441 917:22768.0
1373 773 481 620 1077 664 594 327 1342 617:25295.0
608 625 724 275 751 479:25299.0
1396 1190 607 797 408:24330.0
438 1364 937 1120 1048 958:22377.0
1426 1542 1043 1399 1365:22325.0
773 481 620 594 327 1342 617:24036.0
364:44464.0
1028:44957.0
1186 1446 404 1236 237 287 414 1340 1512 1436:22580.0
1436 1186 1024 1236 237 287 414 1340 1512 271:22990.0
94 1024 1236 237 287 414 1340 1512 1436:23266.0
638 1536 920 1380 1180 1470:22798.0
914 1037 898 621 1043 1187 1347:22383.0
1186 1446 1236 287 1340 1024 237 414 244 1512 1436:23902.0
160:36146.0
94 1186 1446 404 1236 287 1340 271 237 414 1512:22948.0
1186 1026 1229 87 383 1342 1163:27180.0
452:35742.0
1074:25440.0
156:60316.0
785:27898.0
1186 1024 1446 1236 237 287 414 244 1340 1512:23314.0
1344:55042.0
729 486 1315 510 1332 1282 1432:24960.0
94 1186 1446 404 1236 287 1340 271 1024 237 244 1512 1436:22776.0
1456 814 364 934 784 275 1500:23464.0
903:86504.0
773 620 664 321 594 327 1342 617:25236.0
1400 1367 1171 728 1044 1543:24300.0
773 481 620 1096 594 327 617:23172.0
47 719 763 76:24540.0
773 481 620 1077 594 327 1342 617:24255.0
1223:28336.0
773 481 1096 1077 594 1342 617:23180.0
759:34314.0
729 486 1315 510 1332:23460.0
1373 773 481 620 664 321 594 327 1342 617:25816.0
625 724 275 751 479:22878.0
1384:45360.0
79 6 489 895 383:22328.0
779 962 1378 1161 130:24234.0
825:71427.0
1325:41184.0
1173 1506 171 558 487 470:28584.0
878:24244.0
1446 404 1236 287 1340 271 1024 414 244 1512 1436:23114.0
773 481 1096 1077 664 594 327 1342 617:25860.0
848 1304 349 156 100:24846.0
94 1446 404 1236 287 1340 1024 237 414 1512 1436:25066.0
1038 195 1005 1510 967 428:22222.0
1543 1400 1367 1427 1044 218:26559.0
487:34920.0
94 1024 1446 1236 404 287 414 1340 1512 271:22450.0
1289 873 191 1549 1472 347:25970.0
1173 1506 171 558 470:23734.0
1492:41138.0
435:55811.0
1036:39831.0
815:40420.0
273:25620.0
684 1140 441 1527 917 584:27148.0
289 1241 948 1470 239 798 792 1514:24336.0
94 1186 1024 1236 237 287 414 1340 1512:22758.0
773 481 620 664 321 594 1342 617:23680.0
677 471:23158.0
1386 560 1136 1197 1303:25678.0
773 1096 664 594 327 1342 617:25309.0
773 1096 620 664 321 594 1342 617:25634.0
773 1096 620 321 594 327 1342 617:26730.0
1373 773 1096 594 1342 617:22877.0
1083:46988.0
966 11 510 1353 1320 1282 267 743:28212.0
94 1024 1446 1236 237 287 414 1340 1512:23158.0
1373 773 1096 620 664 321 594 1342 617:25882.0
1456 814 364 934 784 225 1500:23074.0
773 912 490 706:25537.0
484:61992.0
1373 773 481 664 321 594 327 1342 617:24343.0
912:54280.0
1456 1140 441 1527:25120.0
229:37026.0
1081 848 266 1304 349 156 100:25826.0
1305:64260.0
1198 728 805 1308 66 1381:23807.0
1289 873 191 384 1472 347:26170.0
1186 1446 404 1236 287 1340 271 1024 237 414 244:22144.0
1123 1412 1516 1323 447 281:22739.0
1436 94 404 1236 237 287 414 1340 1512 271:22976.0
439:33660.0
1024 404 1236 237 287 414 244 1512 1436:22850.0
1400 1367 728 1427 1044 218:29059.0
1349 1532 767 850 956 218:24517.0
407 1056 796 840:24992.0
744:27965.0
94 1186 1446 1236 287 1024 237 414 244 1512 1436:22746.0
1367 1504 1017 761 1267 1394:22413.0
773 1096 620 664 321 594 617:22484.0
94 1446 404 1236 287 1340 271 1024 414 244 1512 1436:23770.0
1020:24276.0
94 1186 404 1236 287 1340 271 1024 237 414 244 1512 1436:25698.0
1446 1229 87 383 1342:22492.0
261:23712.0
1373 773 481 620 1096 594 1342 617:24682.0
407 1056 840:22916.0
200 133 753 337:23228.0
684 1456 1140 441 917 1439:29644.0
981:44304.0
848 266 1304 349 156 100:25216.0
581:33012.0
200:27768.0
1543 728 1171 1427 218:27047.0
208 25 574 753 71 640:25375.0
551 907 1433 707 1556 1489:26155.0
1274 1227 478 1550 308 1424 940 1210:23367.0
1396 1190 1373 607 797 720 408:25644.0
94 1186 1446 404 1236 287 1340 1024 414 1512 1436:22818.0
546:35904.0
94 1024 404 1236 237 287 414 244 1512 271:23218.0
954:33908.0
1390 8 1450:24764.0
407 528 950 1093 478 382:25953.0
937:69336.0
1173 1030 558 487 470:26708.0
1456 1140 1527 917 1439 584:24154.0
729 486 1315 510 1332 1459:26218.0
773 481 1096 664 594 1342 617:23753.0
1400 1367 728 1044 218:22409.0
1400 728 1427 1044 218:26731.0
881 438 1364 937 355 1048 958:28511.0
786:24156.0
1373 773 481 620 1096 664 594 617:22324.0
1373 773 1096 1077 664 594 1342 617:23888.0
464:59544.0
94 404 1236 237 287 414 244 1340 1512 271:23120.0
1400 1367 1171 728 1427 1044:25514.0
841 99 602 76:22449.0
1373 773 1096 620 321 594 327 1342 617:26978.0
574 753 1429 71 640:23689.0
1542 727 217 1043 1399 1365:23699.0
845:26235.0
346:56185.0
1373 773 481 620 1096 664 594 327 1342:22967.0
1468:56855.0
684 1140 441 1527 917:26758.0
489:37968.0
1456 1140 441 1527 917:30268.0
1186 1446 404 1236 287 1340 271 1024 414 244 1512 1436:23194.0
966 11 510 1353 1320 1282 267:25832.0
1390 1450 751:28500.0
1373 773 620 1077 321 594 327 1342 617:24911.0
1367 1171 728 1427 218:23939.0
1426 407 528 950 1093 390 478:22233.0
438 937 355 1120 958:24147.0
231 558:24896.0
94 404 1236 237 287 414 244 1340 1512 1436:23408.0
773 481 1096 321 594 1342 617:23701.0
133 1063 753 337:24554.0
26:74970.0
517:22246.0
1186 1024 404 1236 237 287 414 1340 1512 271:23722.0
1291 941 958:22157.0
773:64064.0
457:39809.0
773 481 620 1096 1077 594 327 1342 617:26541.0
983:24759.0
789:25839.0
94 1186 1446 404 1236 1340 1024 237 414 244 1512 1436:22848.0
1373 773 481 620 1096 1077 594 327 1342 617:26789.0
1373 773 481 1096 1077 321 594 327 1342 617:26056.0
1373 773 1096 1077 664 321 594 327 1342 617:26516.0
773 1096 664 321 594 327 1342 617:26049.0
136 197 1056 313 170 1499 546:22235.0
362:29079.0
241 780 1390 1450 751:23289.0
719:48262.0
1373 773 481 1077 321 594 327 1342 617:23770.0
94 1446 404 1236 287 1340 271 1024 237 414 1436:22576.0
94 1186 1446 404 1236 287 1340 271 237 414 244 1512:23680.0
773 1096 620 1077 664 321 594 327 1342:23346.0
1046 1412 863 1323 447 281:25962.0
1081 848 1304 349 156 100:25456.0
881 937 355 1120 1048 958:25956.0
1556:77341.0
391:37152.0
1289 873 191 384 1472:22546.0
1373 773 1096 664 594 1342 617:23669.0
535:38125.0
887:28755.0
1543 1400 1171 1427 1044 218:25971.0
547:40920.0
170:24926.0
1409:90021.0
1543 1400 728 1044 218:25517.0
1289 873 1549 1472 347 280:24690.0
1289 873 191 1549 1472 280:22796.0
1320 510 1353 267 743:24174.0
684 1140 441 1527 917 1439:28744.0
831 332 1214 82 138 1287:23511.0
684 1456 441 1527 917 1439 584:30564.0
1456 441 1527 917 584:25768.0
94 1024 404 1236 237 287 414 1512 271:22486.0
368:27224.0
407 636 1056 1499 796 840:22521.0
1186 404 1236 287 1340 271 1024 237 414 244 1512 1436:25042.0
1135 985 519 991 845 862:22723.0
94 1186 404 1236 287 1340 1024 237 414 244 1512:24810.0
484 910 95 887 91:22276.0
349:42540.0
1186 1024 404 1236 237 287 414 1340 1512:23422.0
1304:31250.0
494 351 222:23215.0
1026 1475:22445.0
264:25000.0
1510 707 1556:26096.0
1328:48918.0
773 481 620 1096 664 321 594 327 617:24704.0
94 1446 404 1236 287 1340 271 1024 414 244 1512:23182.0
94 1186 404 1236 287 1340 271 1024 237 414 1436:22176.0
185:50310.0
628:50386.0
1024 1446 1236 237 404 287 414 1340 1512 271:24122.0
1186 1446 404 1236 1340 1024 237 414 244 1512 1436:22192.0
1410:27671.0
94 404 1236 287 1340 1024 237 414 244 1512 1436:25318.0
1173 1506 1030 558 470:22314.0
1186 1024 404 1236 287 414 244 1340 1512 271:22126.0
1289 873 1549 1472 347:24240.0
94 1186 1446 404 1236 287 1024 237 414 244 1512:23478.0
94 1186 1446 404 1236 287 271 1024 237 414 1512:23046.0
729 486 1315 510 1332 1282:24064.0
773 1096 620 1077 664 594 327 1342:22606.0
495:28860.0
602:92158.0
1373 773 481 620 1096 1077 664 594 327 1342:23186.0
277 1315 1153 106:24461.0
486 1315 510 1332 1282 1432:23979.0
985:30861.0
563:54780.0
1082:55664.0
1252:39870.0
1446 1236 287 1340 271 1024 237 414 244 1512 1436:24122.0
1186 1446 404 1236 287 1340 271 237 414 244 1512 1436:23612.0
907 1433 707 1556:23828.0
1232:25415.0
962 1133 950 1511 1156 556 480:27166.0
1373 773 481 1096 1077 321 594 1342 617:24168.0
1543 1400 1367 1171 1427 218:22159.0
1426 1542 727 1043 1399 1365:24437.0
1172 779 783 962 1378 130:25048.0
773 481 1096 1077 664 321 594 327 1342 617:26600.0
484 161 105 1526 1480 471:22693.0
94 1024 1446 1236 237 404 287 414 1340 1512:24478.0
1373 481 620 1077 321 594 773 1096 327 1342 617:27529.0
94 1446 404 1236 287 1340 271 1024 414 1512 1436:23038.0
1186 1024 1446 1236 237 404 287 414 1512 271:22390.0
1179:37812.0
962 1133 1156 556 480:23582.0
1539:29877.0
1367 1171 728 1427 1044 218:30079.0
1400 1367 728 1427 1044:23774.0
94 1186 404 1236 287 271 1024 237 414 244 1512 1436:23886.0
1239 1382 1266 153 57:26832.0
891:32844.0
1373 773 481 1096 321 594 327 617:22687.0
277 1315 1153 932 106 111:25495.0
1257:38316.0
1436 94 1024 404 1236 287 414 1340 1512 271:22558.0
881 438 937 355 1120 958:25443.0
1029 407 197 873 733 450:23656.0
1186 1446 404 1236 287 1340 271 237 414 244 1512:23024.0
1456 91 414 1545 580 996:25431.0
826 1521 676 726 1049 439:24970.0
1456 1140 1527 917 1439:23764.0
1046 1123 1412 863 1323 447:22467.0
684 1456 1140 1527 917 1439:26574.0
1373 773 620 1077 594 327 1342 617:24171.0
881 438 937 1120 1048 958:22851.0
1330:40920.0
1382 1266 153 57:24267.0
1400 728 1171 1427 1044 218:28471.0
638 1104 1536 920 1380 1180 1470:23288.0
1367 728 1427 1044:23054.0
1373 773 481 620 1096 664 594 1342 617:25474.0
684 1140 441 917 1439 584:23714.0
731:32004.0
405:38480.0
890:49840.0
278:39424.0
773 620 1077 664 321 594 327 1342 617:25455.0
1382 1266 153 57 596:28128.0
418:36750.0
1436 94 1024 404 1236 237 287 414 1512 271:23074.0
1260 511 341 24 1243 1360:23318.0
413:28768.0
841 1251 86 99 602 292 76:29142.0
289:23050.0
484 650 105 1526 1480 471:22461.0
1373 773 481 620 321 594 327 1342 617:25024.0
94 1186 1446 404 1236 287 1340 1024 237 414 1436:22356.0
1373 773 1096 620 1077 321 594 327 617:24047.0
551 907 1433 1510 707 1489:24157.0
1373 773 481 664 321 594 1342 617:22455.0
94 1186 404 1236 287 1340 237 414 244 1512 1436:23488.0
94 1024 1446 1236 237 287 414 1340 1512 1436:23746.0
502:22119.0
773 481 620 1096 1077 664 594 1342 617:25445.0
511 174 877 327 787:24436.0
94 404 1236 287 1340 271 1024 237 414 244 1436:22828.0
966 11 510 1353 267:23172.0
1046 1412 1323 447 281:22659.0
1367 728 1427 1044 218:28339.0
773 481 620 1096 1077 664 594 617:22295.0
1436 1024 404 1236 237 287 414 1512 271:22418.0
1274:30160.0
684 1140 441 1527 917 1439 584:29134.0
333 1159 1076 970 100 271:22634.0
1289 873 191 384 1472 280:22996.0
289 1241 948 1470 798 792:22981.0
1029 407 197 873 450:22452.0
1033:23750.0
888 445 349 1531 439 17:25554.0
29:30083.0
1367 728 1427 1543:22350.0
288:71687.0
94 1186 1446 1236 287 1340 271 1024 237 414 244 1512 1436:24858.0
926 494 1136 614 44 464 1463:23214.0
27:23970.0
869:44133.0
94 1186 1236 237 287 414 244 1340 1512 1436:22168.0
338:30184.0
1357:55800.0
666 83 167 1244 387 608:22924.0
1024 1446 1236 404 287 414 244 1340 1512:22226.0
1373 773 1096 321 594 327 1342 617:25505.0
937 355 1120 1048 958:24660.0
1465:43132.0
477:28020.0
1147:28140.0
1186 404 1236 237 287 414 244 1340 1512 1436:22832.0
1024 1236 237 287 414 244 1340 1512 271:23054.0
1446 404 1236 1340 271 1024 237 414 244 1512 1436:22412.0
608 724 625 751 479:24855.0
1025:28478.0
684 1456 441 917 1439 584:25144.0
231 287 308 470:23564.0
976 277 753 1363 421 1292:22684.0
684 1456 1140 441 917 584:28048.0
50:51128.0
962 1133 950 1156 480:24184.0
1186 1446 1026 1229 87 383 1342 1163:27500.0
289 1241 948 1470 239 798 792:23539.0
776:63294.0
1543 1427 1044 218:23511.0
773 481 1096 321 594 327 617:22439.0
1373 773 664 321 594 327 1342 617:24011.0
1373 773 1096 664 594 327 617:22407.0
551 1510 707 1556:27905.0
1320 1126 261 1237 644 1070:23082.0
486 1315 510 1332 1432:23375.0
13:35074.0
488:29884.0
914 1291 958:22991.0
1260 1543 378 1327 295 185:23466.0
100:32731.0
819:66898.0
1550:64699.0
1472:77600.0
684 1456 1140 441:22510.0
571:37140.0
1373 481 620 1077 321 594 773 1096 664 327 1342 617:28321.0
1173 171 558 487 470:28128.0
778:40440.0
1186 404 1236 287 1340 271 1024 237 414 244 1436:22252.0
171 1203 1419 824 820 1003 1213:22896.0
1436 1186 1024 404 1236 237 287 414 1512 271:22498.0
966 1320 510 1353 1282 267 743:27407.0
1014 1341 1058 371 1390 1486:22709.0
277 1315 1153 932 1432 106 111:26519.0
561 195 12 272 1154 471 628:22142.0
94 1186 404 1236 287 1340 271 1024 414 244 1512:22782.0
773 481 620 1096 1077 664 594 327 617:24183.0
815 521 937 1087 798 944 471:29144.0
724 575 625 751 479:22511.0
1281:77894.0
1373 773 620 664 321 594 1342 617:23596.0
907 1433 707 1556 1489:24346.0
773 481 620 321 594 327 1342 617:24776.0
1419:55290.0
94 1186 1446 1236 287 1340 271 1024 237 414 244 1512:24270.0
616:36960.0
773 664 321 594 327 1342 617:23763.0
1123 1412 1516 863 1323 447 281:26042.0
638 1104 1536 920 1380 1470:23154.0
445 349 1531 439 17:24357.0
773 1096 664 321 594 1342 617:24161.0
94 1446 404 1236 287 1340 271 1024 237 244 1512 1436:22696.0
773 481 620 1096 664 594 1342 617:25226.0
94 1024 404 1236 237 287 414 244 1340 1436:22528.0
94 1186 1446 404 1236 287 1340 271 1024 414 244 1512 1436:23850.0
1436 1024 1236 237 287 414 244 1340 1512 271:23642.0
773 912 446 1482 706:25163.0
1341:36252.0
94 1186 1446 404 1236 287 1340 271 1024 237 414 244:22800.0
94 1186 404 1236 237 287 414 244 1340 1512:22900.0
28:24180.0
1046 1123 1412 1516 863 1323 447 281:28802.0
333 1159 921 1154 416 1048:23738.0
763:26565.0
30:40425.0
438 937 355 1120 1048 958:27019.0
1367 1171 728 1427 1543:24090.0
94 1446 404 1236 1340 271 1024 237 414 244 1512:22480.0
551 1433 1510 707:23225.0
1046 1123 1412 863 447 281:22800.0
773 912 446 1482 490 706:29153.0
1441:55632.0
826 676 726 1049 439:23074.0
1320 510 1353 1282 267 743:25382.0
907 1433 1510 1556 1489:23624.0
1197 1324:27705.0
684 1456 1140 441 1439 584:24886.0
1380 1324 442 798:24682.0
1396 607 797 408:24198.0
365 469 1474 253 3 619 53:22686.0
486 1315 510 1332 1282 1432 1459:26737.0
486 1315 510 1332 1432 1459:26133.0
912 1482 490 236 706:22425.0
1426 1542 727 217 1043 1399 1365:25271.0
528 1320 344 288 365 964:25158.0
1349 1460 850 956 218:22219.0
959:24534.0
1375:25833.0
863:27892.0
1373 773 1096 620 1077 664 594 617:22211.0
985 519 991 845 1295 862 569:23052.0
852:46216.0
1186 1024 1446 1236 404 287 414 1340 1512 1436:22162.0
1101:25326.0
826 710 1521 726 1049 439:23950.0
94 1446 404 1236 287 1340 271 1024 237 414 1512 1436:25366.0
835 824 1041 625:22378.0
841 1251 86 99 292 76:23675.0
1186 1024 404 1236 287 414 244 1340 1512 1436:22414.0
773 481 620 1096 664 321 594 327 1342 617:27854.0
773 620 594 327 1342 617:23704.0
982 988 772 1431 339 1281:25276.0
797:51389.0
1076:40480.0
1373 773 481 620 664 594 327 1342 617:25076.0
277 1315 1153 932 106:24767.0
94 1236 287 1340 271 1024 237 414 244 1512 1436:24298.0
1373 773 620 1077 664 594 327 1342 617:24963.0
1470:49500.0
551 907 1510 707 1556:28319.0
729 486 1315 510 1332 1432:24356.0
1173 1506 1030 558 487 470:27164.0
448:55862.0
333 1159 910 1076 970 271:23887.0
1373 773 620 594 327 1342 617:23952.0
715:58597.0
803:32760.0
208 25 574 753 1429 640:24710.0
1547:28260.0
1373 773 481 620 1096 664 321 594 327 1342:23707.0
815 521 937 1087 944 471:25820.0
397 1092 237 1179 87:24298.0
881 937 355 1048 958:25330.0
881 937 355 1120 958:23084.0
638 1536 920 1380 1174 1470:24040.0
1367 678 1504 1017 761 1267:23985.0
1048:35182.0
1223 1373 1344 281 1128 1084:22515.0
667 1029 407 197 873 733:22178.0
684 1456 441 1527 917 1439:30174.0
1260 1543 894 139 1327 295 185:22653.0
1542 727 1043 1399 1365:22865.0
1173 1506 558 470:22166.0
1373 773 481 620 1096 594 327 1342:22175.0
1186 1446 1229 87 383 1342:22582.0
1543 1400 1367 1171 728 1427 218:30095.0
573:23312.0
962 1133 950 1511 1156 480:24756.0
1279 796 1472 819:23090.0
1250 900 104 1017 1345 840:23274.0
1260 1543 378 139 1327 295 185:24421.0
94 1186 1446 1236 287 1340 1024 237 414 1512 1436:23826.0
94 404 1236 287 1340 271 1024 414 244 1512 1436:23290.0
773 1096 620 1077 664 321 594 327 1342 617:27741.0
94 1024 404 1236 237 287 414 1340 1512 271:24298.0
443 343 470:24428.0
1135 985 519 991 845 1295 862:23662.0
94 1186 1024 1446 1236 237 404 287 414 1512:22746.0
200 500 650 533 550 677:22649.0
277 1315 932 1432 106:22615.0
746:32108.0
407:54912.0
1359:49256.0
835 824 1041 1351 625:24742.0
666 83 1244 1475 387 608:23088.0
430 796 1472 819:23380.0
1426 1542 217 1043 1365:22277.0
542:38868.0
1456 1140 441 1527 917 1439 584:32644.0
1186 1446 404 1236 287 271 1024 237 414 1512 1436:22978.0
714:25056.0
638 1536 1380 1174 1470 1180:22129.0
94 1024 404 1236 237 287 414 1340 1512 1436:24586.0
1543 1400 728 1171 1044 218:27257.0
39:22795.0
1373 773 481 620 1096 1077 664 594 327 617:24431.0
1373 773 481 620 594 327 1342 617:24284.0
174:33614.0
1373 773 1096 620 1077 664 594 327 1342:22854.0
976 117 1419 466 1292 470 637:25727.0
564:37206.0
333 1159 672 921 1537 1154 1048:23537.0
1251 86 99 602 292 76:25192.0
1367 678 1504 1017 761 645:22769.0
1446 404 1236 237 287 414 244 1340 1512 1436:23232.0
1347:34980.0
267:90640.0
551 907 1510 707 1556 1489:28837.0
1436 94 1446 1236 237 287 414 1340 1512 271:22136.0
1186 1024 1446 1236 404 287 414 244 1340 1512:22306.0
608 625 751 479:24274.0
1426 217 1043 1399 1365:22455.0
928:45240.0
1373 773 1096 620 664 321 594 327 617:24620.0
25 574 753 1429 640:22614.0
1386 560 1197 1303 327:22392.0
973 1260 511 341 24 1243 1360 1210:25806.0
952 1495 636 413 990 1023 181:22698.0
962 950 1156 556 480:24404.0
94 1024 1446 1236 237 404 414 244 1340 1512:22180.0
17 300 349 1531 439 595:24303.0
407 1056 1499 796:24445.0
1373 773 1096 1077 321 594 327 1342 617:25724.0
807:38958.0
438 1364 937 355 1048 958:27215.0
241 780 1390 8 1450 751:25529.0
666 83 167 1244 1475 387 608:23706.0
1255:22883.0
773 1096 664 594 1342 617:23421.0
710 676 726 1049 1521 439:24004.0
1186 1446 404 1236 287 1340 271 1024 237 414 1512:24202.0
1380 1324 442 798 598:25138.0
1373 773 481 620 664 594 1342 617:23188.0
851:67414.0
1373 773 1096 321 594 327 617:22355.0
187:27195.0
300 445 349 17 439 595:23549.0
815 521 937 944 471:25324.0
1543:58588.0
17 445 349 1531 439 595:24942.0
937 355 1048 958:24034.0
1198:22790.0
1239 1382 1266 153 57 596:30693.0
94 1446 404 1236 287 1340 271 237 414 244 1512 1436:24188.0
1342:34020.0
83:33276.0
474:31488.0
407 1093:25978.0
608 575 625 751 479:24351.0
494:66528.0
666 83 545 1244 387 608:22922.0
1056:42210.0
773 481 620 1096 1077 321 594 327 617:24131.0
841 99 602 292 76:23049.0
1373 773 481 620 1096 664 594 327 617:24212.0
475 924 1197 481 1357 9 631 1480:22442.0
1400 1367 728 1044 1543:22560.0
579:25623.0
1251:24750.0
1024 404 1236 237 287 414 244 1512:22262.0
924:54312.0
94 1024 1446 1236 237 404 287 414 1512:22666.0
756:52221.0
684 1456 1140 441 1527:27930.0
47 1045 197 719 76:25151.0
783 962 1378 130:23340.0
1436 1024 404 1236 237 287 414 244 1512 271:23150.0
94 1446 404 1236 287 1024 237 414 244 1512 1436:23986.0
773 912 446 1482 490:24086.0
1103:36883.0
94 1446 404 1236 287 271 237 414 244 1512 1436:22376.0
773 1096 594 1342 617:22629.0
333 1159 921 1537 1154 416 1048:24350.0
881 438 1364 937 1120 1048 958:23673.0
1373 481 620 1077 321 594 773 664 327 1342 617:26035.0
94 1446 404 1236 287 1340 271 1024 237 414 244 1512:25510.0
206:25860.0
895:67080.0
973 1260 511 341 24 1243 1360:23806.0
1373 773 481 620 664 321 594 1342 617:23928.0
484 1443 1264 1277 189 1527 468 1287:23265.0
94 1186 404 1236 237 287 414 1340 1512:22168.0
881 937 1364 355 1048 958:26152.0
128:45936.0
841 1251 86 602 292 76:23870.0
1260:29645.0
1007 304 441 391:24658.0
1144:74536.0
551 907 1433 1510 707 1556 1489:33947.0
66:26180.0
1186 1446 404 1236 287 1024 237 414 244 1512 1436:23410.0
1398:39886.0
815 1087 798 944 471:22510.0
773 1096 620 664 321 594 327 617:24372.0
94 1186 1446 404 1236 287 1340 271 237 414 1512 1436:23536.0
94 1446 404 1236 287 1340 271 1024 237 414 244:22720.0
766 865 892 206 749 716 416:22472.0
773 1096 620 664 321 594 327 1342:23127.0
576:45425.0
1197 1324 608:38196.0
434:43792.0
773 1096 1077 321 594 327 617:22326.0
94 404 1236 237 287 414 1340 1512 1436:22676.0
513:48312.0
289 1241 948 1470 239 792 1514:22120.0
5:26793.0
94 1024 1446 1236 404 287 414 1340 1512 1436:22738.0
1373 773 481 1096 664 321 594 327 1342 617:26629.0
1446 404 1236 287 1340 271 1024 237 414 244 1512:24854.0
1400 728 1171 1427 1543:22482.0
94 1186 1024 1446 1236 237 287 414 1340 1512:23238.0
1123 1412 1516 863 1323 447:22379.0
11 510 1353 1320 1282 267:23807.0
94 1446 404 1236 287 271 1024 237 414 1512 1436:23554.0
94 1024 1446 1236 237 404 287 244 414 1512:23398.0
94 404 1236 1340 271 1024 237 414 244 1512 1436:22588.0
773 912 446 1482 490 236 706:29973.0
966 1320 510 1353 1282 267:25027.0
1456 414 1545 580:22443.0
1349 1460 767 850 218:23333.0
888 349 1531 439 17:23700.0
648:45961.0
181:56712.0
1373 773 1096 620 1077 664 594 327 617:24099.0
773 1096 321 594 327 1342 617:25257.0
1373 773 1096 620 1077 664 594 327 1342 617:27249.0
383:47628.0
1433 108 618:24471.0
1373 773 1077 594 327 1342 617:22698.0
1239 1382 1266 57:22576.0
907 1433 1510 707 1556 1489:32138.0
1373 773 481 620 1077 594 1342 617:22615.0
684 1456 1140 441 1527 917 1439 584:35454.0
608 625 724 575 275 751 479:25376.0
1543 1400 1367 1171 1427 1044 218:28299.0
1524:53694.0
94 1186 1024 1236 237 287 414 1340 1512 271:23058.0
190:60368.0
684 1140 441 1527 1439 584:23986.0
94 1186 1446 404 1236 1340 271 1024 237 414 244 1512:22560.0
492:24530.0
1491 1118 991 166 1374 1314 1347:23017.0
94 1446 1236 287 271 1024 237 414 244 1512 1436:22966.0
404 1236 237 287 414 244 1340 1512 1436:22752.0
458:54112.0
1294:41680.0
881 438 1364 937 1048 958:23047.0
666 83 545 167 1244 1475 387 608:24322.0
1287:26196.0
1173 1506 558 487 470:27016.0
926 494 1136 44 1180 464 1463:23711.0
277 1315 932 1432 106 111:23343.0
491:27370.0
1186 1446 404 1236 287 1340 271 1024 237 414 244 1436:22732.0
1170:28350.0
94 1186 404 1236 287 1340 271 1024 237 414 1512 1436:24966.0
1403:34662.0
773 1096 1077 321 594 327 1342 617:25476.0
988 772 1281:22330.0
404 1236 287 1340 271 1024 237 414 244 1512 1436:24962.0
551 1433 1510 1556 1489:25019.0
1549:23829.0
1373 481 620 321 594 773 1096 664 327 1342 617:28102.0
773 481 620 1096 664 594 327 617:23964.0
773 481 1096 321 594 327 1342 617:25589.0
358:31464.0
882:68796.0
1292:61754.0
1373 773 1096 620 1077 321 594 327 1342 617:27197.0
277 1315 1153 1432 106:25485.0
773 481 1096 1077 664 321 594 327 617:23450.0
94 1186 1446 404 1236 287 1340 237 414 1512 1436:23236.0
1373 773 481 1096 1077 664 321 594 327 1342:22453.0
354:45110.0
729 486 1315 1332 1432 1459:23578.0
1446 1026 1229 87 1342 1163:25466.0
982 988 772 1431 1281:23505.0
1135 985 991 845 1295 862 569:22720.0
560 88 1276 1003 710 554 342:23351.0
241 1390 1450 751:28632.0
94 1186 1236 287 271 1024 237 414 244 1512 1436:22566.0
773 1096 1077 664 594 327 1342 617:25528.0
773 481 1096 1077 664 594 1342 617:23972.0
773 481 620 1096 321 594 1342 617:25174.0
300 445 349 17 439:22964.0
826 710 676 726 1049 1521 439:26880.0
1017:59582.0
1380 1447 442 1324 798 598:25380.0
724 625 751 479:22434.0
1497:38900.0
1312 1268 182 1295 37 625:24297.0
1046 1123 1412 1516 863 447 281:25472.0
521:28890.0
1373 773 1096 1077 664 321 594 327 617:23366.0
947 1197 1324 608:39756.0
1186 1446 1236 287 1340 271 1024 237 414 244 1512 1436:24202.0
11 510 1353 1320 267:22599.0
773 664 594 327 1342 617:23023.0
773 481 620 1096 664 321 594 617:22816.0
1289 873 384 1472 347:24440.0
1186 1446 1026 1229 87 1342 1163:25556.0
1198 728 805 1308 616 66:23892.0
1543 1367 1171 728 1427 1044 218:35515.0
1024 404 1236 237 287 414 1340 1512 271:23642.0
41:22428.0
1400 1367 1171 728 1427 1543:24810.0
1367 728 1427 218:22199.0
773 620 321 594 1342 617:22556.0
1140 441 1527 917 1439 584:26324.0
1400 1367 728 1427 1044 1543:29210.0
864:30208.0
424:31992.0
773 481 620 1096 664 594 327 1342:22719.0
300 888 445 349 17 439:24161.0
1072:57200.0
277 1315 1432 106:22309.0
788:69116.0
47 1045 719 763 76:25226.0
1433:22484.0
1324:70737.0
469:43197.0
773 481 1096 1077 321 594 1342 617:23920.0
937 1364 355 1120 958:22610.0
324:65238.0
773 481 1096 1077 321 594 327 617:22658.0
94 1024 1236 237 287 414 1340 1512 271:22978.0
1172 783 962 1378 130:23432.0
841 1251 99 602 76:25419.0
621:53625.0
1373 773 1096 664 321 594 327 617:23147.0
970:35037.0
1024 404 1236 237 287 414 244 1340 1512 271:24374.0
1064:28875.0
915:32136.0
486 1315 510 1282 1459:22785.0
841 515 858 1130 1401 542 1463:22568.0
1456 1140 441 917:24848.0
1186 1446 1236 287 271 1024 237 414 244 1512 1436:22390.0
667 1029 407 197 873 733 450:23834.0
952:41684.0
103:29664.0
1046 1123 1412 1516 863 1323 447:25139.0
966 11 510 1353 1282 267 743:26760.0
580:65120.0
1386 560 1136 1197 327:26158.0
94 1186 1446 404 1236 287 1340 271 1024 414 244 1512:23262.0
94 1446 404 1236 287 271 1024 237 414 244 1512:23698.0
336 36 725 9 895 625 958:23936.0
291:26235.0
1491 1118 991 675 166 1374 1314 1347:24307.0
1396 607 797 720 408:25450.0
1186 1024 1236 237 287 414 1340 1512 271:22402.0
1312 1268 182 87 37 625:25352.0
94 1186 1446 1236 287 271 1024 237 414 244 1512:22458.0
154:87570.0
666 545 167 1244 1475 387 608:22198.0
766 865 422 892 206 749 416:24166.0
133:56780.0
1120:31926.0
1250 900 1017 1345 840:22642.0
1373 773 1077 664 321 594 327 1342 617:24230.0
773 481 620 1096 321 594 327 617:23912.0
1373 773 481 620 1096 1077 321 594 327 617:24379.0
304:50274.0
94 1446 404 1236 1340 271 1024 237 414 244 1512 1436:23068.0
1373 773 1096 321 594 1342 617:23617.0
1436 404 1236 237 287 414 244 1340 1512 271:23052.0
1279 430 1389 796 1472 819:25454.0
1514 56 521 1324 1464 1164 1170 954:22357.0
484 650 161 1480 471:22169.0
1167 291 707 1256 967 890 1360:24746.0
1046 1412 863 447 281:22632.0
1436 1024 1446 1236 404 287 414 1340 1512 271:22382.0
267 1409 417 1272:28103.0
94 404 1236 287 1340 271 1024 237 414 244 1512:25030.0
1536:30296.0
333 1159 921 1154 1048:22598.0
1146:48320.0
468:54240.0
1373 773 620 664 594 327 1342 617:24744.0
1186 1024 1236 237 287 414 244 1340 1512 1436:23422.0
1426 1542 217 1043 1399 1365:23159.0
443:37152.0
1416:59850.0
498:24856.0
1436 1024 404 1236 237 287 414 244 1340 271:22172.0
59 49 486 168 1228 1224:23808.0
407 1056 1499 796 840:34837.0
1373 773 620 1077 664 594 1342 617:23075.0
94 1186 1446 404 1236 287 1340 271 1024 237 414 1512:24858.0
729 486 1315 1332 1282 1459:23286.0
136:35571.0
1046 1412 1516 863 1323 447 281:28634.0
1509:31980.0
1390 8 1450 751:31860.0
1135 985 519 991 845 862 569:23133.0
779 783 962 1378 1161 130:28164.0
359 486 10 459:23410.0
1446 404 1236 287 1340 1024 237 414 244 1512 1436:25142.0
773 321 594 327 1342 617:22971.0
11 510 1353 1320 267 743:24979.0
683:30404.0
94 1186 404 1236 287 1340 271 237 414 1512 1436:23056.0
1373 773 481 1096 664 594 327 1342 617:25889.0
1373 773 620 321 594 327 1342 617:24692.0
1186 1446 1236 287 1340 271 1024 237 414 1512 1436:23470.0
407 197 873 733 450:22771.0
729 486 1315 510 1282 1432 1459:24662.0
708:47530.0
1373 773 620 664 321 594 327 1342 617:25484.0
197 719 763 76:22295.0
8:35840.0
1373 773 481 1077 664 594 327 1342 617:23822.0
706:29276.0
1426 407 528 950 1093 478 382:26477.0
153:27056.0
889:58710.0
773 620 1077 664 321 594 1342 617:23567.0
1307:25748.0
1446 404 1236 287 271 1024 237 414 244 1512 1436:23630.0
530:61236.0
773 912 1482 490:23818.0
301:29370.0
1373 773 620 1077 594 1342 617:22283.0
772 339 1281:23960.0
1186 1446 404 1236 287 1340 237 414 244 1512 1436:23312.0
1426 727 1043 1365:22851.0
1153:44464.0
1373 773 1077 664 594 327 1342 617:23490.0
1024 1446 1236 237 287 414 1340 1512:22502.0
308:56560.0
727 217 1043 1399 1365:22995.0
1186 1024 1446 1236 237 404 287 414 1512 1436:22678.0
94 1186 1446 404 1236 287 1340 271 1024 414 1512:22530.0
1390:92500.0
773 1096 620 664 594 327 1342 617:26782.0
75:26235.0
94 1186 1446 1236 287 1340 271 1024 237 414 1512 1436:24126.0
843:24426.0
1543 1367 728 1427 218:27635.0
1227:52779.0
393:33900.0
1024 1236 237 287 414 244 1340 1512 1436:23342.0
1543 728 1427 1044 218:31447.0
1367 1504 1017 761 1267 1394 645:24201.0
831 332 1214 82 249 1287:22855.0
276:29014.0
1463:31744.0
718:35280.0
973 1260 511 341 24 1360 1210:22536.0
94 1186 1446 404 1236 287 1340 1024 237 414 244 1512:25290.0
94 1186 1446 404 1236 287 1340 1024 237 414 1512:24558.0
1436 1446 404 1236 237 287 414 1340 1512 271:22800.0
1542 727 217 1043 1365:22817.0
47 1045 197 719 763:22997.0
1186 1446 1026 1229 87 383 1342:23216.0
1250:55608.0
980:50666.0
1264:22750.0
1423:62656.0
484 650 161 105 1480 471:22429.0
25 753 71 640:22705.0
94 1186 1446 404 1236 287 1340 1024 237 244 1512 1436:22476.0
234 324 1273 640 1543:24119.0
510 1353 1282 267 743:23930.0
59 49 486 168 575 1228:23905.0
1186 1446 404 1236 287 271 1024 237 414 244 1512 1436:23710.0
1186 1229 87 383 1342:22262.0
558:99910.0
773 481 620 1096 594 327 1342 617:26322.0
1467:22446.0
1229 87 1342 1163:24512.0
1349 767 850 956 218:22429.0
1433 618:23203.0
300 888 445 349 17 439 595:24746.0
1412:38010.0
955:32600.0
1436 1446 1236 237 287 414 244 1340 1512 271:22212.0
907 1510 707 1556 1489:27028.0
773 481 620 321 594 1342 617:22888.0
551 1433 707 1556:25223.0
773 912 446 490 706:25805.0
841 86 99 602 292 76:26172.0
773 1096 620 1077 664 321 594 1342 617:25853.0
773 1096 620 1077 594 327 1342 617:26209.0
881 438 937 1048 958:22225.0
222:50440.0
1373 773 481 1096 321 594 1342 617:23949.0
1244:30130.0
1293:63519.0
1210:24000.0
1289 873 191 1472 347:25463.0
773 912 1482 236 706:25715.0
1456 441 1527 917:25378.0
1456 1140 441 1527 917 584:30658.0
63:56848.0
1229:55056.0
484 650 1526 1480 471:22201.0
1140 441 1527 917 584:24338.0
1456 1140 441 917 1439 584:27224.0
1119:35945.0
1154:27648.0
486 1315 510 1432 1459:23077.0
501:29040.0
1400 728 1171 1427 1044:23186.0
773 620 1077 664 321 594 327 617:22305.0
1024 1446 1236 237 404 287 244 414 1340 1436:22352.0
291 707 967 890 1360:23012.0
834:56604.0
94 1024 1446 1236 237 287 414 1340 1512 271:23458.0
1026 1229 87 383 1342 1163:27090.0
767:39146.0
387:74235.0
773 1096 620 1077 664 321 594 327 617:24591.0
94 1024 1446 1236 404 287 414 244 1340 1512:22882.0
773 481 1096 664 321 594 327 1342 617:26381.0
94 1186 404 1236 287 271 1024 237 414 1512 1436:23154.0
1312 182 87 37 625:24155.0
1373 773 664 321 594 1342 617:22123.0
551 907 1433 1510 707 1556:33429.0
1373 773 481 620 1096 1077 594 327 1342:22394.0
1373 773 481 1096 664 321 594 327 1342:22234.0
241 1390 8 1450:24896.0
1279 430 1472 819:23546.0
405 888 478 782 1270 1293 1210:23207.0
997:54240.0
402:58101.0
1386:48276.0
1136:48645.0
486 1315 1332 1282 1459:22305.0
773 481 620 1096 1077 594 1342 617:24653.0
1107:27722.0
94 1186 404 1236 237 287 414 1340 1512 1436:22756.0
453:31548.0
601:28160.0
241 1390 8 1450 751:31992.0
94 1186 1446 1236 287 1340 271 237 414 1512 1436:22216.0
1237:58824.0
486 1315 1332 1432 1459:22597.0
1080:42363.0
1386 411 427 1469 132 1220 1207:22674.0
1186 1446 404 1236 287 1340 271 1024 414 244 1512:22606.0
531:30976.0
1543 1400 1367 728 1044 218:27845.0
1186 1024 404 1236 237 287 414 244 1340 1512:24154.0
1478:42408.0
1186 1024 1446 1236 237 404 287 244 414 1512:22822.0
986:34151.0
336:36087.0
80:47380.0
773 912 446 1482 236 706:25983.0
404 1236 237 287 414 244 1340 1512 271:22464.0
1373 773 481 620 1096 1077 321 594 327 1342:23134.0
625 724 575 275 751 479:22955.0
82:37600.0
1090:25380.0
25 574 753 1429 71 640:27549.0
1426 407 528 1093 390 478 382:24127.0
94 1024 1236 237 287 414 244 1340 1512:23410.0
1437 351 205:23443.0
63 1171 705 1327 1032 749:22794.0
1024 1446 1236 404 287 414 244 1340 1512 1436:22814.0
300 888 349 17 439:22307.0
988 772 339 1281:24101.0
1007:54392.0
1173 171 1030 558 487 470:28276.0
1312 182 37 625:22161.0
1260 511 341 1243 1360 1210:22670.0
1186 1024 1236 237 287 414 244 1340 1512 271:23134.0
94 1186 1446 1236 287 1340 271 237 414 244 1512:22360.0
94 1446 404 1236 287 1340 1024 237 414 244 1436:23008.0
1367 1171 728 1044 1543:23580.0
815 521 937 798 471:23768.0
1261:70692.0
94 404 1236 287 271 1024 237 414 244 1512 1436:23806.0
138:24640.0
941:23124.0
702:33234.0
422:29584.0
20:54488.0
300 888 445 349 1531 439 17:26769.0
936 1086 797 814 1357 520 470:23516.0
1412 1516 1323 447 281:22571.0
1426 407 1093:26633.0
926 494 614 44 1180 464 1463:22407.0
408:63911.0
430 1472 819:22342.0
1135 985 991 845 1295 862:22310.0
943:71380.0
366:48174.0
1456 1140 441 1527 1439:27106.0
1349 1532 1460 850 956 218:24307.0
1433 1510 707 1556:31206.0
94 1024 1446 1236 287 414 244 1340 1512 1436:22150.0
865:22506.0
1446 404 1236 237 287 414 244 1340 1512 271:22944.0
1373 773 1096 620 1077 321 594 617:22159.0
773 481 620 1096 594 1342 617:24434.0
146:32496.0
901:27777.0
1092 237 1229 87:22818.0
133 753 337:22160.0
1026 1229 87 383 1342:22806.0
430 1389 1472 819:23212.0
1186 1446 404 1236 287 1340 271 1024 237 414 1512 1436:24790.0
1312 1268 182 1295 87 37 625:26291.0
1433 1510 1556 1489:23210.0
94 1024 404 1236 237 287 414 244 1512:22918.0
1186 1446 404 1236 287 1340 1024 237 414 1512 1436:24490.0
815 521 798 944 471:25224.0
773 481 1096 1077 321 594 327 1342 617:25808.0
141:46354.0
684 1456 441 1527 584:23430.0
1056 1499 796 840:29013.0
1527:32520.0
753 1429 71 640:23115.0
1504:28046.0
1516:32398.0
1163:68544.0
1024 1446 1236 237 287 414 1340 1512 271:22802.0
1505:26532.0
1046 1123 1412 1516 447 281:22169.0
1092 237 1179 1229 87:27750.0
841 1251 86 99 76:23075.0
982 772 1281:23063.0
739:30020.0
619:49824.0
747:42560.0
912 446 1482 490 236 706:22693.0
907 1510 707 1556:26510.0
1339:25612.0
936 1086 797 1357 520 470:23066.0
1186 1026 1229 87 383 1342:22896.0
1373 773 481 620 1096 1077 594 1342 617:24901.0
521 937 1087 798 944 471:24844.0
1186 1026 1229 87 1342 1163:25236.0
404 574 953 391 1306 87 1556 1036:22546.0
1373 481 620 1077 321 594 773 1096 664 1342 617:26433.0
1024 1446 1236 237 287 414 244 1340 1512 1436:23822.0
94 404 1236 237 287 414 1340 1512 271:22388.0
231:48672.0
94 1446 1236 287 1340 271 1024 237 414 1512 1436:24046.0
1345:31096.0
350:27360.0
249:27548.0
333 1159 672 921 1154 416 1048:24065.0
307:31137.0
94 1446 404 1236 287 1340 1024 237 414 244 1512:25210.0
729 486 1315 510 1432 1459:24058.0
1456 91 414 1545 580:23211.0
1382:58800.0
407 1499 840:26061.0
684 1456 1140 441 1527 1439:29916.0
94 1186 404 1236 287 1340 271 237 414 244 1512:23200.0
760:33234.0
1475:43792.0
267 1409 1272:26772.0
856:26100.0
1227 937 611 661 954:22151.0
1378:38874.0
1373 481 1077 321 594 773 1096 664 327 1342 617:26848.0
1054:27945.0
1446 1229 87 383 1342 1163:26776.0
218 1400 329 1144 325 1121 718:23283.0
231 1263 287 308 470:23780.0
1186 1446 404 1236 287 1340 271 1024 237 414 244 1512:24934.0
773 481 620 1096 664 594 327 1342 617:27114.0
59 49 486 168 1228:23520.0
684 1456 1140 441 1527 917 584:33468.0
795:40920.0
1523 1317 924 535 735 1500:22323.0
1268 182 37 625:22238.0
647:54993.0
1400 1367 728 1427 1543:23070.0
94 1024 404 1236 287 414 244 1340 1512:22402.0
1373 773 481 1077 664 321 594 327 1342 617:24562.0
407 950 1093 382:22327.0
407 528 1093 478 382:22439.0
1456 1140 441 917 584:25238.0
613:42460.0
1186 1446 404 1236 287 1340 271 1024 237 244 1512 1436:22120.0
94 1186 404 1236 287 1340 271 1024 237 414 1512:24378.0
94 1186 1024 1236 237 287 414 244 1340 1512:23490.0
50 1429 1441 1119:23275.0
94 1186 404 1236 237 287 414 1340 1512 271:22468.0
725:27776.0
407 528 950 1093 390 382:23947.0
94 1186 1446 1236 287 271 1024 237 414 244 1512 1436:23046.0
710:22538.0
726:61074.0
1373 773 664 594 327 1342 617:23271.0
684 1456 441 1527 1439:25026.0
277 1153:22795.0
773 481 620 664 321 594 327 1342 617:25568.0
1367 1171 1427 1044 218:22143.0
11 510 1353 1282 267:22355.0
1373 773 481 321 594 327 1342 617:23551.0
1367 678 1504 1017 761 1267 1394 645:26441.0
397 1092 237 1179 1229:24268.0
773 912 1482 490 236:24638.0
1209:40200.0
605:31250.0
1543 728 1171 1044 218:26537.0
277 1315 1432 106 111:23037.0
1380 1447 442 1324 798:24924.0
1239 1382 1266 57 596:26437.0
684 1456 1140 1527 917:24588.0
1373 773 620 1077 664 321 594 327 1342 617:25703.0
626:23595.0
1186 1446 404 1236 287 1340 1024 237 414 244 1512 1436:25222.0
921:79200.0
94 1186 1446 1236 287 1340 271 1024 414 244 1512 1436:22530.0
881 937 355 958:22458.0
1373 773 1096 620 1077 594 327 617:23307.0
976 277 753 421 520 1292:23706.0
1373 773 481 620 1096 321 594 327 1342:22915.0
1186 1446 404 1236 287 1340 1024 237 414 244 1512:24634.0
769:34816.0
831 1214 82 249 138 1287:23738.0
506:46330.0
1373 773 1096 620 1077 664 321 594 617:22951.0
70:22572.0
234:24948.0
815 521 1087 798 944 471:25720.0
1373 773 1096 1077 664 321 594 327 1342:22121.0
623:26606.0
684 441 1527 917 1439:23854.0
295:65688.0
1260 1543 139 1327 295 185:22567.0
17 888 349 1531 439 595:24285.0
1046 1412 863 1323 447:22299.0
1373 773 481 594 327 1342 617:22811.0
966 510 1353 1282 267:23575.0
1024 1446 1236 237 404 287 244 414 1512 1436:23330.0
773 1096 1077 594 327 1342 617:24736.0
94 1446 404 1236 287 1340 1024 237 244 1512 1436:22396.0
773 1096 620 1077 321 594 327 1342:22554.0
773 1096 620 1077 594 1342 617:24321.0
949:24206.0
1532 1460 767 850 956 218:22491.0
6:37583.0
1024 1446 1236 237 287 414 244 1340 1512 271:23534.0
94 404 1236 287 1340 271 237 414 244 1512 1436:23708.0
773 912 490 236 706:26357.0
404 1236 237 287 414 244 1340 1512:22164.0
1186 1024 1446 1236 237 287 414 1340 1512 1436:23170.0
1543 1367 1427 1044 218:25839.0
840:47630.0
359 486 10 309 459:29806.0
1251 86 99 602 76:24592.0
773 1096 1077 594 1342 617:22848.0
1426 407 1093 390 478 382:23671.0
1373 773 481 1077 664 321 594 1342 617:22674.0
1511 419:24752.0
773 620 1077 321 594 327 1342 617:24663.0
1289 873 1549 384 1472 347:24947.0
1426 407 528 1093 478 382:22963.0
94 1024 1446 1236 237 404 287 244 414 1340:22420.0
47 197 719 763:22311.0
1221:31920.0
793:23000.0
219:36045.0
772:44308.0
17 300 445 349 1531 439 595:26157.0
1373 773 1096 620 664 321 594 327 1342:23375.0
94 1186 1236 287 1340 271 1024 237 414 244 1512:23790.0
94 1186 1024 404 1236 237 287 414 1512:22266.0
1286:55614.0
922:25428.0
215:38824.0
486 1315 510 1332 1282:23083.0
823:43848.0
397 1092 1229 87:24154.0
533:40131.0
1349 656 107 845 739 1422 596:22331.0
1224:28224.0
773 481 594 327 1342 617:22563.0
1525:40260.0
398:24101.0
94 1024 1236 237 287 414 1340 1512:22678.0
352 336 36 725 9 895 625 958:25340.0
1279 430 796 1472 819:24584.0
1289 873 384 1472 347 280:24890.0
926 494 44 1180 464 1463:22301.0
1373 773 1096 664 594 327 1342 617:25557.0
1373 773 481 620 1096 1077 664 321 594 617:23283.0
1543 1400 1367 1171 728 218:23445.0
1206:27956.0
438 937 355 1048 958:26393.0
1412 1516 863 447 281:22544.0
1349:57884.0
352 336 36 725 9 895 625:22685.0
486 1315 510 1332:22479.0
1373 773 481 620 1096 1077 664 594 1342 617:25693.0
551 1510 707 1556 1489:28423.0
640:60368.0
1024 1446 1236 237 404 287 414 1340 1512 1436:24410.0
1013:39704.0
1367 1171 1427 1044 1543:22294.0
200 290 882 394 893 1298 716 776:22526.0
966 1320 1353 267 1282 743:24755.0
1239 1382 57 596:23512.0
94 1446 404 1236 237 287 414 244 1340 1512:23300.0
352 336 36 9 895 625 958:24038.0
1024 1236 237 287 414 1340 1512 271:22322.0
1412 863 1323 447 281:23202.0
430 1389 796 1472 819:24250.0
782:40865.0
1373 773 481 1096 664 594 1342 617:24001.0
94 1186 1446 404 1236 287 271 1024 237 414 244 1512 1436:24366.0
773 1077 664 594 327 1342 617:23242.0
783:65238.0
1289 873 191 1549 384 1472 347:26677.0
1373 773 1096 1077 594 327 1342 617:24984.0
841:26860.0
1349 1532 1460 850 218:22247.0
773 1096 620 1077 664 594 327 617:23851.0
612:38155.0
484 1443 1277 1527 468 1287:22195.0
1446 404 1236 287 1340 271 1024 237 414 244 1436:22652.0
94 1446 404 1236 237 287 414 1340 1512:22568.0
94 1446 404 1236 287 1340 271 1024 237 414 244 1512 1436:26098.0
1234:22878.0
333:40536.0
94 1024 404 1236 237 287 414 244 1340 1512:24730.0
996 1072 114 469 1466 91 270 1478:23711.0
1435:29316.0
753:70500.0
684 1456 1140 1527 917 584:24978.0
1222:37928.0
862:69700.0
1373 773 620 664 321 594 327 617:22334.0
1312 182 1295 37 625:23100.0
94 1186 1446 404 1236 287 1340 1024 237 414 244:22500.0
1436 94 1236 237 287 414 244 1340 1512 271:22388.0
729 486 1315 1332 1282 1432 1459:24182.0
773 620 664 321 594 1342 617:23348.0
773 1096 664 594 327 617:22159.0
1491 1118 991 675 1374 1314 1347:22747.0
438 1364 937 355 1120 1048 958:27841.0
625 275 751 479:22297.0
94 1186 1446 404 1236 1340 271 1024 237 414 244 1512 1436:23148.0
1373 773 1096 620 321 594 327 1342:22583.0
407 636 774 1056 1499 840:23247.0
728:104160.0
1436 1024 1446 1236 237 287 414 1340 1512 271:23390.0
326:28658.0
1356:52234.0
1186 404 1236 287 1340 271 1024 414 244 1512 1436:22714.0
1367 678 1504 1017 761 1267 645:25773.0
94 1446 404 1236 237 287 414 1340 1512 1436:23156.0
1373 773 481 1096 664 321 594 327 617:23479.0
676:24612.0
975:25102.0
392:28665.0
914:34500.0
773 620 664 594 1342 617:22608.0
94 1024 1446 1236 237 287 414 244 1512 1436:22666.0
486 1315 1332 1282 1432 1459:23201.0
992 230 1385 1451 31 343 447 596:22356.0
1031:32132.0
1223 1426 1289 434 181 284:22308.0
94 1186 1446 404 1236 287 1340 1024 237 414 244 1512 1436:25878.0
17 888 445 349 1531 439 595:26139.0
44:62624.0
397 1092 1179 87:23134.0
1446 404 1236 287 1340 271 1024 237 414 244 1512 1436:25442.0
1373 773 1096 620 1077 664 321 594 327 1342:23594.0
926 50 1429 1441 1119:23651.0
1373 773 1096 620 664 594 327 617:23880.0
1024 1446 1236 237 404 287 414 1512 271:22310.0
773 912 1482 706:24895.0
467:37376.0
11 510 1353 1320 1282 267 743:26187.0
926 494 1136 44 464 1463:23108.0
1373 773 1096 620 1077 321 594 327 1342:22802.0
385:31270.0
36:52629.0
24:29128.0
897 1419 997 1120 1453 338:22666.0
766 865 422 892 206 749:23026.0
208 25 753 71 640:24801.0
1373 773 481 1096 664 594 327 617:22739.0
1032:41308.0
1024 1446 1236 404 287 414 244 1340 1512 271:22526.0
950:32630.0
1159 910 1076 970 100 271:23377.0
773 481 620 664 594 327 1342 617:24828.0
1186 404 1236 287 1340 271 1024 237 414 1512 1436:24310.0
1554:23994.0
1024 1236 237 287 414 244 1340 1512:22754.0
695:26714.0
766:34160.0
270:39360.0
407 1499 796 840:28137.0
1373 773 481 620 1077 664 321 594 327 617:22885.0
988 772 1431 339 1281:24402.0
677:39370.0
1373 773 481 620 1077 321 594 1342 617:23355.0
17 349 1531 439 595:23088.0
248:43140.0
773 481 620 1096 1077 594 327 1342:22146.0
87:43868.0
94 1186 1236 287 1340 1024 237 414 244 1512 1436:24078.0
554:53845.0
773 481 1077 664 321 594 1342 617:22426.0
773 481 620 1096 321 594 327 1342 617:27062.0
490:41496.0
751:87813.0
1198 728 1308 66 1381:22981.0
1429:25620.0
773 1096 620 1077 321 594 1342 617:25061.0
966 1353 267 1282 743:23303.0
1373 773 1096 620 664 594 1342 617:25142.0
343:34720.0
1401:33020.0
1486:33348.0
94 1186 404 1236 287 1024 237 414 244 1512 1436:23586.0
175:40774.0
484 1443 1264 1277 1527 468 1287:22945.0
397 1092 237 1179 1229 87:30250.0
1456 1140 441 1527 917 1439:32254.0
773 481 1096 1077 664 321 594 327 1342:22205.0
766 865 422 892 206 749 716:23396.0
1512:41850.0
1373 773 481 1096 664 321 594 1342 617:24741.0
1373 773 481 620 1096 321 594 327 1342 617:27310.0
1400 1367 1171 728 1427 1044 218:30799.0
1046 1412 1516 1323 447 281:25331.0
494 1136 614 44 1180 464 1463:22125.0
615:31968.0
917:27456.0
1523 1317 924 847 535 735 1500:23163.0
773 1096 620 664 594 327 1342:22387.0
888 445 349 17 439:22946.0
996:29748.0
877:61404.0
1450:45724.0
1543 1400 1367 1171 728 1427 1044 218:36235.0
773 1096 620 321 594 327 1342:22335.0
1373 773 481 620 664 321 594 327 617:22666.0
1510:61362.0
1436 94 1024 1236 237 287 414 244 1512 271:22486.0
1362:36792.0
1373 773 1077 321 594 327 1342 617:23438.0
197:61815.0
1412 1516 863 1323 447 281:25874.0
130:59964.0
94 1186 1446 1236 287 1340 237 414 244 1512 1436:22648.0
951:45045.0
897 1419 997 1120 1453:22358.0
1426 407 950 1093 390 382:24015.0
333 1159 672 921 1154 1048:22925.0
991:62916.0
1373 773 1096 620 1077 664 321 594 1342 617:26101.0
1373 773 481 620 1096 1077 321 594 1342 617:25641.0
1046 1412 1516 863 447 281:25304.0
397 1092 237 1229 87:25318.0
1436 1024 1446 1236 237 287 414 244 1512 271:22310.0
773 481 1096 664 321 594 327 617:23231.0
1456 1140 441 1527 584:25510.0
208 574 753 1429 71 640:25785.0
441:51789.0
53:75348.0
1543 1400 728 1427 1044 218:32167.0
459:57028.0
334:23920.0
783 962 1161 130:23138.0
594:29842.0
1092 1229 1179 87:26586.0
1145:28786.0
94 1186 404 1236 287 1340 271 1024 237 244 1512 1436:22296.0
1024 404 1236 237 287 414 244 1512 271:22562.0
277 1315 1153 932 1432 106:25791.0
1186 1446 404 1236 237 287 414 244 1340 1512:22724.0
773 481 620 1096 1077 664 321 594 327 1342:23678.0
1367 1171 728 1044 218:23429.0
200 500 1548 650 533 550 677:22803.0
333 1159 910 1076 970:23137.0
1098:52292.0
773 912 446 236 706:22635.0
47 197 719 763 76:29295.0
94 1446 1236 237 287 414 244 1340 1512 1436:22568.0
333 1159 672 921 1537 1154 416 1048:24677.0
913:24682.0
282:33231.0
1456 441 917 1439 584:22334.0
962 950 1511 1156 480:22566.0
1156:66913.0
824:43710.0
94 1186 1024 404 1236 237 287 414 244 1512:22998.0
1024 404 1236 237 287 414 244 1340 1512 1436:24662.0
484 1264 1277 189 1527 468 1287:22337.0
234 324 1273 811 640 1543:25919.0
764:22572.0
831:75712.0
94 1446 1236 287 1340 271 1024 237 414 244 1512:24190.0
684 1456 441 1527 917:28188.0
1506 171 558 487 470:22376.0
1382 153 57 596:25203.0
407 636 774 1056 1499 796 840:23766.0
1456 364 934 784 225 275 1500:22390.0
773 481 620 1096 1077 594 327 617:23391.0
19:27408.0
1172 783 962 1378 1161 130:26640.0
1400 1367 1171 728 1427 218:24659.0
1367 678 1017 761 1267 1394 645:23030.0
1543 1171 1427 1044 218:25251.0
94 1186 1446 404 1236 287 1340 271 1024 237 414 1436:22656.0
1320 510 1353 1282 267:23002.0
1400 728 1171 1427 218:22331.0
966 510 1353 267 743:24747.0
1327:29600.0
976 117 1419 233 1292 470 637:24811.0
976 117 1419 466 470 637:22118.0
1543 894 378 1327 295 185:22782.0
1543 1400 1367 728 1427 218:28355.0
773 481 1096 664 594 327 1342 617:25641.0
1373 773 1096 620 594 327 617:23088.0
182:45648.0
773 1096 664 321 594 327 617:22899.0
982 988 772 1281:23204.0
1456 441 1527 1439 584:22606.0
94 1186 1024 1446 1236 404 287 414 1340 1512:22230.0
1353:53340.0
290 1324 267 282 546 1032 1028 386:22910.0
258:38280.0
1024 1446 1236 237 287 414 1340 1512 1436:23090.0
300 888 349 17 439 595:22892.0
973 511 341 24 1243 1360 1210:23111.0
773 1096 620 594 327 1342 617:25990.0
94 1186 1236 287 1340 271 1024 237 414 1512 1436:23646.0
1373 773 481 1077 594 327 1342 617:23030.0
1024 1446 1236 237 404 287 244 414 1512 271:23042.0
907 1433 1510 707 1489:22348.0
729 486 1315 1332 1459:22682.0
608 724 575 625 751 479:24932.0
1426 1542 727 1043 1365:23555.0
826 710 676 726 1049 1521:22392.0
1046 1123 1412 1323 447 281:22827.0
728 1171 1427 1044 1543:27902.0
1426 727 1043 1399 1365:23733.0
1386 560 1136 1197:25214.0
1459:35460.0
773 481 620 1096 1077 321 594 327 1342:22886.0
1499 796 840:22313.0
208 25 574 753 1429 71 640:29645.0
684 1456 1140 441 1527 584:28320.0
858:45640.0
660:36134.0
471:77982.0
638 1104 1536 920 1380 1174 1470 1180:24664.0
94 1186 1446 1236 287 271 1024 237 414 1512 1436:22314.0
773 1096 594 327 1342 617:24517.0
1186 1446 404 1236 287 1340 271 1024 237 414 244 1512 1436:25522.0
25 753 1429 71 640:26975.0
684 441 1527 917 1439 584:24244.0
1290:54579.0
559:28143.0
1535:22230.0
1373 620 1077 321 594 773 1096 664 327 1342 617:27989.0
407 528 1093 390 478 382:23603.0
976 117 1419 466 233 1292 470 637:25931.0
405 888 478 782 1293 1210:22607.0
551 1433 707 1556 1489:25741.0
773 481 620 1077 664 321 594 1342 617:23899.0
1373 773 481 620 1077 321 594 327 1342 617:25243.0
1197:57846.0
1214:52794.0
773 481 620 1077 664 321 594 327 617:22637.0
815 521 937 798 944 471:28648.0
521 937 798 944 471:24348.0
325:31682.0
936:31424.0
1024 1446 1236 237 404 287 244 414 1512:22742.0
1279 1389 1472 819:22922.0
728 1171 1427 1044 218:27751.0
94 1186 404 1236 1340 1024 237 414 244 1512 1436:22368.0
1456 414 1545 580 996:24663.0
79:39072.0
1186 1446 404 1236 287 271 1024 237 414 244 1512:23122.0
1446 404 1236 287 1340 271 1024 237 414 1512 1436:24710.0
1400 728 1427 1044 1543:26882.0
1426 727 217 1043 1365:23685.0
626 1412 1312 1296 87 183 1269:22118.0
1322:25576.0
1373 773 481 620 1096 321 594 327 617:24160.0
962:68935.0
94 1186 404 1236 287 1340 271 1024 237 414 244 1436:22908.0
944:40504.0
1373 773 481 620 321 594 1342 617:23136.0
773 481 620 1096 664 321 594 327 1342:23459.0
924 1223 1373 1344 281 1128:22645.0
1436 1186 404 1236 237 287 414 1340 1512 271:22400.0
1373 773 1096 620 1077 664 594 1342 617:25361.0
1068:40967.0
1118 991 675 166 1374 1314 1347:22792.0
907:35190.0
419:39312.0
849:23638.0
1396 1190 1373 607 797 408:24392.0
1186 1229 87 1342 1163:24602.0
94 1186 404 1236 287 1340 271 1024 414 1512 1436:22638.0
684 441 1527 917 584:22258.0
479:43601.0
397 1092 1229 1179 87:29086.0
1510 707 1556 1489:26614.0
486:76524.0
1349 1532 767 850 218:22457.0
1186 404 1236 237 287 414 244 1340 1512 271:22544.0
