1543
94 1024 1446 1236 237 404 414 244 1340 1512
753
94 1186 404 1236 237 287 414 1340 1512
441
773 481 1096 1077 664 321 594 327 617
1426 727 217 1043 1399 1365
907 1510 707 1556
94 1446 404 1236 237 287 414 244 1340 1512
94 404 1236 237 287 414 244 1340 1512
1510
1186 1446 404 1236 237 287 414 1340 1512 271
1342
333 1159 672 921 1154 416
271 1186 404 1236 237 287 414 1340 1512 1436
1446 1236 287 1340 271 1024 237 414 244 1512 1436
1373 773 481 620 1096 594 1342 617
1373 773 481 620 1096 664 594 327 617
414
1373 773 594 327 1342 617
773 481 620 1096 594 327 617
594
1373 773 1096 1077 594 1342 617
667 407 197 873 733 450
1289 873 191 384 1472
907
1186 404 1236 237 287 414 244 1340 1512 1436
773 481 620 664 321 594 327 617
1373 773 1096 321 594 1342 617
773 1096 620 664 321 594 327 1342 617
1024 1446 1236 237 287 414 1340 1512 271
684 1456 1140 441 1527
94 1024 404 1236 237 287 414 1340 1512
486
1236
287
620
617
773
1024 404 1236 287 414 244 1340 1512 1436
1367
94 1186 404 1236 287 1340 271 1024 414 244 1512
1186 1024 1236 237 287 414 244 1340 1512
773 1096 664 594 1342 617
773 481 1096 594 1342 617
182
773 620 1077 594 327 1342 617
1472
