34 29 36 52 31 60 58 42 62 40
64 5 56 7 29 52 60 40 34 36 62
56 29 7 52 60 66 40 34 36 9 42 62 3
64 56 29 7 58 60 40 36 31 42 62
56 29 58 52 60 40 48 34 31 62 3
29 7 36 52 31 9 60 62 58 40
64 5 56 7 29 58 52 60 40 48 34 36 31 62
64 56 29 7 58 52 60 40 31 42 62
34 29 7 58 9 60 62 40 48
34 29 7 36 58 60 66 62 40
64 56 29 7 25 58 52 60 40 34 42 62
5 56 29 7 58 52 60 66 40 48 34 36 62 3
56 29 7 58 52 46 66 40 48 34 36 62
64 56 29 7 58 60 66 62 40
34 56 29 7 36 52 60 66 62
5 56 29 7 58 52 60 46 66 40 48 34 62
5 56 29 7 25 58 52 60 40 34 62 3
5 56 34 7 29 58 52 9 66 62
5 56 34 29 58 52 9 42 62 40
64 5 56 34 29 58 52 60 62 40
5 56 29 7 58 60 40 34 44 9 62
56 29 7 58 60 40 48 36 31 9 62 3
34 56 29 36 58 9 46 60 62 40
64 56 34 7 29 60 42 66 62 40
5 56 29 58 52 60 66 40 36 9 62 3
56 29 7 36 52 9 60 58 40
5 56 29 58 52 60 66 40 48 34 36 62
64 56 29 7 58 52 60 66 40 34 36 42 62
34 56 29 7 58 31 62 3 40
5 56 29 7 58 60 40 34 36 9 62 74
5 56 29 7 58 52 60 40 48 34 62
56 29 7 25 52 60 40 34 36 9 62
5 56 29 7 58 52 60 40 48 36 42 62
64 56 29 58 52 60 40 48 34 36 9 42 62
56 29 7 58 60 66 34 36 31 9 62
5 34 29 36 58 31 9 60 62 40
34 56 29 58 31 60 62 40 48
5 56 29 7 58 60 40 48 34 36 9 62
56 29 7 58 52 60 66 40 34 36 31 9 62 3
64 56 29 7 58 60 66 40 48 34 36 31 42 62
5 56 29 58 52 60 66 40 34 36 31 62
5 56 34 29 36 58 62 3 40
56 29 25 36 58 60 62 40 48
56 29 25 58 52 60 66 40 34 9 42 62
5 56 29 7 58 31 60 42 62 40
64 56 29 7 58 52 60 66 34 9 42 62
64 56 29 7 58 52 60 62 40 48
64 56 29 58 52 60 66 40 34 9 62
56 29 36 58 60 66 62 40 48
29 7 58 52 60 40 48 34 36 31 9 62
5 56 29 58 60 66 40 48 34 36 9
34 29 7 36 60 66 62 40 48
34 56 29 7 25 58 52 60 66 40
5 56 29 7 58 52 60 40 42 62 3
34 56 29 7 36 58 60 40
5 56 29 58 52 60 40 48 34 36 9 62
34 29 36 58 9 60 66 62 40
5 29 25 58 52 60 66 40 48 34 36 9 62
29 7 58 52 60 66 40 48 34 36 31 62
5 56 34 29 58 52 9 60 62 48
64 5 56 7 29 58 52 60 66 40 36 42 62
34 56 29 7 36 52 60 40
56 29 7 58 52 72 60 66 40 48 34 36 62 3
5 56 29 58 60 66 40 34 36 9 42 62 3
56 29 52 60 66 40 48 34 36 42 62
34 56 29 7 58 60 62 48
56 29 7 58 52 31 60 62 40 48
5 56 34 29 25 58 60 66 62 40
64 56 29 7 58 52 60 40 34 36 42
64 5 56 7 29 52 60 40 34 36 9 62
56 29 7 58 60 40 34 36 38 9 62
5 56 34 7 36 58 9 60 62 40
5 56 34 29 36 60 66 62 40
5 56 29 52 60 66 40 34 36 9 62 3
64 56 29 7 25 58 60 40 48 34 36 62
5 56 29 58 52 60 66 62 40
56 7 58 52 60 66 40 34 9 42 62
5 56 29 7 58 60 40 48 34 44 36 62
34 29 7 36 52 9 58 62 40 48
56 29 7 58 60 48 34 36 9 42 62
64 56 29 25 58 52 60 40 48 34 36 62
56 29 7 52 60 66 40 48 34 36 62
