34 152 2 574 804 344 621 323
799 920 912 133 451 827 423
32 812 266 206 598 160
79 708 309 756 424 204 428 801
574
208 781 547 300 296 286 726 941 186
707
708 309 756 424 204 428
896
894
335 309 756 424 204 428 683
335 309 756 424 204 428 801
79 335 309 756 424 204 428
34 152 2 11 574 276 621 344 323
799 920 912 133 451 423
79 309 756 424 204 428
291
117
907 409 305 900 211 573 106
32 266 206 598 159 160
799 920 451 827 423
508 985 711 487 739
781 547 888 941 796 208 300 296 938 286 726 186
79 335 309 756 424 204 428 801
947 493 783 896 915 677 437
305
