49 311 66
49 2239 271
214 40
791 42 40
385
39 238 37
2793
1815 40
10449
50 40
1815
33 339
1136 33
186 40
49 272 226
49 414 42 40
171 111 40
49 33 111 40
571 40
49 124 42
810
49 832
49 2242
10445
1097 40
49 535 40
39 49 14099
704
171 33 42
148 40
33 825 40
61 49 42 40
1147 49 3617
879
49 76
33 15833
399
39 49 42 37
49 1815 42
33 42 40 271
49 249
49 416
49 957 42
754
49 33 16011 16012
49 678 40
2400
49 33 2959 40
39 49 372 40
1873
1586 40
2052 40
49 287
39 171 33
39 49 3905
875
549
784 42 40
33 476 40
33 226
784 42
39 2239 40
3554
39 49 791 42
