5153
171 37 40
406 49 40
49 2239 271
49 33 40 48
49 16011 16012 40
39 171 40
12926
39 49 80
271
49 33 118
476 238
39 38 42
39 49 476
49 553
171 33 40
272 42 40 271
33 40 271
1343
49 1240 40
663
61 42
162
310 1270 1379
66
2516
49 90 42 40
1391 40
794
807
39 49 40 271
49 413
39 49 33 287
49 421 40
10447
2516 40
1081 310
49 705
49 262 40
16432 49 16431
39 14099 40
49 42 226 40
13 40
49 650 40
4384
741 40
39 49 171 42
49 4995 40
49 605
42 14099 40
33 339
1394 40
39
42 2169
39 49 282
33 534
49 476 40
831
49 375 40
53
33 31
39 49 90
39 42 111 40
49 1715 40
49 741 40
49 773 40
49 866
4557
49 42 1394 40
841
49 42 202
1482 40
49 302 33
39 49 476 40
2764 40
12474
61 40
767 40
39 49 90 40
419
39 33 111
1031
49 408
12947 40
39 678
928 40
49 226 40
39 33 42
1498
49 311 238
111 40
33 42 80
39 49 57 40
12474 49
32 49
42 80
99
272 226 271
49 572
2525 40
406
39 841 49 40
49 1873
754
249
39 37
49 42 80
