260 493 990 194 578 198 424 527 73:1.980507e6
402 990 194 73 424 527 522:1.838926e6
402 493 194 842 198 424 527 73 522:2.047886e6
260 493 33 194 842 198 424 73 522:2.014506e6
402 33 194 578 198 424 73 522:1.973872e6
402 33 990 194 578 198 842 527 73 522:2.078862e6
33 990 578 198 424 73:1.809794e6
493 990 578 198 424 73 522:1.873653e6
493 33 990 842 198 424 527 522:2.049141e6
493 990 194 578 198 424 527 73 522:2.138663e6
260 402 33 990 578 198 424 842 527 522:2.071703e6
461:2.017291e6
402 990 194 73 198 424 527 522:2.103022e6
260 402 33 424 522 493 194 578 842 527 73:2.149916e6
260 402 990 424 522 493 194 578 842 527 73:2.12117e6
402 33 990 578 198 527 73 522:1.986563e6
260 33 990 194 73 424 527 522:2.022007e6
260 402 493 33 194 578 198 424 522:1.845593e6
402 493 990 194 842 198 527 73 522:1.952528e6
260 402 493 33 990 194 578 73 424 522:2.218208e6
33 990 578 198 424 73 522:2.013139e6
260 402 33 990 194 578 198 424 842 73:2.114343e6
260 402 33 990 424 522 493 194 578 198 842 527:2.303276e6
260 33 990 194 73 198 527 522:1.889416e6
402 493 33 842 198 424 527 522:1.955993e6
355:2.00498e6
402 33 990 194 578 424 527 522:1.841667e6
260 402 990 194 842 198 527 73 522:1.801469e6
402 493 33 194 842 198 527 73 522:1.991383e6
260 33 990 194 578 198 424 842 73 522:2.116691e6
260 402 493 33 990 194 578 198 842 73:1.913541e6
402 493 33 578 198 842 527 73 522:1.940639e6
260 33 990 194 578 842 424 527 73 522:2.065807e6
493 33 990 578 73 424 522:1.950628e6
260 402 33 842 73 424 527 522:1.893183e6
402 33 990 578 198 424 527:1.840744e6
402 493 33 194 73 424 527:1.878679e6
260 402 493 33 990 578 198 842 73:1.857207e6
33 990 194 578 198 527 73 522:1.858259e6
402 33 578 198 424 527 73:1.918422e6
493 33 990 194 73 424 527:1.97575e6
493 194 578 198 424 842 527 73 522:1.897793e6
260 402 493 33 990 194 578 198 424 522:2.114967e6
402 493 990 194 578 842 424 73 522:1.911937e6
402 33 990 194 578 842 424 527 73:2.048035e6
402 33 990 194 198 424 522:1.870211e6
260 402 493 33 990 194 578 424 522:1.873551e6
260 493 33 194 578 198 424 527 73 522:2.213701e6
260 402 493 990 842 198 424 527 73:2.106852e6
402 493 33 990 194 842 73 424 527 522:2.383342e6
402 33 990 73 198 527 522:1.97319e6
260 493 33 990 194 578 198 424 73 522:2.293702e6
493 990 194 73 424 527 522:1.838566e6
402 33 990 194 578 198 424 842 527 73:2.299027e6
260 402 990 424 522 493 194 578 198 842 73:2.170224e6
260 402 493 990 194 578 73 424 522:1.909171e6
493 33 990 578 842 424 527 522:1.832988e6
260 493 33 990 578 73 424 527 522:2.180459e6
402 493 33 578 198 424 527 73 522:2.307623e6
260 493 33 990 194 578 842 424 73 522:2.067302e6
260 990 194 578 198 424 842 527 73 522:2.007546e6
260 402 33 990 424 493 194 578 198 842 527:2.143989e6
402 33 990 194 73 198 424 527 522:2.431138e6
260 402 493 990 194 578 198 424 842 73:2.002332e6
402 493 33 990 578 198 842 73:1.832686e6
260 402 33 424 522 493 194 578 198 842 527:2.050162e6
402 33 842 198 424 527 73:1.928756e6
260 402 33 990 522 493 194 578 842 527 73:2.0416e6
260 402 33 990 424 522 493 194 578 73 527:2.408818e6
260 402 493 33 990 578 198 424 527 73:2.423886e6
402 493 33 990 578 842 424 527 522:2.010703e6
260 493 33 990 842 73 527 522:1.810933e6
402 493 990 198 424 527 522:1.8723e6
402 493 33 194 578 198 424 842 527:1.863525e6
402 493 33 990 578 198 527 73:1.981252e6
493 33 990 842 73 424 527:1.961207e6
33 990 194 73 198 424:1.835325e6
493 33 194 73 198 424 527 522:2.154763e6
260 402 33 990 194 424 527 522:1.852754e6
402 33 990 194 578 198 424 842 73:2.104916e6
260 402 493 33 990 194 842 424 522:1.875565e6
277:2.02303e6
260 493 990 194 842 198 424 527 522:1.825107e6
260 493 33 578 198 424 842 527 73:1.996796e6
260 402 33 990 194 73 198 522:1.876384e6
260 402 493 33 990 198 424 527:2.036377e6
402 990 194 578 842 424 527 73 522:1.913744e6
260 402 493 33 842 198 424 527 73 522:2.299011e6
260 402 33 424 522 493 578 198 842 527 73:2.321465e6
260 402 33 990 424 522 493 194 578 198 73:2.459624e6
260 493 33 990 842 424 527 522:1.831515e6
260 493 33 990 578 842 424 527 73:2.021312e6
33 990 194 578 198 842 527 73 522:1.901958e6
260 990 424 522 493 194 578 198 842 527 73:2.188671e6
260 402 493 33 990 194 842 73 424 527:2.221391e6
260 402 990 424 522 493 194 842 198 527 73:2.33203e6
493 33 990 194 198 424 527 522:2.077787e6
402 493 33 990 194 578 73 424 522:2.196296e6
260 402 493 33 990 578 73 424 522:2.160398e6
260 493 33 578 198 424 527 73:1.965923e6
260 493 33 990 194 842 73 424 527 522:2.222085e6
402 33 990 194 842 424 527 522:1.854614e6
33 990 194 578 198 424 73:1.874246e6
493 33 990 194 842 198 424 527 73:2.280362e6
402 493 990 194 73 424 527:1.829067e6
260 402 493 194 578 198 424 73 522:1.880871e6
402 493 33 990 194 578 198 424 73 522:2.45384e6
402 33 194 578 198 424 842 527 73 522:2.194076e6
260 402 33 73 198 424 527 522:2.110612e6
493 33 990 198 424 522:1.812694e6
260 402 33 990 424 522 493 578 842 527 73:2.348787e6
402 493 33 990 578 198 842 73 522:2.021278e6
260 402 33 990 842 198 424 527 73:2.217857e6
402 493 33 194 578 198 424 842 73:2.020661e6
260 493 33 990 842 198 424 522:1.88247e6
260 402 493 990 194 578 198 424 527:1.805435e6
402 493 33 990 194 73 198 527:2.027641e6
402 493 33 990 194 424 527 522:2.008414e6
402 493 990 194 842 73 424 522:1.884057e6
351:2.326644e6
493 33 990 578 73 424 527 522:2.150185e6
33 990 578 842 424 527 73:1.80213e6
260 402 33 578 198 424 527 73 522:2.137095e6
33 990 194 578 73 424 522:1.813924e6
260 402 493 33 990 194 578 73 522:1.830632e6
260 402 493 33 990 194 578 198 424 73:2.286175e6
402 33 990 578 198 842 527 73:1.834632e6
260 402 493 990 73 198 527 522:1.887295e6
493 990 194 842 73 424 527 522:1.890911e6
260 493 33 990 194 73 424 522:2.018813e6
260 493 33 990 194 198 424 527:1.9089e6
260 402 493 33 578 73 424 527 522:2.081634e6
260 493 33 194 578 842 424 73 522:1.812562e6
402 33 194 73 198 424 522:1.942223e6
493 33 990 194 842 198 527 73 522:2.085223e6
260 402 493 33 842 198 424 73 522:2.118515e6
402 493 33 990 194 842 73 424 527:2.209948e6
260 33 194 842 198 424 527 73 522:2.014266e6
260 402 33 990 424 522 493 578 198 842 527:2.249033e6
260 402 33 990 578 198 424 842 73 522:2.218698e6
260 402 493 33 842 198 424 527 73:2.135127e6
260 402 990 424 522 493 194 578 198 842 527 73:2.351498e6
260 402 493 990 194 578 198 424 527 522:1.998527e6
260 402 493 33 990 194 73 424 522:2.193478e6
260 493 33 194 578 198 527 73 522:1.818435e6
260 493 33 578 198 424 73 522:1.963908e6
402 493 33 990 578 198 527 522:1.824686e6
260 33 990 424 522 493 194 578 198 842 527 73:2.476066e6
402 493 33 73 198 424:1.874498e6
260 402 33 990 194 73 424 527 522:2.199388e6
402 33 990 842 73 424 527 522:2.136277e6
33 990 194 73 198 424 527 522:2.244436e6
260 402 33 990 424 493 194 578 198 842 73:2.296503e6
260 402 33 990 194 198 424 522:1.903631e6
493 33 990 194 578 198 73 522:1.857767e6
260 402 33 990 198 424 527 522:2.037146e6
493 990 194 73 198 424 522:1.902469e6
260 402 33 990 194 578 842 424 73:1.879479e6
402 33 990 842 198 424 527:1.855746e6
260 402 33 990 424 522 493 578 198 842 73:2.396028e6
260 402 493 33 842 198 424 527 522:1.971488e6
260 402 493 990 842 73 424 527:1.865436e6
260 402 33 990 424 522 493 194 578 842 527:2.077484e6
402 33 990 842 73 424 522:1.947223e6
260 493 990 578 198 424 842 73 522:1.951412e6
402 493 33 194 578 198 842 527 73 522:1.998449e6
260 402 990 578 198 424 527 73 522:2.103632e6
260 402 33 990 424 522 493 194 578 198 527:2.305577e6
260 493 33 842 198 424 527 522:1.804821e6
402 493 33 194 578 73 424 527 522:2.111456e6
493 33 990 842 198 424 73 522:2.206991e6
402 33 990 842 198 527 73:1.817706e6
260 402 33 194 578 842 424 527 73 522:1.972586e6
493 33 990 194 578 198 424 842 527:1.955472e6
493 33 578 198 424 842 73 522:1.967384e6
260 493 33 990 578 73 424 522:1.98946e6
260 402 990 194 842 198 424 73 522:1.970101e6
260 402 493 33 990 578 198 424 73 522:2.401814e6
260 493 33 842 198 424 527 73:1.963276e6
402 33 990 194 73 198 424:2.03419e6
402 493 33 990 194 73 198 527 522:2.236314e6
260 990 73 198 424 527 522:1.894501e6
493 990 194 578 198 424 842 73 522:1.981824e6
260 402 493 33 194 73 198 424 527:2.174823e6
260 493 33 194 578 842 424 527 73:1.815218e6
402 33 990 194 578 842 424 527 522:1.881178e6
260 402 493 33 578 198 424 73:1.948228e6
260 990 578 198 424 842 527 73 522:1.95195e6
33 990 194 73 198 424 522:2.042934e6
402 493 33 842 73 424 527 522:2.05276e6
260 402 493 33 842 198 527 73 522:1.956238e6
402 493 33 990 194 842 198 424 73:2.2669e6
260 33 990 73 198 424 527 522:2.209447e6
402 493 33 578 842 424 527 73:1.903879e6
33 990 194 578 198 424 842 527 522:1.947294e6
402 33 194 578 198 842 527 73 522:1.811114e6
402 194 578 198 424 527 73 522:1.842084e6
260 33 990 578 198 424 527 73 522:2.236847e6
260 402 493 33 990 198 424:1.83682e6
260 402 33 194 578 198 424 842 73 522:2.019827e6
801:2.261922e6
493 990 73 198 424 527:1.830742e6
402 493 33 990 578 424 527 522:1.97625e6
260 493 33 194 578 198 424 73 522:2.022702e6
260 402 493 194 73 198 424 522:1.852325e6
260 493 33 990 73 198 522:1.825517e6
284:2.95753e6
402 493 33 990 578 198 424 842 73 522:2.40424e6
402 493 194 842 198 424 527 73:1.860768e6
260 402 33 990 424 522 493 194 842 198 527:2.283869e6
402 493 33 990 194 424 522:1.807301e6
402 33 990 842 198 424 527 73:2.20897e6
260 493 33 990 578 842 424 527 73 522:2.191015e6
33 990 578 73 424 527 522:1.95112e6
260 33 990 194 578 198 424 527 522:1.944394e6
260 402 493 33 990 842 198 424 73:2.213209e6
260 493 33 990 194 578 198 424 842 527:1.972869e6
260 402 33 990 842 198 424 527 522:2.050376e6
493 33 990 194 842 73 424:1.826877e6
260 33 990 424 522 493 578 198 842 527 73:2.420839e6
260 493 33 990 578 198 424 842 73:2.074266e6
260 402 990 194 73 424 527 522:1.890346e6
33 194 73 198 424 527 522:1.955008e6
260 402 990 578 198 424 842 73 522:1.937592e6
33 990 194 578 842 424 527 73 522:2.046658e6
402 493 990 73 424 527 522:1.97329e6
33 990 194 842 198 424 73:1.887957e6
260 493 194 578 198 424 842 527 73 522:1.929053e6
402 493 33 990 194 578 198 842 527 73:2.086698e6
493 33 990 198 424 527:1.803807e6
260 402 493 33 842 198 424 73:1.947629e6
260 402 493 33 194 73 198 424 522:2.163742e6
402 493 33 578 198 424 842 73:1.96076e6
260 33 990 578 842 424 527 73 522:2.01058e6
754:1.93347e6
402 493 33 990 194 842 73 424 522:2.194288e6
493 990 194 842 198 424 73 522:1.951249e6
260 402 493 990 194 578 73 424 527:1.912861e6
919:1.815576e6
260 402 493 194 73 198 424 527:1.852005e6
260 402 990 194 578 198 424 527 73 522:2.161811e6
723:2.992836e6
260 402 493 33 194 842 198 527 73:1.826355e6
402 493 33 990 578 198 842 527 73:2.026797e6
260 493 33 990 578 198 424 527 73:2.245595e6
402 493 990 73 198 424 527 522:2.237386e6
260 402 33 990 194 842 73 424 522:2.025068e6
260 402 493 33 990 73 424:1.943471e6
260 33 990 842 198 424 73 522:2.035458e6
402 493 33 578 842 424 73 522:1.894572e6
402 493 33 194 73 424 522:1.879313e6
260 402 493 33 990 194 578 842 527 73:1.86423e6
260 493 33 990 194 842 198 527 73:1.915812e6
260 33 990 578 198 424 842 73:1.889001e6
260 493 990 194 73 198 424 522:1.949667e6
260 402 493 33 990 194 73 198 522:2.065789e6
402 33 990 842 198 73 522:1.822231e6
260 402 33 990 424 522 493 194 578 198 842:2.124725e6
402 493 33 842 198 424 73 522:2.107642e6
260 33 842 198 424 527 73 522:1.957809e6
402 33 194 578 198 424 527 73:1.98189e6
260 493 33 194 578 73 424 527 522:1.968253e6
402 493 990 842 198 424 527 73 522:2.264897e6
260 402 493 990 842 198 527 73 522:1.92599e6
402 493 33 194 842 198 424 527 73:2.182742e6
402 493 990 578 198 424 842 527 73:2.115864e6
402 33 990 578 73 424 527 522:2.138127e6
260 402 842 198 424 527 73 522:1.835692e6
402 33 990 424 522 493 194 842 198 527 73:2.627278e6
493 33 990 194 73 198 424:2.03991e6
402 33 990 842 198 424 522:1.850456e6
402 493 33 198 424 527 522:1.917565e6
260 402 33 424 522 194 578 198 842 527 73:2.198378e6
402 493 33 73 198 424 522:2.076266e6
260 402 33 990 578 198 424 527 73 522:2.406469e6
33 990 194 73 198 424 527:2.043829e6
260 33 990 194 842 198 424 73:1.915188e6
260 33 194 578 198 424 527 73:1.832918e6
260 402 33 990 194 578 198 424 527:1.935824e6
33:2.62771e6
260 402 33 990 842 198 424 527:1.877813e6
176:4.009408e6
260 402 990 522 493 194 578 198 842 527 73:1.983147e6
260 402 33 990 194 578 198 842 527 73:1.916934e6
33 990 198 424 527 522:1.814441e6
260 402 493 33 194 578 198 424 527:1.848563e6
260 493 33 578 198 424 842 73 522:1.987159e6
493 33 990 578 198 424 527 73 522:2.411761e6
260 493 33 194 578 198 424 73:1.828807e6
260 402 33 990 194 842 424 527 522:1.878041e6
260 493 33 842 73 424 527 522:1.907094e6
493 33 990 194 198 424 522:1.876285e6
402 493 33 990 194 842 73 527 522:2.015575e6
402 493 990 578 198 424 527 73 522:2.265874e6
260 402 493 578 198 424 842 527 73 522:2.038894e6
260 402 493 33 73 198 424 527:2.113692e6
260 402 33 990 522 194 578 198 842 527 73:2.090062e6
260 493 33 990 194 73 424 527:2.018109e6
260 402 493 33 194 842 198 73 522:1.829988e6
402 33 990 194 73 424 522:1.970465e6
402 493 990 194 73 424 522:1.83243e6
260 402 493 990 578 198 842 527 73 522:1.928535e6
402 493 33 990 194 578 198 527 73 522:2.2439e6
260 990 842 198 424 527 73 522:1.925851e6
72:1.881708e6
402 493 33 194 578 198 527 73 522:1.959892e6
260 402 194 578 198 424 527 73 522:1.887559e6
260 402 493 578 198 424 527 73 522:2.016025e6
402 493 33 990 842 198 424 73:2.205769e6
402 990 194 73 198 424 522:1.899186e6
260 493 33 578 198 424 842 527 522:1.833963e6
33 990 194 578 198 424 842 527 73 522:2.29261e6
493 33 194 578 198 424 842 73:1.840763e6
260 493 990 73 198 424 527:1.88415e6
493 33 73 198 424 527 522:2.091172e6
659:2.04989e6
260 493 33 194 73 424 527 522:1.936963e6
33 990 842 198 424 527 522:1.858011e6
260 33 990 194 578 842 424 73 522:1.886867e6
260 402 33 990 194 842 198 424 73 522:2.252876e6
693:1.80708e6
260 493 33 990 842 73 424 522:1.984743e6
260 402 493 33 990 578 198 424 73:2.226274e6
402 33 990 578 842 424 527 73:1.988134e6
884:4.587984e6
402 493 33 194 842 198 424 527:1.829518e6
493 33 990 578 842 424 73 522:1.990806e6
493 33 990 578 198 424 73:2.013689e6
493 33 990 194 842 73 424 527 522:2.20849e6
260 493 33 990 194 578 198 424 527 73:2.30648e6
402 493 990 194 842 198 424 527 73 522:2.324306e6
493 990 578 198 424 842 527 73 522:2.112882e6
402 33 990 194 842 198 424 527 522:2.09855e6
402 493 990 842 73 424 527:1.826816e6
260 402 33 194 842 73 424 527 522:1.948656e6
260 33 990 194 578 198 527 73 522:1.900375e6
260 402 493 33 990 73 198 424:2.195975e6
260 493 33 194 73 198 527 522:1.805506e6
402 493 33 194 578 198 424 527:1.812322e6
260 402 33 990 194 73 527 522:1.822801e6
493 990 194 842 198 424 527 73:1.953195e6
33 990 578 198 424 527 73:2.016353e6
260 402 493 33 578 198 424 527 73:2.14584e6
493 33 194 73 424 527 522:1.891171e6
402 493 33 990 842 73 424 527:2.148817e6
260 493 33 990 578 198 424 522:1.883661e6
260 402 33 194 842 198 424 527 522:1.848941e6
402 33 990 578 73 424 522:1.938959e6
607:2.427258e6
402 493 33 990 194 73 198:1.817192e6
260 402 493 990 194 842 198 424 522:1.816016e6
260 402 33 194 578 198 424 73 522:2.004295e6
260 402 493 33 990 578 198 842 527 73:2.04276e6
260 402 493 33 842 73 424 522:1.890707e6
402 493 33 990 194 73 198 424:2.23567e6
493 990 578 198 424 842 73 522:1.922661e6
33 990 194 578 198 424 527 73:2.080805e6
402 493 33 990 194 578 842 527 73 522:2.024277e6
402 493 33 990 194 73 198 424 527 522:2.627788e6
260 402 493 33 990 194 73 424:2.004602e6
402 990 578 198 424 842 527 73 522:2.102021e6
260 402 493 990 578 198 424 527 73:2.107615e6
260 493 33 990 194 578 73 424 527:2.05196e6
990 842 198 424 527 73 522:1.891202e6
402 493 33 194 73 424 527 522:2.080426e6
493 990 194 73 198 424 527 522:2.106694e6
402 493 990 73 198 527 522:1.835754e6
402 33 990 578 198 424 842 527 73 522:2.404014e6
260 402 493 33 990 194 842 73 527:1.851641e6
260 493 33 990 73 198 424:2.012584e6
402 33 990 578 198 424 842 527 522:2.065288e6
402 493 194 578 198 424 527 73 522:2.038734e6
260 402 33 990 424 522 493 842 198 527 73:2.555919e6
260 402 33 990 194 578 198 424 527 522:2.119622e6
260 402 33 194 73 198 424 527:1.983348e6
402 33 990 194 578 198 527 73 522:2.04794e6
260 402 33 990 578 842 424 73:1.823145e6
402 493 33 990 578 198 424 842 73:2.23718e6
33 194 842 198 424 527 73 522:1.99216e6
260 402 493 33 578 198 527 73 522:1.935474e6
260 493 33 990 842 73 424:1.801683e6
260 402 33 990 194 578 198 424 842 527:1.961829e6
260 402 33 990 424 522 493 194 578 842 73:2.224479e6
33 990 578 198 424 842 73 522:2.046318e6
33 578 198 424 527 73 522:1.927062e6
402 578 198 424 842 527 73 522:1.829395e6
260 493 33 990 194 73 198 424 527:2.274645e6
260 493 33 194 578 842 424 527 73 522:1.991502e6
402 33 990 194 73 424 527:1.973673e6
493 33 578 198 424 842 527 73:1.974378e6
260 402 493 33 990 578 198 842 527 522:1.887603e6
402 493 194 842 198 424 73 522:1.856109e6
260 402 33 990 194 578 198 842 73 522:1.911511e6
402 33 990 194 73 198 424 527:2.242305e6
260 493 33 990 578 198 842 73 522:1.872779e6
260 402 33 990 578 198 424 73:2.035489e6
260 402 493 990 73 198 424 522:2.070962e6
402 493 33 990 842 198 424 527:2.048601e6
402 493 33 73 424 522:1.816706e6
260 402 33 990 424 522 493 194 842 198 527 73:2.611392e6
493 33 990 73 198 527 522:1.979511e6
260 402 33 73 198 424 522:1.918057e6
33 990 578 198 842 527 73 522:1.843164e6
402 990 194 578 198 424 842 527 522:1.816202e6
402 493 33 990 198 424 522:2.004254e6
260 493 990 578 73 424 527 522:1.863705e6
260 493 990 194 73 424 527 522:1.893334e6
402 33 194 842 198 424 73 522:1.978657e6
920:3.275244e6
493 33 578 198 424 73 522:1.92657e6
260 402 493 990 194 578 198 424 73:1.96755e6
260 402 493 33 990 842 198 424:1.873165e6
260 493 990 194 578 198 424 842 527 73:2.016007e6
260 493 33 990 194 73 198 424:2.074699e6
260 402 493 990 73 424 527 522:2.018272e6
402 493 33 990 194 578 842 424 522:1.881404e6
493 194 578 198 424 527 73 522:1.848151e6
260 402 990 194 578 198 424 527 73:1.97641e6
33 990 194 842 198 424 527 73:2.084402e6
260 402 33 990 578 198 424 527 73:2.233101e6
402 493 33 990 194 578 198 424 522:2.096003e6
260 402 493 990 842 198 424 73 522:2.092969e6
402 493 33 842 73 424 522:1.863706e6
260 402 493 842 198 424 527 73:1.836394e6
402 990 842 73 424 527 522:1.82771e6
493 33 990 73 198 424 527 522:2.3806e6
260 493 33 990 194 578 842 424 527 73:2.07863e6
402 33 990 578 198 424 73:2.004932e6
260 33 194 578 198 424 73 522:1.833642e6
493 33 194 578 73 424 527 522:1.926912e6
260 402 493 73 198 424 527 522:1.988194e6
260 402 33 990 842 73 424 527:1.980977e6
260 33 990 842 198 527 73 522:1.863928e6
402 493 33 990 842 73 424 522:2.135248e6
260 33 990 194 578 198 424 527 73:2.11259e6
493 33 990 194 578 198 424 73 522:2.274565e6
402 493 33 842 198 424 73:1.925555e6
33 990 842 198 527 73 522:1.830202e6
218:2.798985e6
260 493 33 990 73 198 527 522:2.020795e6
260 402 33 194 578 842 424 527 73:1.803246e6
402 33 990 194 578 842 424 527 73 522:2.219904e6
260 33 990 578 198 424 73 522:2.045848e6
260 402 493 33 990 578 424 527 522:2.006351e6
402 493 33 578 198 424 842 527 73 522:2.323601e6
402 493 33 990 842 73 424 527 522:2.324302e6
402 493 33 194 578 198 424 842 527 73:2.214772e6
402 493 33 990 578 198 424 527:2.041534e6
260 402 493 194 842 198 424 73 522:1.887025e6
260 402 33 990 493 194 578 198 842 527 73:2.099094e6
493 990 578 198 424 527 73 522:2.075933e6
402 493 33 990 578 842 424 73 522:2.16232e6
402 33 990 578 198 842 73 522:1.833943e6
402 493 33 990 194 842 73 522:1.824187e6
260 33 990 194 578 198 424 842 527 73:2.132261e6
260 493 33 990 842 198 73 522:1.864594e6
260 402 33 194 842 198 424 73 522:1.995968e6
260 33 73 198 424 527 522:1.934653e6
260 402 493 33 578 198 424 842 527 522:1.995919e6
402 194 578 198 424 842 527 73 522:1.887574e6
402 33 990 73 198 424 522:2.167418e6
260 402 33 424 493 194 578 198 842 527 73:2.22027e6
402 493 990 194 842 198 424 73:1.947081e6
260 493 990 578 842 424 527 73 522:1.898715e6
260 402 990 73 198 424 527:1.885058e6
33 990 194 578 73 424 527:1.810157e6
260 33 990 194 842 198 424 527 73 522:2.2728e6
260 402 493 33 990 194 578 842 424 527:1.909125e6
967:2.007528e6
260 402 493 33 990 194 424 522:1.846844e6
260 402 493 33 578 198 424 527 73 522:2.32305e6
402 493 33 194 578 73 424 527:1.916064e6
260 33 990 424 522 493 194 578 198 527 73:2.484701e6
493 33 990 194 842 198 424 527 73 522:2.456458e6
402 493 73 198 424 527 522:1.944706e6
493 33 578 198 424 842 527 73 522:2.154882e6
402 493 990 578 842 424 73 522:1.853758e6
493 33 990 842 198 73 522:1.832315e6
260 402 493 990 73 198 424 527 522:2.26624e6
493 33 990 73 198 424 527:2.182732e6
402 33 990 198 424 527 522:2.008717e6
199:2.208639e6
260 493 33 990 194 842 73 527 522:1.868497e6
260 493 990 194 842 198 527 73 522:1.806893e6
402 33 990 194 578 73 424 527:2.007954e6
402 33 424 522 493 194 578 198 842 527 73:2.381411e6
402 493 33 990 194 578 198 424 842 73:2.297081e6
260 402 493 990 194 842 198 424 527 522:1.999235e6
260 402 493 33 194 578 73 424 527 522:2.139444e6
402 493 990 194 842 198 424 73 522:2.132529e6
402 493 33 990 842 198 527 73:2.013321e6
260 402 33 990 194 578 73 424 527:2.042514e6
260 402 493 33 990 194 578 73 424:2.035687e6
402 33 73 198 424 527:1.881133e6
402 493 33 578 198 527 73 522:1.898515e6
402 493 990 194 578 842 424 527 73 522:2.101769e6
260 33 990 194 842 198 424 527 73:2.103075e6
260 402 493 33 990 73 198 424 527:2.395532e6
260 33 990 578 198 424 842 527 73 522:2.240404e6
260 493 33 578 73 424 527 522:1.909459e6
260 402 990 194 578 198 424 842 73:1.819482e6
260 33 990 73 198 424:1.818004e6
402 493 33 990 194 198 424 522:2.066861e6
260 493 33 990 73 424 527 522:2.151733e6
260 493 33 990 578 198 424 527 522:2.07466e6
260 493 33 990 194 842 198 424 527:1.942396e6
402 33 990 73 424 527 522:2.108971e6
402 33 990 842 198 424 73 522:2.191159e6
260 402 493 33 194 842 198 424 527 73:2.192691e6
260 402 990 578 198 424 527 73:1.91614e6
260 402 493 33 990 194 578 198 527 73:2.074679e6
493 33 990 194 578 198 424 842 73:2.118809e6
260 402 493 33 990 73 198 527:2.000968e6
402 33 842 198 424 527 73 522:2.108671e6
260 402 493 33 990 194 578 842 424 522:1.898933e6
260 493 990 194 842 198 424 527 73 522:2.164492e6
260 402 493 33 990 578 842 424 522:1.84469e6
33 578 198 424 842 527 73 522:1.964442e6
493 990 194 578 73 424 527 522:1.872551e6
402 493 33 194 842 198 424 522:1.825979e6
260 33 990 578 198 424 842 527 73:2.074943e6
493 990 194 73 198 424 527:1.896793e6
402 990 194 842 198 424 527 73 522:2.135591e6
260 493 33 990 578 842 527 73 522:1.821895e6
402 493 33 990 194 842 198 424 527 73:2.462956e6
260 402 493 33 990 578 198 73:1.817166e6
260 402 33 73 424 527 522:1.86718e6
493 33 990 578 198 842 527 73:1.84024e6
260 990 578 198 424 527 73 522:1.923939e6
493 33 194 842 198 424 527 522:1.835997e6
402 493 33 990 194 842 424 522:1.853585e6
402 493 33 842 198 424 527 73:2.121611e6
493 33 990 842 198 424 527:1.858433e6
260 493 33 990 842 198 424 527 522:2.063355e6
260 402 33 578 198 424 842 527 522:1.818589e6
493 578 198 424 842 527 73 522:1.83863e6
260 990 194 842 198 424 527 73 522:1.982677e6
402 493 990 578 842 424 527 73 522:2.04359e6
260 402 33 990 578 198 424 842 522:1.893152e6
402 493 990 842 198 424 527 73:2.08436e6
402 493 194 73 198 424 527 522:2.007682e6
493 33 990 194 578 198 842 73 522:1.9049e6
260 493 33 990 73 198 424 527 522:2.399197e6
402 493 33 990 194 73 424 527:2.175153e6
260 402 493 33 198 424 527 522:1.950623e6
260 493 33 990 578 198 424 527:1.881827e6
260 402 33 990 194 842 73 527 522:1.857724e6
260 402 33 990 522 493 578 198 842 527 73:2.213149e6
260 493 33 990 194 578 198 424 522:1.942455e6
260 402 493 990 578 198 424 73 522:2.096944e6
402 493 33 990 578 198 842 527 73 522:2.208387e6
260 402 493 33 990 194 198 424:1.897951e6
260 402 493 990 194 73 198 527 522:1.947811e6
402 493 33 990 194 578 198 424 842:1.945834e6
493 33 578 198 424 527 73 522:2.126127e6
260 402 33 990 522 493 194 578 198 527 73:2.262658e6
402 493 990 73 198 424 527:2.037168e6
260 402 493 33 990 578 73 424 527:2.173398e6
493 33 842 198 424 527 73:1.936407e6
402 33 578 73 424 527 522:1.854119e6
260 402 33 990 424 522 578 198 842 527 73:2.397249e6
402 990 842 198 424 73 522:1.884405e6
260 402 33 578 198 424 842 527 73 522:2.144135e6
260 402 493 33 578 842 424 527 73 522:2.095673e6
260 402 493 33 578 842 424 73 522:1.917122e6
260 402 990 194 842 198 424 527 73 522:2.15332e6
402 493 33 990 194 578 198 424 842 527:2.139945e6
402 493 33 990 842 424 527 522:1.983599e6
33 73 198 424 527 522:1.891417e6
707:2.502414e6
260 493 33 990 578 198 424 73 522:2.234908e6
402 493 33 990 73 527 522:1.908e6
493 33 194 842 73 424 527 522:1.935322e6
260 402 33 194 578 198 424 527 73:2.014956e6
260 33 990 578 198 424 842 73 522:2.061464e6
260 493 33 990 194 73 424 527 522:2.211757e6
260 402 493 990 194 73 424 527:1.881683e6
260 33 990 842 198 424 527 73 522:2.216343e6
402 493 990 194 578 198 842 527 73 522:1.958342e6
402 493 33 990 578 73 424 522:2.134919e6
402 33 194 578 198 424 842 73 522:2.006967e6
953:2.104877e6
402 493 33 990 578 198 424 73 522:2.392463e6
260 402 493 33 194 578 198 527 73 522:1.993284e6
260 493 33 990 194 73 198 424 527 522:2.459221e6
260 402 990 194 578 73 424 527 522:1.915859e6
402 493 33 990 194 73 424 522:2.167115e6
402 493 33 990 198 424 527 522:2.205367e6
260 33 194 73 198 424 527 522:1.994677e6
402 493 990 73 198 424 522:2.03355e6
402 493 33 990 578 842 527 73 522:1.966467e6
111:2.053524e6
493 33 990 194 578 424 527 522:1.848119e6
493 33 990 194 578 198 424 842 522:1.950236e6
493 33 990 578 198 424 527 522:2.047334e6
402 33 990 578 198 424 522:1.838666e6
260 402 493 194 578 198 424 842 527 73:1.923944e6
260 402 493 990 842 198 424 527 73 522:2.276188e6
260 402 33 990 194 578 198 527 73:1.883894e6
260 493 33 990 194 842 198 424 527 73:2.28903e6
33 990 842 198 424 527 73:2.022287e6
402 493 33 194 578 198 424 73:1.97651e6
260 493 33 990 194 578 198 73 522:1.898436e6
402 990 842 198 424 527 73 522:2.076182e6
260 402 33 990 194 73 198 424:2.065631e6
260 402 493 33 73 198 424 527 522:2.297257e6
260 402 493 33 990 842 198 527 522:1.883954e6
260 402 493 194 578 198 424 842 73 522:1.912232e6
402 493 194 578 198 424 842 527 73:1.894836e6
260 402 493 33 990 578 842 424 73:2.005305e6
493 33 194 578 198 424 73 522:1.988931e6
260 402 493 33 73 424 522:1.86127e6
402 990 73 198 424 527 522:2.040046e6
260 402 33 424 522 493 194 578 198 842 527 73:2.375708e6
260 402 33 578 198 424 842 527 73:1.981776e6
402 33 990 424 522 194 578 198 842 527 73:2.461824e6
260 402 493 33 990 194 578 198 73:1.877067e6
586:1.910253e6
260 493 33 194 198 424 527 522:1.831203e6
402 493 990 194 842 73 424 527 522:2.075834e6
260 402 493 990 194 578 198 424 522:1.805194e6
260 402 493 33 990 578 73 424 527 522:2.351008e6
74:4.15584e6
260 402 493 33 990 578 73 527 522:1.963432e6
260 402 33 990 578 198 424 522:1.871202e6
402 33 990 194 842 73 424:1.821037e6
260 493 990 578 198 424 842 527 73:1.95832e6
402 33 990 194 578 198 424 842 73 522:2.274715e6
493 33 990 842 198 424 73:2.021802e6
990 578 198 424 527 73 522:1.876178e6
402 493 33 578 198 424 73 522:2.108455e6
260 493 33 194 578 198 424 842 527 522:1.88919e6
260 402 33 990 522 493 194 578 198 842 73:2.088841e6
260 402 493 33 990 194 578 73 527:1.824191e6
493 990 578 198 424 842 527 73:1.926926e6
402 493 33 990 198 527 522:1.809491e6
402 33 990 194 578 198 424 527 73 522:2.457048e6
260 402 33 990 194 578 198 424 522:1.929012e6
260 402 493 33 990 842 198 424 73 522:2.375423e6
260 402 33 990 424 493 578 198 842 527 73:2.425722e6
260 493 73 198 424 527 522:1.805269e6
402 493 33 990 194 842 73 527:1.817511e6
260 493 990 194 578 198 424 842 73 522:2.007008e6
260 402 990 194 578 198 424 842 527 73:2.007758e6
260 402 493 33 578 198 424 842 73:1.978383e6
402 493 33 990 194 578 73 424 527:2.208744e6
402 493 33 194 842 198 424 527 73 522:2.355736e6
260 402 493 194 578 198 424 527 73 522:2.074204e6
260 33 990 424 493 194 578 198 842 527 73:2.317526e6
260 402 33 990 842 198 73 522:1.851162e6
402 493 33 194 578 198 424 842 527 522:2.042685e6
493 33 990 194 424 527 522:1.814195e6
260 493 33 990 73 424 527:1.955994e6
260 402 493 33 990 578 842 527 73:1.807896e6
260 402 493 33 990 578 424 522:1.815741e6
260 402 33 990 578 842 424 527 73:2.008698e6
402 493 990 578 198 527 73 522:1.849845e6
33 990 578 198 424 842 527 73 522:2.233816e6
260 402 33 990 578 198 424 73 522:2.215859e6
260 493 990 194 578 198 424 527 73 522:2.172852e6
260 493 990 194 578 198 842 527 73 522:1.81263e6
260 402 33 990 198 424 527:1.844902e6
402 493 33 194 578 198 424 842 522:1.855576e6
493 33 990 194 842 198 424 527 522:2.109165e6
260 402 493 33 194 578 73 424 522:1.948834e6
260 493 33 73 198 424 522:1.931459e6
260 493 33 990 194 198 424 522:1.913053e6
894:2.506064e6
402 493 33 990 194 578 842 424 73:2.046089e6
402 493 33 194 842 198 424 527 522:2.015033e6
402 493 33 578 842 424 527 73 522:2.081681e6
402 493 33 990 73 424 527:2.110455e6
260 402 33 990 842 73 424 522:1.969595e6
493 990 194 578 198 424 842 527 73 522:2.172045e6
260 493 33 990 194 842 73 424 527:2.048118e6
260 33 578 198 424 842 527 73 522:1.985664e6
33 990 578 842 424 527 73 522:1.987864e6
260 402 493 990 842 198 424 73:1.916631e6
260 402 493 33 990 194 842 198 73:1.903729e6
260 402 493 33 842 73 424 527 522:2.071203e6
260 33 990 194 578 198 424 73:1.914589e6
402 990 578 842 424 527 73 522:1.855565e6
260 493 33 73 424 527 522:1.876939e6
402 33 990 194 578 198 424 842 522:1.935989e6
402 493 33 194 578 198 424 527 522:2.011163e6
260 402 194 842 198 424 527 73 522:1.891534e6
402 33 990 578 198 424 842 522:1.878179e6
493 33 194 842 198 424 73 522:1.993847e6
260 493 990 578 198 424 527 73 522:2.113689e6
260 493 33 578 198 424 842 73:1.810854e6
260 493 33 990 194 73 424:1.818163e6
402 493 33 578 198 424 527 522:1.949786e6
402 493 990 194 842 198 424 527 73:2.14586e6
260 402 493 33 990 842 73 424:1.976329e6
402 33 990 578 198 424 842 73 522:2.216905e6
402 493 33 194 578 198 424 73 522:2.169832e6
260 493 33 990 194 578 198 527 73 522:2.089435e6
260 33 990 578 842 424 73 522:1.83164e6
402 33 990 194 73 198 424 522:2.230025e6
493 33 990 194 842 424 527 522:1.861197e6
402 493 33 990 578 198 424 527 73:2.411892e6
260 402 493 33 990 73 424 527:2.143028e6
260 402 493 33 990 194 842 198 424 522:2.103373e6
260 493 33 990 842 198 424 527 73:2.230482e6
402 33 990 578 198 424 842 73:2.045015e6
402 493 33 194 578 198 424 527 73:2.18268e6
260 402 33 990 424 194 578 198 842 527 73:2.299896e6
260 402 493 33 990 194 842 198 424:1.930729e6
402 33 990 194 842 73 527 522:1.82479e6
260 402 33 194 842 198 424 527 73:2.009841e6
402 990 578 73 424 527 522:1.807144e6
260 493 33 990 578 198 527 73:1.828797e6
402 493 33 990 194 578 198 842 73 522:2.079088e6
260 33 990 198 424 527 522:1.856223e6
260 402 990 578 198 424 842 527 73:1.951055e6
260 33 990 578 198 424 527 73:2.051705e6
260 402 493 33 194 578 198 424 73 522:2.19025e6
33 990 194 578 198 424 842 73 522:2.105112e6
539:3.421083e6
402 33 990 842 198 424 527 73 522:2.380213e6
402 493 33 990 842 198 527 73 522:2.204404e6
260 402 493 33 578 198 424 842 522:1.817368e6
260 33 990 842 198 424 73:1.85664e6
402 33 990 194 842 198 424 527 73:2.270101e6
990 578 198 424 842 527 73 522:1.921752e6
260 33 194 842 198 424 73 522:1.833381e6
260 402 33 990 194 842 198 424 527 522:2.105849e6
402 493 33 73 198 424 527 522:2.277379e6
402 33 990 194 578 198 424 527 73:2.27457e6
493 33 990 194 842 73 527 522:1.832215e6
260 402 493 990 194 578 842 424 73 522:1.939896e6
260 402 493 33 990 578 842 73 522:1.808806e6
402 33 578 198 424 842 527 73:1.962706e6
402 493 33 194 73 198 424 522:2.138873e6
260 402 33 194 842 198 424 527 73 522:2.176464e6
260 33 194 578 198 424 842 527 73 522:2.040891e6
260 402 493 33 990 73 527 522:1.952059e6
260 402 493 33 990 194 578 198 424:1.928997e6
402 33 990 578 198 424 73 522:2.196503e6
260 33 990 194 842 73 424 522:1.860075e6
493 33 990 578 198 842 527 73 522:2.033604e6
260 33 990 424 522 493 194 842 198 527 73:2.453925e6
402 990 194 842 73 424 527 522:1.887119e6
260 402 493 33 194 842 73 424 527:1.955811e6
402 493 990 194 198 424 527 522:1.935276e6
260 493 33 194 73 198 424 522:1.991483e6
260 402 493 990 578 842 424 73 522:1.885284e6
260 402 33 990 842 198 527 73:1.84928e6
402 493 33 990 194 578 198 527 73:2.04472e6
260 493 33 194 578 198 424 527 522:1.862454e6
260 402 33 194 578 198 842 527 73 522:1.836948e6
260 402 493 33 990 194 842 198 527 73:2.093561e6
493 33 194 578 198 424 527 73 522:2.188488e6
260 402 493 33 990 842 73 527 522:1.981924e6
402 33 990 194 578 198 424 527 522:2.099211e6
260 402 493 33 578 198 424 842 73 522:2.142914e6
260 402 493 194 578 198 424 527 73:1.884961e6
260 402 33 194 578 198 424 527 73 522:2.194905e6
402 33 990 194 73 424 527 522:2.171578e6
260 493 33 990 194 842 198 424 73 522:2.27304e6
260 402 493 990 194 73 198 424:1.936443e6
260 402 493 33 990 194 198 424 527:2.097508e6
260 402 33 990 424 522 493 194 578 198 527 73:2.650234e6
493 990 842 198 424 73 522:1.890856e6
402 990 194 578 198 424 842 527 73:1.983279e6
402 33 194 578 198 424 842 73:1.828496e6
493 990 842 198 424 527 73 522:2.083022e6
402 33 990 194 578 198 73 522:1.848772e6
260 402 493 990 198 424 527 522:1.914334e6
33 990 194 842 73 424 527:1.827362e6
260 402 493 990 194 578 842 424 527 73:1.951208e6
402 990 842 198 424 527 73:1.890815e6
402 990 194 578 198 424 842 73 522:1.970368e6
260 402 990 842 198 424 527 73 522:2.097478e6
33 990 578 198 424 527 73 522:2.212696e6
493 194 842 198 424 527 73 522:1.865369e6
402 33 990 424 522 493 194 578 198 527 73:2.653008e6
260 493 33 990 194 578 842 527 73 522:1.877122e6
402 493 33 842 198 527 73 522:1.931236e6
260 493 33 990 194 842 73 424:1.860231e6
402 493 33 194 73 198 424 527:2.147311e6
260 402 493 33 990 194 578 73 424 527:2.233299e6
260 402 33 990 194 578 424 527 522:1.878206e6
260 402 493 33 990 194 73 198 527:2.063206e6
402 493 33 990 194 578 424 527:1.838386e6
260 493 842 198 424 527 73 522:1.844254e6
402 493 990 842 73 424 527 522:2.016425e6
493 33 990 194 578 198 424 527 522:2.109695e6
402 493 33 990 194 424 527:1.802818e6
260 493 33 990 842 73 424 527:1.98957e6
260 493 33 990 578 842 424 73 522:2.012075e6
402 33 990 194 842 73 424 522:2.006263e6
260 402 33 990 194 842 198 424 522:1.925353e6
260 402 493 33 990 578 198 424 527:2.066708e6
493 33 990 578 198 842 73 522:1.846106e6
402 33 990 424 522 493 194 578 198 842 527 73:2.649159e6
402 493 33 990 842 198 424 73 522:2.379184e6
260 493 33 990 578 198 424 842 527 73:2.260208e6
260 402 33 990 424 522 194 578 198 842 73:2.272941e6
402 493 33 990 194 842 198 424 522:2.097521e6
260 402 33 990 424 493 194 578 198 527 73:2.483787e6
260 33 990 578 198 424 527 522:1.8856e6
721:1.901595e6
391:2.343715e6
402 493 990 578 198 424 842 527 73 522:2.290046e6
260 402 493 990 194 73 198 424 527 522:2.325649e6
402 493 33 194 73 198 424:1.939196e6
402 493 194 578 198 424 842 73 522:1.885767e6
260 33 194 578 198 424 842 73 522:1.861951e6
260 402 33 990 578 73 424 527 522:2.165053e6
260 402 493 33 990 73 198 424 522:2.37787e6
260 402 493 990 578 198 424 842 73:1.945629e6
260 493 33 990 842 73 424 527 522:2.165628e6
402 493 33 990 194 73 198 424 527:2.443785e6
402 493 578 198 424 842 527 73 522:2.01742e6
402 493 33 842 198 424 527 73 522:2.296696e6
116:3.187296e6
493 194 73 198 424 527 522:1.812388e6
260 402 990 73 198 424 527 522:2.078905e6
260 402 33 990 842 198 424 73 522:2.197403e6
493 33 990 194 73 198 527 522:2.044209e6
402 493 990 578 198 424 842 527 522:1.946048e6
493 990 194 578 198 424 527 73:1.935117e6
402 493 33 194 842 198 424 73:1.986686e6
260 402 33 424 522 493 194 578 198 527 73:2.38086e6
260 493 33 578 198 424 527 522:1.80366e6
402 33 990 842 198 424 73:2.012914e6
495:1.85671e6
260 402 33 990 424 522 493 194 578 198 842 527 73:2.628822e6
260 402 493 33 990 194 578 424 527 522:2.064161e6
260 493 33 990 578 198 842 527 73 522:2.051719e6
402 33 194 73 424 527 522:1.883776e6
240:3.12708e6
402 33 194 578 198 424 842 527 522:1.85535e6
33 990 194 578 198 424 73 522:2.0755e6
402 493 33 990 194 578 73 424:2.002574e6
402 493 194 578 842 424 527 73 522:1.829143e6
260 402 493 990 194 578 198 424 527 73:2.167885e6
402 493 990 578 198 424 73 522:2.063983e6
493 33 990 842 424 527 522:1.801173e6
402 33 990 198 424 522:1.807604e6
260 402 990 194 842 73 424 527 522:1.920976e6
260 33 990 194 842 73 424 527:1.862163e6
260 33 990 842 198 424 527 73:2.044527e6
260 402 33 990 578 198 842 527 73:1.8606e6
260 402 493 33 990 578 842 527 73 522:1.987357e6
402 990 194 578 198 424 73 522:1.929079e6
260 493 33 990 194 578 198 424 527:1.942712e6
260 402 493 33 73 198 424 522:2.104702e6
33 990 73 198 424 527:1.978147e6
260 33 990 842 73 424 527:1.803615e6
493 33 990 194 578 198 842 527 73 522:2.092398e6
260 402 493 194 73 198 424 527 522:2.047603e6
260 402 493 33 194 842 73 424 527 522:2.126676e6
402 493 33 990 194 578 842 424 527 522:2.068513e6
260 33 990 194 578 198 424 842 527 522:1.963495e6
493 33 842 198 424 527 73 522:2.123266e6
402 493 33 990 194 578 198 424:1.898832e6
260 493 33 990 578 198 842 527 73:1.869556e6
33 194 842 198 424 527 73:1.802562e6
493 33 990 194 842 198 424 73 522:2.267015e6
402 493 33 194 578 73 424 522:1.912288e6
260 33 990 73 198 424 527:2.01795e6
402 493 33 990 578 842 424 527 73:2.180299e6
260 493 33 578 198 424 842 527 73 522:2.166099e6
402 990 73 198 424 527:1.834998e6
260 402 33 990 424 522 493 194 842 73 527:2.383584e6
493 33 578 842 424 527 73 522:1.90893e6
260 402 493 33 194 842 198 527 73 522:2.012818e6
402 493 990 194 578 198 424 842 522:1.814395e6
260 493 33 842 198 424 73 522:1.958049e6
260 33 990 424 522 493 194 578 842 527 73:2.246242e6
402 493 990 194 73 424 527 522:2.036266e6
493 33 990 578 842 424 527 73:1.9974e6
260 493 990 578 198 424 527 73:1.919253e6
402 493 990 578 198 424 73:1.863118e6
260 493 33 990 842 198 527 73 522:2.047813e6
260 493 33 990 578 198 424 842 527:1.915551e6
260 402 33 990 522 493 194 578 198 842 527:1.941846e6
260 402 990 194 578 198 424 842 527 522:1.84266e6
260 402 493 33 578 198 842 527 73 522:1.960035e6
260 402 33 990 194 578 842 424 527 73:2.065032e6
493 33 194 578 198 424 527 73:1.990394e6
260 493 33 990 194 198 424 527 522:2.105997e6
260 402 493 33 578 198 424 73 522:2.13244e6
260 402 493 33 990 578 842 424 527:1.852791e6
260 402 493 33 578 842 424 527 73:1.929072e6
402 990 194 578 73 424 527 522:1.86889e6
402 493 33 990 73 198 424 527 522:2.565181e6
260 402 33 990 73 198 527 522:2.011126e6
402 990 578 198 424 842 73 522:1.912189e6
260 402 493 33 990 194 842 73 424 522:2.203088e6
402 493 33 990 842 198 73 522:2.013016e6
33 990 194 842 198 424 73 522:2.075885e6
402 990 194 578 198 424 527 73:1.934368e6
260 402 493 33 990 194 842 73 522:1.855674e6
260 493 990 194 578 198 424 842 73:1.827342e6
402 33 990 842 198 527 73 522:2.013619e6
260 493 33 990 194 578 73 527 522:1.843987e6
260 402 33 990 424 522 493 194 578 198 842 73:2.450271e6
260 33 990 194 73 198 424 522:2.076527e6
402 493 33 990 424 527 522:1.945807e6
260 402 33 194 73 424 527 522:1.92622e6
260 402 493 33 990 194 578 198 424 527:2.126609e6
260 33 990 73 198 424 522:2.016503e6
260 493 33 990 578 73 424 527:1.991075e6
33 990 194 198 424 527 522:1.878032e6
402 493 33 194 198 424 527 522:1.980172e6
260 402 493 990 194 842 198 424 527:1.819469e6
493 33 990 194 73 198 424 522:2.242689e6
260 402 33 522 493 194 578 198 842 527 73:2.014278e6
260 402 493 33 990 194 73 424 527:2.204159e6
33 990 194 842 198 527 73 522:1.891333e6
402 33 194 578 198 424 527 522:1.815203e6
33 990 842 73 424 527 522:1.957336e6
402 33 990 194 198 424 527:1.86997e6
493 33 990 842 198 424 527 73 522:2.396434e6
402 493 990 578 842 424 527 73:1.860336e6
260 402 493 33 194 578 198 424 527 73:2.205741e6
260 402 493 194 578 842 424 527 73 522:1.863178e6
260 402 493 33 990 578 198 424 842 522:2.070482e6
402 493 33 990 842 198 424 527 522:2.227535e6
260 402 493 33 73 198 424:1.914135e6
402 493 33 990 578 842 424 527:1.829052e6
260 402 33 578 73 424 527 522:1.895679e6
260 402 493 33 990 842 198 424 527 73:2.400707e6
260 402 493 33 990 842 198 527 73 522:2.214772e6
402 493 33 990 194 578 198 73:1.83855e6
402 493 33 990 194 198 424:1.863335e6
260 402 493 990 73 198 424:1.874943e6
260 402 493 33 990 198 527 522:1.850602e6
493 990 578 842 424 527 73 522:1.862394e6
260 402 493 33 990 842 424 522:1.820092e6
260 402 33 990 578 198 73 522:1.828283e6
260 493 33 194 842 198 527 73 522:1.845217e6
260 402 990 578 198 424 842 527 73 522:2.118866e6
493 33 194 73 198 424 527:1.950314e6
493 33 990 578 198 424 842 527 522:2.07894e6
260 493 33 990 194 578 842 424 527 522:1.914106e6
260 493 33 990 194 578 198 424 527 522:2.133454e6
260 402 493 33 194 73 198 527 522:1.985884e6
260 402 493 33 194 578 198 424 842 522:1.871611e6
493 33 990 842 198 424 522:1.859698e6
493 990 842 73 424 527 522:1.830518e6
260 402 493 990 842 73 424 527 522:2.043844e6
260 402 493 33 990 194 424 527 522:2.039399e6
260 402 493 33 194 578 198 424 842 527:1.882203e6
402 493 33 990 194 578 198 527 522:1.886063e6
402 493 33 578 198 424 842 527 522:1.984875e6
260 402 493 33 990 194 73 527:1.805662e6
260 493 33 194 842 198 424 527 73 522:2.195391e6
260 402 493 990 73 424 527:1.820183e6
402 33 990 194 578 73 424:1.801784e6
260 402 33 990 424 522 493 194 73 198 527:2.629465e6
260 402 493 33 990 578 198 527 522:1.860191e6
260 402 493 990 578 842 424 527 73:1.894505e6
402 33 194 842 198 424 527 522:1.827008e6
260 402 33 990 842 198 424 527 73 522:2.377899e6
260 402 493 33 990 194 198 424 527 522:2.282831e6
402 493 33 990 194 842 198 73 522:2.073163e6
493 33 194 842 198 424 73:1.802077e6
260 402 990 578 73 424 527 522:1.85768e6
402 493 990 842 198 424 73 522:2.07312e6
260 402 493 33 194 842 198 424 527:1.852647e6
260 493 33 990 194 73 198 522:1.886648e6
402 493 33 194 842 73 424 522:1.922746e6
402 493 33 990 194 842 198 424 527 522:2.286575e6
33 842 198 424 527 73 522:1.932136e6
493 842 198 424 527 73 522:1.804976e6
260 493 33 194 842 73 424 527 522:1.963551e6
402 493 33 990 73 198 522:1.969153e6
260 990 194 578 198 424 527 73 522:1.983102e6
260 402 33 194 842 198 424 73:1.822343e6
402 493 33 194 578 198 424 522:1.811995e6
402 493 33 578 198 424 73:1.913042e6
260 33 990 194 73 198 424 527 522:2.269471e6
260 402 33 990 424 522 493 194 578 842 527 73:2.40303e6
402 493 33 990 194 578 198 842 527 522:1.927471e6
260 402 33 990 578 842 424 73 522:1.992906e6
493 33 990 194 842 198 424 522:1.919722e6
402 493 990 578 198 424 527 522:1.902765e6
402 493 33 990 73 198 424 522:2.364068e6
260 402 33 990 194 578 198 73 522:1.886093e6
402 33 990 194 842 198 527 73:1.879944e6
260 402 493 990 578 198 424 842 73 522:2.115612e6
402 493 33 578 198 424 842 527:1.803624e6
493 990 842 198 424 527 73:1.890711e6
33 990 194 842 198 424 527 522:1.918035e6
260 990 194 578 198 424 842 73 522:1.825883e6
402 33 990 194 842 198 527 73 522:2.073766e6
402 33 990 194 578 198 424 73:2.0684e6
260 402 33 990 194 578 73 424 522:2.032253e6
260 402 493 990 194 73 424 527 522:2.077681e6
260 493 990 73 198 424 527 522:2.084941e6
402 33 578 842 424 527 73 522:1.894346e6
402 493 33 990 194 842 198 424 73 522:2.438224e6
260 402 33 194 578 198 424 527 522:1.850248e6
260 402 493 33 990 578 198 424 527 522:2.247767e6
402 33 194 578 198 424 842 527 73:2.022607e6
260 33 990 194 578 198 424 842 73:1.946319e6
260 402 33 990 424 522 194 578 198 842 527 73:2.451492e6
402 493 33 990 73 198 424 527:2.379087e6
260 493 990 578 198 424 842 527 73 522:2.133075e6
990 194 578 198 424 842 527 73 522:1.980915e6
402 33 990 194 198 424 527 522:2.071324e6
260 33 990 578 198 527 73 522:1.841581e6
33 990 73 198 424 527 522:2.180845e6
260 493 33 990 194 842 198 424 527 522:2.119812e6
402 33 194 578 73 424 527 522:1.915496e6
260 402 33 990 578 198 424 527 522:2.061812e6
260 402 33 990 194 73 198 424 527:2.265188e6
402 493 33 990 578 73 424 527 522:2.334087e6
402 990 194 578 198 424 842 527 73 522:2.1602e6
493 33 990 194 578 842 527 73 522:1.846446e6
493 33 990 73 198 424 522:2.179098e6
260 33 990 194 578 73 424 527 522:2.050193e6
888:2.132322e6
260 493 33 990 194 73 527 522:1.829422e6
260 402 990 73 424 527 522:1.830937e6
260 402 33 990 194 73 198 424 527 522:2.44282e6
260 33 990 578 198 424 73:1.853704e6
260 402 493 33 990 424 527 522:1.980359e6
402 493 33 990 73 198 527:1.961836e6
260 402 33 424 522 493 194 578 198 842 73:2.197157e6
493 33 194 578 198 424 842 527 73 522:2.213676e6
542:2.395222e6
260 402 493 33 990 73 198 522:2.005642e6
402 493 990 194 842 198 424 527 522:1.978331e6
493 990 194 578 198 424 842 527 73:1.98818e6
260 402 493 33 990 578 842 424 527 522:2.023241e6
493 33 990 578 198 424 842 73:2.057924e6
260 402 493 33 990 578 198 527 73:2.014778e6
402 33 990 194 578 198 424 527:1.904212e6
493 33 73 198 424 522:1.88967e6
260 402 493 33 194 198 424 522:1.817108e6
260 33 990 842 73 424 527 522:1.984503e6
260 402 33 990 578 198 527 73:1.823993e6
267:2.438756e6
402 493 990 194 73 198 527 522:1.899837e6
493 33 73 198 424 527:1.884632e6
260 402 33 578 198 424 527 73:1.955055e6
260 402 33 990 194 578 842 424 527 522:1.900154e6
33 990 578 198 424 842 527 73:2.057154e6
260 402 493 578 198 424 527 73:1.824691e6
260 402 493 33 194 842 198 424 73:2.005193e6
260 402 493 990 73 424 522:1.822994e6
260 402 33 990 73 198 424 522:2.191225e6
260 402 33 842 198 424 527 73:1.952277e6
260 402 990 194 578 198 842 527 73 522:1.805127e6
260 402 493 33 990 194 842 73 424:2.033893e6
260 402 33 194 578 198 424 842 527 522:1.872832e6
402 493 33 194 73 198 527 522:1.946886e6
402 33 990 578 198 424 842 527 73:2.239126e6
402 493 990 578 73 424 527 522:2.003794e6
402 493 990 194 578 198 424 73 522:2.125729e6
402 493 990 194 73 198 424 522:2.096526e6
260 493 990 73 424 527 522:1.832941e6
260 493 33 990 578 424 527 522:1.829212e6
402 493 33 990 578 198 424 73:2.205722e6
33 990 194 578 73 424 527 522:2.013481e6
260 33 990 194 842 198 424 527 522:1.938687e6
260 402 578 198 424 527 73 522:1.82938e6
260 493 33 990 73 198 527:1.809458e6
402 990 194 842 198 424 527 73:1.952315e6
260 493 33 990 194 578 198 424 842 73:2.131584e6
260 493 33 990 194 578 198 424 73:2.108479e6
260 33 990 578 198 424 842 527 522:1.908268e6
402 33 990 424 522 493 194 578 198 842 73:2.46205e6
260 402 493 990 578 198 424 527 73 522:2.290277e6
260 402 33 990 578 198 424 842 527:1.905495e6
402 493 194 578 198 424 527 73:1.83829e6
402 493 33 990 194 842 198 527 73:2.075559e6
260 493 33 990 73 198 424 527:2.21253e6
260 402 493 990 194 842 73 424 527 522:2.099686e6
402 33 990 194 578 198 424 842 527 522:2.123098e6
260 402 990 842 198 424 527 73:1.923312e6
260 402 493 33 194 578 73 424 527:1.955253e6
260 402 493 33 990 578 842 424 527 73:2.190858e6
402 990 194 578 198 424 527 73 522:2.13097e6
33 990 842 198 424 73 522:2.015861e6
493 33 990 194 578 73 424:1.807493e6
260 402 493 33 578 73 424 522:1.891024e6
260 402 493 33 990 194 578 198 424 842:1.958436e6
260 402 493 33 990 578 842 424 73 522:2.170236e6
493 990 73 198 424 527 522:2.042734e6
260 402 493 578 198 424 842 527 73:1.867241e6
493 990 194 842 198 424 527 73 522:2.143415e6
260 402 33 990 194 578 842 527 73 522:1.86427e6
260 33 990 73 198 527 522:1.828285e6
402 33 990 194 578 198 527 73:1.84393e6
260 402 33 990 194 842 198 527 73:1.907951e6
402 493 33 990 194 73 424 527 522:2.368228e6
206:2.17202e6
260 402 493 33 990 578 424 527:1.81622e6
260 402 493 33 194 578 198 842 527 73:1.837308e6
402 493 990 194 578 198 424 842 527:1.819615e6
260 493 33 990 194 842 198 424 522:1.938927e6
493 33 990 194 198 424 527:1.869489e6
260 402 33 578 198 424 842 73 522:1.965584e6
260 402 493 33 990 194 424 527:1.845004e6
33 990 842 198 424 527 73 522:2.205304e6
260 402 493 33 842 73 424 527:1.898247e6
402 493 33 990 194 578 424 522:1.838459e6
493 33 990 578 198 424 842 527 73:2.252424e6
260 493 33 990 578 198 424 842 73 522:2.241899e6
402 33 990 578 73 424 527:1.944486e6
402 493 990 194 73 198 424:1.891397e6
260 402 33 990 424 522 493 194 842 198 73:2.430896e6
260 402 493 33 194 842 198 424 522:1.846465e6
260 402 33 990 194 842 198 424 527:1.935377e6
493 33 842 198 424 73 522:1.933823e6
402 33 990 73 424 527:1.908975e6
260 493 990 194 73 198 424 527 522:2.145334e6
260 402 493 33 990 194 73 198 424 527:2.456663e6
493 33 990 578 73 424 527:1.9496e6
260 402 493 33 578 198 424 842 527:1.825869e6
402 493 33 990 73 198 424:2.170972e6
260 402 493 33 990 842 198 73:1.845058e6
317:1.817e6
402 493 194 578 198 424 73 522:1.836843e6
402 493 33 990 194 578 198 424 527:2.105002e6
402 493 33 990 578 198 424 527 522:2.233794e6
260 402 33 990 424 522 493 578 198 842 527 73:2.574579e6
493 33 578 73 424 527 522:1.864551e6
260 402 493 33 990 194 73 424 527 522:2.386033e6
260 402 493 33 990 194 73 198 424 522:2.43691e6
260 402 33 990 194 842 198 424 527 73:2.275421e6
260 402 33 194 73 198 424 522:1.977097e6
33 990 73 424 527 522:1.917253e6
260 402 493 33 194 73 424 522:1.92031e6
493 33 990 578 198 527 73 522:1.994963e6
402 990 578 198 424 527 73:1.870531e6
402 990 194 842 198 424 73 522:1.943814e6
402 493 33 578 73 424 522:1.850911e6
260 402 33 990 578 198 527 73 522:2.018893e6
402 33 990 424 522 493 194 578 842 527 73:2.407239e6
402 493 33 990 578 198 424:1.835364e6
260 402 493 990 842 198 424 527 522:1.943393e6
260 402 33 424 522 493 194 842 198 527 73:2.354484e6
260 493 990 578 198 424 73 522:1.919967e6
260 402 578 198 424 842 527 73 522:1.860874e6
260 402 493 33 990 73 198 424 527 522:2.570425e6
260 402 990 194 73 198 424 522:1.943036e6
493 33 990 73 424 522:1.915506e6
493 33 990 578 198 424 842 527:1.894587e6
260 402 33 990 578 73 424 527:1.982613e6
260 402 493 33 990 578 198 73 522:2.014238e6
33 990 194 578 842 424 527 73:1.863015e6
260 33 990 522 493 194 578 198 842 527 73:2.106946e6
493 33 990 194 578 198 424 73:2.078141e6
260 402 33 990 73 424 527 522:2.140348e6
402 33 990 194 842 198 424 522:1.909496e6
260 493 33 990 194 424 527 522:1.858533e6
260 402 33 990 73 424 522:1.947793e6
260 493 33 990 194 578 198 842 527 73:1.926874e6
402 493 33 990 194 578 842 527 73:1.835706e6
402 33 842 73 424 527 522:1.864735e6
493 33 990 194 73 424 527 522:2.180599e6
402 990 578 198 424 842 527 73:1.923009e6
260 402 493 33 194 198 424 527 522:2.009663e6
402 493 33 990 842 198 73:1.814931e6
260 493 33 990 194 842 198 73 522:1.922158e6
260 402 493 990 578 198 424 842 527 522:1.966068e6
402 493 33 990 842 73 424:1.952761e6
402 493 33 990 194 578 73 424 527 522:2.395464e6
260 402 493 842 198 424 73 522:1.831183e6
33 990 194 73 198 527 522:1.841694e6
493 33 990 578 198 424 527 73:2.220248e6
260 493 33 990 842 198 424 73:2.042595e6
260 493 33 990 194 73 198 424 522:2.266277e6
260 33 990 194 842 198 527 73 522:1.921492e6
260 402 33 842 198 424 73 522:1.940495e6
260 402 493 33 990 73 424 522:2.134438e6
260 402 493 33 194 578 198 424 73:2.008129e6
402 493 33 990 194 842 198 527 522:1.920553e6
493 33 990 194 578 198 424 527 73:2.2847e6
493 33 990 194 842 73 424 522:2.019047e6
260 33 990 194 73 424 527:1.823529e6
402 493 33 990 194 842 198 424:1.913676e6
402 493 33 990 194 578 73 527 522:1.986356e6
402 33 990 194 842 198 424 527:1.916877e6
260 402 990 194 578 198 424 527 522:1.811882e6
260 402 990 424 522 493 194 578 198 842 527:2.02068e6
260 402 493 33 990 578 198 842 73 522:2.034598e6
260 402 493 33 194 842 73 424 522:1.94618e6
493 33 990 842 73 424 522:1.959023e6
260 33 990 194 73 198 424 527:2.080065e6
402 33 990 194 578 842 527 73 522:1.836942e6
260 493 33 990 73 424 522:1.958789e6
402 33 990 578 842 424 527 522:1.823368e6
402 33 73 424 527 522:1.821169e6
493 33 990 194 578 842 424 527 522:1.891782e6
260 402 493 33 990 194 578 842 73 522:1.863049e6
260 402 33 990 73 424 527:1.951553e6
260 493 33 990 194 578 73 424 522:2.048254e6
260 402 493 33 990 194 842 198 424 73:2.270773e6
260 402 33 990 194 578 842 424 73 522:2.047149e6
260 402 493 33 990 73 424 527 522:2.326993e6
402 493 33 990 194 73 424:1.967038e6
260 493 33 194 578 198 424 527 73:2.026808e6
402 493 33 194 578 842 424 527 73:1.96378e6
260 493 33 990 842 198 424 527:1.883848e6
402 33 990 194 842 73 424 527 522:2.195317e6
402 493 990 578 198 424 842 73 522:2.100214e6
208:2.176918e6
33 990 194 842 73 424 527 522:2.01736e6
402 493 33 990 194 842 424 527:1.856724e6
260 493 194 578 198 424 527 73 522:1.896974e6
260 33 194 842 198 424 527 73:1.835869e6
402 493 33 73 198 527 522:1.883172e6
402 493 33 578 198 424 842 73 522:2.136492e6
260 402 33 990 73 198 527:1.806733e6
402 33 990 194 842 73 424 527:2.017093e6
402 33 990 424 493 194 578 198 842 527 73:2.491192e6
493 33 990 73 424 527 522:2.117008e6
260 402 493 33 990 578 198 424:1.869096e6
260 402 33 990 578 198 842 73 522:1.857268e6
260 493 33 990 578 198 424 842 527 522:2.088703e6
402 493 33 990 578 198 424 842 522:2.065514e6
402 493 990 194 73 198 424 527:2.102235e6
33 990 842 198 424 73:1.825842e6
402 493 33 990 194 842 198 527 73 522:2.264551e6
493 33 990 578 198 424 73 522:2.212204e6
402 33 990 194 578 198 842 73 522:1.891753e6
260 402 493 990 194 842 198 527 73 522:1.982939e6
493 33 194 578 842 424 527 73 522:1.967724e6
402 33 990 578 842 424 527 73 522:2.162094e6
402 493 33 990 194 578 842 424 73 522:2.22013e6
402 493 578 198 424 842 73 522:1.827588e6
402 493 33 990 578 198 424 527 73 522:2.591631e6
402 493 33 990 194 842 73 424:2.013892e6
402 33 990 424 522 493 578 198 842 527 73:2.591349e6
402 493 990 194 578 842 424 527 73:1.920606e6
260 402 33 990 194 842 198 424 73:2.087923e6
33 990 578 198 424 842 73:1.862654e6
260 493 33 990 198 424 527 522:2.045973e6
33 990 194 73 424 527 522:1.980844e6
260 402 493 578 842 424 527 73 522:1.808566e6
260 33 990 424 522 194 578 198 842 527 73:2.295631e6
402 493 33 194 578 198 842 527 73:1.810278e6
402 33 578 198 424 73 522:1.912495e6
260 493 33 73 198 424 527:1.929064e6
260 402 493 33 194 578 842 424 73 522:1.971365e6
402 493 33 990 194 73 198 522:2.032867e6
402 33 194 578 198 424 527 73 522:2.17304e6
402 194 73 198 424 527 522:1.810342e6
260 402 493 990 194 578 198 527 73 522:1.953959e6
260 402 493 33 990 194 578 424 527:1.876121e6
402 493 33 578 73 424 527 522:2.050079e6
260 402 493 990 194 578 198 424 73 522:2.155123e6
260 493 990 194 842 73 424 527 522:1.928116e6
260 493 33 990 194 842 198 424 73:2.101143e6
889:2.415468e6
402 493 33 990 842 73 527 522:1.955428e6
260 402 990 194 578 842 424 527 73 522:1.94315e6
493 990 194 578 198 424 842 527 522:1.821457e6
260 402 33 990 842 73 527 522:1.801144e6
260 402 33 990 578 198 424 842 527 73:2.243562e6
260 402 493 33 990 578 198 424 522:2.057157e6
402 33 990 194 578 198 424 73 522:2.25788e6
493 33 990 194 578 198 424 527 73 522:2.474122e6
402 33 194 842 198 424 527 73:1.989887e6
402 33 990 194 578 198 842 527 73:1.894533e6
402 493 33 990 578 198 424 842 527:2.080044e6
260 493 33 990 194 578 198 424 842 522:1.96499e6
402 493 33 990 842 198 424 527 73 522:2.568238e6
493 33 990 578 198 424 842 73 522:2.236758e6
260 402 493 33 990 194 842 198 527 522:1.940534e6
260 990 194 578 198 424 842 527 73:1.830052e6
260 402 493 33 194 578 842 424 527 522:1.82437e6
260 493 33 194 842 198 424 73:1.833937e6
260 493 990 194 578 198 424 842 527 522:1.851263e6
493 33 990 842 198 527 73 522:2.024092e6
260 402 493 990 194 842 198 424 73:1.974564e6
260 33 194 578 842 424 527 73 522:1.811067e6
662:3.1008e6
402 990 194 73 198 424 527:1.900065e6
260 33 990 194 578 73 424 527:1.85807e6
260 402 493 194 842 73 424 527 522:1.8379e6
260 402 493 194 578 73 424 527 522:1.828252e6
402 493 33 990 194 578 198 424 73:2.26919e6
260 402 493 33 990 842 424 527 522:2.000588e6
402 493 33 990 194 73 198 424 522:2.426675e6
260 33 194 73 198 424 522:1.801733e6
402 33 990 578 198 424 842 527:1.887879e6
402 493 33 990 578 198 527 73 522:2.182523e6
402 990 73 198 424 522:1.83621e6
402 493 33 990 578 198 842 527 522:1.869661e6
260 402 493 33 990 578 198 424 842 73:2.240169e6
33 990 578 198 424 527 522:1.848269e6
493 33 990 194 578 842 424 527 73 522:2.237098e6
260 33 990 194 842 73 424 527 522:2.04096e6
493 33 990 194 73 198 424 527:2.248414e6
260 493 33 990 578 842 424 527 522:1.858879e6
402 493 33 990 194 578 198 424 842 522:2.123324e6
260 402 493 33 194 578 198 424 842 73:2.034717e6
260 402 33 194 73 198 424 527 522:2.169652e6
402 33 990 194 578 73 424 522:2.000336e6
402 493 990 194 578 198 424 73:1.926955e6
402 493 33 990 194 73 527 522:1.971714e6
260 402 493 33 990 194 73 198:1.861315e6
260 402 33 990 194 578 198 424 527 73:2.293002e6
260 402 33 990 194 842 73 424:1.851043e6
402 33 990 194 73 198 527:1.823401e6
260 33 424 522 493 194 578 198 842 527 73:2.221326e6
260 402 493 990 578 198 424 527 522:1.940348e6
260 402 493 33 194 73 198 424:1.975266e6
402 493 33 990 578 198 424 842 527 522:2.252623e6
260 402 33 194 198 424 527 522:1.823018e6
493 33 990 73 424 527:1.910068e6
260 33 990 194 578 198 424 527 73 522:2.295641e6
402 33 990 578 198 424 527 73:2.211102e6
493 33 990 73 198 424:1.974228e6
260 33 990 578 198 842 527 73 522:1.871284e6
493 990 578 73 424 527 522:1.809821e6
260 402 493 990 578 198 424 842 527 73:2.133905e6
260 402 33 990 194 578 198 424 842 522:1.947395e6
493 33 990 194 73 424 522:1.979097e6
260 402 33 990 194 842 198 527 73 522:2.090572e6
260 33 194 578 198 424 842 527 73:1.868849e6
33 990 194 578 842 424 73 522:1.85916e6
260 402 493 33 73 424 527 522:2.053825e6
260 402 990 424 522 493 578 198 842 527 73:2.296886e6
260 402 33 194 842 198 527 73 522:1.832038e6
402 493 990 194 578 73 424 522:1.863649e6
260 402 493 33 990 578 198 424 842 527:2.087655e6
402 493 33 990 194 578 198 424 527 522:2.295171e6
260 402 493 33 990 194 73 522:1.817317e6
493 33 990 194 73 198 424 527 522:2.444191e6
402 493 990 578 73 424 522:1.801903e6
260 493 990 194 578 73 424 527 522:1.922868e6
260 402 493 33 194 842 198 424 73 522:2.173988e6
402 493 33 990 578 842 424 73:1.986188e6
402 493 990 194 578 198 424 842 527 73:2.176134e6
260 402 493 33 990 842 73 424 527:2.163827e6
260 402 990 424 522 194 578 198 842 527 73:2.173478e6
260 402 33 990 194 842 73 424 527:2.038541e6
280:5.763714e6
493 33 990 194 578 73 424 522:2.012989e6
260 402 493 33 194 73 424 527 522:2.112865e6
834:1.846434e6
493 33 194 578 198 424 842 73 522:2.026178e6
402 33 842 198 424 73 522:1.919617e6
260 33 578 198 424 527 73 522:1.965847e6
260 402 33 990 424 493 194 578 842 527 73:2.247192e6
402 33 990 578 198 842 527 73 522:2.021052e6
260 402 33 990 424 493 194 842 198 527 73:2.458271e6
493 33 73 424 527 522:1.82758e6
260 402 493 33 990 842 73 424 522:2.147615e6
493 33 578 198 424 842 527 522:1.809566e6
260 402 493 33 194 198 424 527:1.815668e6
796:3.547936e6
493 990 578 198 424 527 73:1.870296e6
260 402 493 990 578 73 424 527:1.852591e6
33 194 578 198 424 842 73 522:1.835738e6
112:1.96334e6
493 33 990 194 73 198 522:1.840373e6
635:1.828658e6
402 493 33 194 842 73 424 527 522:2.1118e6
260 493 33 578 842 424 527 73 522:1.936275e6
260 402 493 990 194 842 198 424 527 73:2.164785e6
260 493 990 194 578 198 424 527 522:1.816333e6
260 402 33 990 842 424 527 522:1.822568e6
493 990 194 578 842 424 527 73 522:1.921557e6
260 402 493 33 990 194 842 424 527:1.881347e6
260 33 990 73 424 527 522:1.961983e6
260 402 33 73 198 424 527:1.922217e6
493 33 990 198 424 527 522:2.014196e6
402 33 990 73 198 424 527 522:2.368531e6
402 33 990 194 578 198 424 842 527:1.94778e6
33 194 578 198 424 527 73 522:1.989423e6
260 402 493 194 842 198 424 527 73 522:2.070244e6
260 402 33 990 73 198 424:2.0045e6
402 493 33 990 194 198 424 527 522:2.267974e6
493 33 990 194 842 73 424 527:2.023322e6
402 33 990 194 73 198 522:1.833457e6
402 33 990 194 842 198 424 73 522:2.250199e6
260 402 990 194 73 198 424 527:1.946558e6
402 493 194 73 198 424 522:1.803846e6
260 402 493 990 194 73 198 424 527:2.138723e6
260 33 990 194 198 424 527 522:1.916247e6
348:2.175913e6
260 33 990 578 842 424 527 73:1.836047e6
260 402 33 990 578 198 424 842 73:2.058009e6
73:2.409304e6
260 493 33 194 578 198 424 842 527 73:2.054114e6
260 402 493 33 990 194 578 198 73 522:2.072048e6
402 33 990 424 522 493 194 578 198 842 527:2.310433e6
260 33 578 198 424 842 73 522:1.806724e6
260 493 33 842 198 424 527 73 522:2.138934e6
402 493 33 990 842 198 527 522:1.860406e6
260 402 33 990 194 198 424 527:1.906033e6
33 990 424 522 493 194 578 198 842 527 73:2.48305e6
260 402 33 194 578 198 424 73:1.817344e6
260 493 33 990 194 578 842 424 73:1.892688e6
402 493 33 578 73 424 527:1.852596e6
402 33 990 194 73 198 527 522:2.036904e6
260 402 33 990 424 522 194 842 198 527 73:2.433372e6
260 402 33 578 198 424 73 522:1.946485e6
402 33 194 842 198 424 527 73 522:2.167711e6
493 33 990 194 578 198 842 527 73:1.901125e6
493 33 990 194 73 198 527:1.823762e6
260 493 990 194 842 198 424 527 73:1.985473e6
402 493 990 578 198 424 842 73:1.91903e6
402 33 194 73 198 424 527 522:2.143336e6
402 493 990 194 578 198 424 527 73:2.135848e6
260 402 33 194 578 198 424 842 73:1.852557e6
402 493 33 990 578 198 73 522:1.983355e6
260 402 33 990 73 198 424 527 522:2.38378e6
141:2.371275e6
402 493 990 194 578 198 424 527 522:1.964511e6
493 33 990 194 578 198 527 73 522:2.057324e6
260 402 33 990 424 522 194 578 198 842 527:2.125946e6
260 402 33 990 578 842 527 73 522:1.810027e6
402 33 990 198 424 527:1.805272e6
402 493 33 990 194 842 424 527 522:2.042639e6
260 402 990 424 522 493 194 578 198 527 73:2.348456e6
402 33 990 842 198 424 527 522:2.03951e6
260 990 194 73 198 424 527 522:1.954894e6
33 194 578 198 424 842 527 73 522:2.023236e6
33 990 194 578 198 424 842 527 73:2.118039e6
402 493 578 198 424 842 527 73:1.834566e6
260 493 33 194 578 198 842 527 73 522:1.852206e6
260 33 578 198 424 842 527 73:1.811531e6
260 402 33 990 578 842 424 527 73 522:2.171457e6
260 493 33 990 578 198 73 522:1.839642e6
260 402 33 990 424 522 194 578 842 527 73:2.2257e6
493 33 194 578 198 424 527 522:1.824061e6
260 402 493 990 578 198 424 73:1.90728e6
493 33 990 842 198 527 73:1.821235e6
260 402 194 73 198 424 527 522:1.860268e6
260 402 493 194 842 198 424 527 73:1.894327e6
260 402 33 990 194 198 424 527 522:2.096186e6
493 33 990 194 578 73 424 527 522:2.212546e6
260 402 493 33 990 842 198 73 522:2.031942e6
402 493 33 73 424 527 522:2.017819e6
402 493 33 990 578 73 527 522:1.924979e6
260 402 493 33 990 842 198 424 527 522:2.228396e6
33 990 194 578 198 424 527 522:1.91063e6
260 33 990 578 73 424 527 522:1.991399e6
493 33 990 842 73 424 527 522:2.148466e6
260 493 33 990 194 842 198 527 73 522:2.105377e6
260 402 493 33 990 842 198 424 527:2.060663e6
402 493 33 990 73 424 522:2.104508e6
493 33 990 194 578 198 424 842 527 73:2.313309e6
260 33 990 842 73 424 522:1.803618e6
402 493 33 990 842 198 424 527 73:2.401825e6
402 493 33 842 73 424 527:1.868603e6
260 402 493 990 194 842 198 424 73 522:2.148811e6
493 990 73 198 424 522:1.838509e6
260 402 493 33 194 578 198 842 73 522:1.835727e6
402 493 33 990 194 198 527 522:1.873205e6
260 402 493 33 990 73 198 527 522:2.200531e6
402 493 990 194 578 198 424 842 73:1.9793e6
260 493 33 990 198 424 527:1.846785e6
402 493 990 194 578 198 424 842 73 522:2.158393e6
260 493 990 73 198 424 522:1.889274e6
260 493 990 842 198 424 527 73 522:2.107666e6
402 33 990 194 842 198 73 522:1.882378e6
260 402 990 424 493 194 578 198 842 527 73:2.190608e6
493 33 990 194 578 198 424 522:1.910138e6
493 33 990 578 198 424 842 522:1.891442e6
402 493 990 578 198 842 527 73 522:1.900163e6
260 402 493 33 990 194 578 73 527 522:2.021242e6
493 33 990 194 842 198 527 73:1.884457e6
260 402 493 33 194 578 198 73 522:1.802674e6
260 402 493 33 73 424 527:1.861188e6
33 990 194 842 73 424 522:1.827917e6
493 33 194 578 198 424 842 527 522:1.86836e6
493 33 990 194 578 842 424 73 522:2.0496e6
402 493 33 990 194 578 842 424 527 73:2.2402e6
990 194 578 198 424 527 73 522:1.938908e6
260 493 990 842 198 424 73 522:1.924058e6
260 402 33 990 194 578 198 527 73 522:2.076703e6
260 402 33 990 578 424 527 522:1.820396e6
260 402 493 33 990 578 73 424:1.975786e6
260 402 493 990 842 73 424 522:1.860625e6
260 402 990 842 73 424 527 522:1.865134e6
260 402 493 33 990 198 424 522:2.031236e6
260 402 493 842 198 424 527 73 522:2.014402e6
402 493 990 194 842 73 424 527:1.888316e6
33 990 194 842 198 424 527 73 522:2.265328e6
402 493 33 194 578 842 424 527 73 522:2.139491e6
260 493 194 842 198 424 527 73 522:1.90108e6
402 33 73 198 424 527 522:2.080729e6
94:2.257575e6
260 493 33 990 194 578 73 424:1.853959e6
260 493 33 990 194 842 73 424 522:2.0412e6
260 402 990 194 73 198 424 527 522:2.138314e6
402 493 33 990 578 842 424 527 73 522:2.349429e6
493 33 194 842 198 424 527 73 522:2.18329e6
402 33 194 578 842 424 527 73 522:1.952156e6
260 402 33 990 194 73 424 522:2.006833e6
493 33 990 194 578 73 424 527:2.014052e6
260 33 990 194 578 73 424 522:1.859194e6
70:2.635554e6
260 402 33 990 194 73 198 424 522:2.250265e6
402 493 33 194 578 198 842 73 522:1.81134e6
260 493 990 842 73 424 527 522:1.87129e6
493 33 990 194 842 198 424 527:1.920548e6
493 33 194 73 198 424 522:1.953261e6
260 402 33 990 522 493 194 842 198 527 73:2.271352e6
260 402 493 33 990 578 198 424 842:1.902102e6
260 493 578 198 424 842 527 73 522:1.873457e6
260 402 194 578 198 424 842 527 73 522:1.915486e6
260 493 33 194 842 198 424 527 73:2.021824e6
402 493 33 990 73 424:1.90234e6
260 402 493 33 990 194 198 527 522:1.910749e6
260 402 493 33 73 198 527 522:1.925737e6
260 402 493 33 990 194 73 198 527 522:2.260678e6
402 33 990 73 198 424:1.969492e6
260 493 33 990 842 198 527 73:1.856157e6
260 493 33 990 73 198 424 522:2.206253e6
260 402 990 194 578 198 424 842 73 522:1.992204e6
793:2.062368e6
260 493 33 990 194 578 73 424 527 522:2.239253e6
260 402 33 990 194 578 73 424 527 522:2.222863e6
260 33 990 194 73 198 424:1.880119e6
260 493 578 198 424 527 73 522:1.837811e6
493 33 578 198 424 527 73:1.925942e6
260 402 33 990 73 198 522:1.816237e6
22:2.104128e6
451:2.280772e6
260 402 33 990 578 198 842 527 73 522:2.035819e6
260 402 33 990 578 73 424 522:1.974443e6
402 33 578 198 424 842 73 522:1.949157e6
493 33 990 578 198 424 842 527 73 522:2.424256e6
260 402 33 990 842 198 527 73 522:2.033992e6
260 402 493 990 194 198 424 527 522:1.973743e6
402 493 33 990 842 198 424 522:2.038481e6
938:1.871698e6
402 990 424 522 493 194 578 198 842 527 73:2.348225e6
260 493 33 990 198 424 522:1.853029e6
402 493 990 194 578 73 424 527 522:2.06554e6
260 402 33 990 194 578 198 424 73 522:2.273669e6
402 493 33 578 198 424 842 527 73:2.154871e6
260 402 493 33 578 198 424 527 522:1.978393e6
402 990 578 198 424 527 73 522:2.069224e6
402 33 194 73 198 424 527:1.945831e6
260 402 33 990 842 198 424 73:2.030359e6
260 402 990 194 578 198 424 73 522:1.968478e6
260 493 33 990 194 73 198 527:1.87268e6
260 402 493 990 194 842 73 424 522:1.916467e6
260 402 33 990 194 842 73 424 527 522:2.205564e6
493 33 842 73 424 527 522:1.875298e6
33 990 194 578 198 424 842 73:1.923539e6
402 493 33 990 194 578 424 527 522:2.037627e6
260 402 493 33 990 842 424 527:1.823783e6
260 402 33 990 578 198 424 527:1.875923e6
260 493 33 578 198 424 527 73 522:2.154907e6
260 493 33 194 578 198 424 842 73 522:2.042386e6
260 402 990 578 842 424 527 73 522:1.888538e6
260 493 990 194 73 198 424 527:1.946634e6
402 33 73 198 424 522:1.879616e6
260 493 33 194 578 198 424 842 73:1.868172e6
402 493 33 990 578 198 424 842 527 73:2.431291e6
260 402 33 990 73 198 424 527:2.204057e6
402 493 33 990 842 198 424:1.852545e6
260 493 990 194 578 842 424 527 73 522:1.954311e6
402 493 33 990 578 198 424 842:1.885933e6
402 194 842 198 424 527 73 522:1.859171e6
260 402 493 33 990 194 578 842 424 73:2.061639e6
402 493 990 194 578 73 424 527:1.864696e6
260 33 990 194 578 198 842 527 73 522:1.926511e6
402 33 990 194 578 842 424 73:1.853924e6
402 493 194 578 198 424 842 527 73 522:2.075599e6
260 493 33 73 198 424 527 522:2.124403e6
402 493 33 990 198 424 527:2.006752e6
260 402 493 33 990 194 842 198 73 522:2.088522e6
402 33 578 198 424 842 527 73 522:2.136266e6
562:2.486116e6
260 402 33 990 424 522 194 578 198 527 73:2.464279e6
402 493 33 990 194 842 198 424 527:2.109732e6
260 402 33 990 194 578 73 527 522:1.835287e6
260 33 990 842 198 424 527 522:1.88223e6
260 33 990 194 578 842 424 527 73:1.893365e6
402 33 990 194 842 198 424 527 73 522:2.439253e6
260 493 33 990 578 198 424 842 522:1.909763e6
402 33 990 194 578 73 424 527 522:2.199504e6
44:3.81427e6
402 493 33 73 198 424 527:2.082613e6
402 493 33 990 578 73 424 527:2.145276e6
260 402 493 33 990 194 842 424 527 522:2.056061e6
402 33 990 194 424 527 522:1.811764e6
260 402 990 842 198 424 73 522:1.914259e6
402 493 33 990 578 842 424 522:1.823594e6
402 493 33 73 424 527:1.813981e6
260 493 33 990 194 73 198 527 522:2.081926e6
402 493 990 842 198 424 527 522:1.918922e6
402 493 33 990 73 424 527 522:2.305621e6
260 402 493 990 194 578 198 424 842 522:1.839406e6
402 493 33 194 842 198 424 73 522:2.166682e6
402 493 990 194 578 198 424 527 73 522:2.32762e6
260 402 493 33 990 842 73 424 527 522:2.328111e6
260 402 493 33 990 194 198 424 522:2.090276e6
695:2.365605e6
260 33 990 424 522 493 194 578 198 842 73:2.297126e6
493 33 194 842 198 424 527 73:1.998522e6
260 402 493 33 578 73 424 527:1.895352e6
260 402 33 990 424 493 194 578 198 842 527 73:2.482056e6
260 402 33 194 578 198 424 842 527 73:2.03811e6
493 33 990 578 198 424 527:1.8433e6
402 33 990 194 578 842 424 73 522:2.032795e6
260 402 493 33 990 194 73 527 522:2.012206e6
493 33 194 578 198 424 842 527 73:2.035263e6
260 402 493 990 578 842 424 527 73 522:2.066558e6
402 990 578 198 424 73 522:1.867333e6
260 402 493 33 990 578 198 527 73 522:2.204848e6
260 402 493 578 198 424 842 73 522:1.85762e6
493 33 990 194 842 198 424 73:2.083917e6
260 402 493 33 194 73 198 424 527 522:2.356297e6
260 402 493 990 194 842 73 424 527:1.923369e6
33 194 842 198 424 73 522:1.802717e6
260 402 33 990 194 73 424 527:2.012684e6
493 33 990 578 842 424 527 73 522:2.178304e6
402 493 33 990 194 578 842 73 522:1.837168e6
260 493 194 73 198 424 527 522:1.865662e6
260 402 493 33 990 194 842 73 527 522:2.038504e6
990 73 198 424 527 522:1.842289e6
260 402 33 990 842 73 424 527 522:2.150091e6
402 493 33 990 194 842 198 73:1.877169e6
493 33 990 578 842 424 73:1.8029e6
493 33 194 842 198 527 73 522:1.810429e6
402 493 842 198 424 527 73 522:1.988477e6
260 402 33 990 194 73 424:1.813127e6
615:3.55503e6
493 990 194 578 198 424 73 522:1.936383e6
402 493 33 990 73 198 527 522:2.1726e6
260 402 493 33 990 194 73 198 424:2.257106e6
33 990 194 578 198 424 527 73 522:2.275057e6
990:1.915428e6
260 402 493 33 578 198 424 842 527 73:2.163936e6
260 402 33 842 198 424 527 73 522:2.120991e6
260 402 990 194 842 198 424 527 522:1.820525e6
260 493 33 990 578 198 424 73:2.047594e6
260 402 493 990 194 73 424 522:1.882403e6
33 990 578 198 424 842 527 522:1.8885e6
130:1.856871e6
402 33 990 578 198 424 527 522:2.037834e6
260 402 493 990 194 578 73 424 527 522:2.102504e6
402 493 33 578 198 424 527 73:2.119212e6
260 493 33 990 194 578 424 527 522:1.888006e6
990 194 842 198 424 527 73 522:1.951595e6
420:3.252258e6
260 402 493 33 990 194 842 198 424 527:2.118227e6
641:1.93776e6
493 33 990 194 578 198 527 73:1.84637e6
402 33 990 522 493 194 578 198 842 527 73:2.266197e6
260 493 33 990 578 842 424 73:1.83537e6
402 493 33 990 194 578 198 424 527 73:2.47536e6
260 402 493 33 990 842 198 527 73:2.03489e6
260 402 33 990 194 73 198 527:1.868971e6
402 493 33 990 578 198 424 522:2.034626e6
402 493 33 990 194 198 424 527:2.07145e6
260 402 33 990 194 578 73 424:1.844902e6
260 33 990 194 578 198 424 73 522:2.104642e6
990 194 73 198 424 527 522:1.906249e6
260 493 33 194 73 198 424 527 522:2.184427e6
260 402 493 33 194 842 198 424 527 522:2.026961e6
260 402 493 33 990 198 424 527 522:2.223791e6
260 493 33 194 73 198 424 527:1.991179e6
493 33 990 194 578 842 424 527 73:2.058285e6
260 493 990 842 198 424 527 73:1.926556e6
402 33 990 842 73 424 527:1.955962e6
402 493 990 842 198 424 73:1.885581e6
260 402 33 194 578 198 527 73 522:1.807329e6
260 402 33 990 194 578 198 424 73:2.09539e6
260 402 990 194 842 198 424 527 73:1.981245e6
260 493 33 990 194 578 198 527 73:1.889682e6
493 33 194 578 198 842 527 73 522:1.823024e6
260 402 493 33 194 578 198 424 527 522:2.036203e6
493 33 990 194 578 198 424 527:1.907752e6
260 493 33 194 842 198 424 527 522:1.861278e6
260 402 33 578 842 424 527 73 522:1.918343e6
260 402 493 33 990 842 198 424 522:2.0479e6
260 493 33 990 194 578 198 842 73 522:1.928006e6
260 402 493 990 73 198 424 527:2.077223e6
260 33 990 194 73 424 522:1.829063e6
402 33 990 194 842 198 424 73:2.074045e6
402 493 33 194 578 198 424 842 73 522:2.194302e6
260 493 990 194 842 198 424 73 522:1.980884e6
402 493 990 842 198 527 73 522:1.892012e6
402 493 33 990 194 578 842 424 527:1.888953e6
260 33 194 578 198 424 527 73 522:2.024641e6
260 402 493 33 194 578 842 424 527 73:1.985406e6
402 33 194 842 73 424 527 522:1.923775e6
402 493 990 578 198 424 527 73:2.072011e6
260 402 493 990 578 198 527 73 522:1.89578e6
260 402 33 990 578 842 424 527 522:1.845911e6
402 33 990 578 198 424 527 73 522:2.395671e6
402 33 990 73 424 522:1.907858e6
260 493 33 990 842 198 424 73 522:2.216583e6
402 493 990 842 73 424 522:1.824648e6
493 33 990 194 578 198 424 842 73 522:2.295552e6
402 493 33 194 578 198 424 527 73 522:2.369e6
402 493 33 194 578 842 424 73 522:1.952382e6
402 493 990 73 198 424:1.82633e6
33 990 73 198 424 522:1.979343e6
33 194 578 198 424 842 527 73:1.839993e6
260 493 33 990 578 198 424 527 73 522:2.425907e6
260 402 493 990 194 73 198 424 522:2.130371e6
260 33 990 194 842 198 424 73 522:2.091915e6
402 493 33 990 194 578 198 842 73:1.892587e6
402 33 578 198 424 527 73 522:2.111663e6
260 493 990 194 578 198 424 73 522:1.97913e6
260 402 493 33 194 73 424 527:1.922319e6
260 402 990 73 198 424 522:1.883627e6
471:1.809756e6
260 33 990 424 522 493 194 578 198 842 527:2.14393e6
402 493 990 194 73 198 424 527 522:2.300362e6
402 493 990 194 578 198 527 73 522:1.911591e6
402 493 33 990 194 578 198 73 522:2.044732e6
260 402 33 990 424 522 493 578 198 527 73:2.592424e6
402 33 990 578 842 424 73 522:1.974985e6
402 493 33 194 73 198 424 527 522:2.339986e6
260 402 493 578 198 424 73 522:1.822692e6
260 402 493 990 194 578 198 842 73 522:1.801873e6
260 402 33 990 842 198 424 522:1.86988e6
428:2.603987e6
493 33 990 194 578 842 424 73:1.863785e6
260 493 33 990 194 842 424 527 522:1.887972e6
260 402 33 990 198 424 522:1.844591e6
493 33 990 194 842 198 73 522:1.893446e6
493 33 990 194 578 198 424 842 527 522:2.137734e6
260 402 33 194 578 73 424 527 522:1.953489e6
493 33 990 842 198 424 527 73:2.218247e6
260 402 33 990 522 493 194 578 198 842 527 73:2.267392e6
260 402 493 33 990 194 578 198 527 522:1.918001e6
402 33 990 73 198 424 527:2.177607e6
402 33 990 194 578 198 424 522:1.900043e6
402 493 578 198 424 527 73 522:1.976988e6
493 33 990 578 198 424 522:1.847777e6
541:1.972338e6
402 493 990 194 578 198 424 842 527 522:2.004227e6
260 402 424 522 493 194 578 198 842 527 73:2.093506e6
402 493 33 990 578 73 424:1.939106e6
260 402 33 990 194 73 198 527 522:2.071273e6
260 402 990 578 198 424 73 522:1.910299e6
260 493 33 990 578 198 527 73 522:2.030641e6
260 402 493 990 194 578 198 424 842 527:1.847269e6
402 493 33 194 842 73 424 527:1.929734e6
260 493 33 990 842 198 424 527 73 522:2.397468e6
260 402 33 990 194 842 198 73 522:1.907742e6
260 402 493 990 578 73 424 522:1.850992e6
260 402 493 990 578 73 424 527 522:2.044325e6
