1186 1236 287 414 244 1512 1436
1024 1236 287 414 1340 1512 1436
1436 404 1236 287 414 1512 271
94 404 1236 237 287 414 1436
1236 287 414 244 1340 1512 1436
1024 1236 237 414 244 1340 1512
94 1446 1236 237 287 414 1340
94 1024 404 1236 287 244 1512
94 1024 1236 237 287 414 244
94 1446 1236 237 287 414 1436
94 1186 1236 287 414 1512 1436
1186 1024 1236 287 414 1512 1436
1024 1446 1236 237 404 414 1512
94 1024 1236 287 414 1340 271
94 1186 1236 237 414 1340 1512
1186 1024 1236 237 414 1340 1512
1024 1446 1236 237 287 414 271
1024 1446 1236 237 287 414 244
94 1446 1236 287 414 1512 1436
1024 1236 237 287 414 244 1512
1186 1024 1236 287 414 1340 1436
1186 1024 1236 237 287 414 1340
94 1236 287 414 244 1340 1512
1024 404 1236 287 414 1512 271
1186 404 1236 237 414 1512 1436
1024 1236 287 414 244 1340 271
94 1446 404 1236 237 287 1512
404 1236 287 414 1340 1512 1436
1446 1236 237 287 1340 1512 271
1024 1446 1236 237 414 244 1512
1446 1236 237 287 414 244 1340
1186 404 1236 237 287 414 1340
1186 1024 1446 1236 237 287 414
1436 1236 237 414 1340 1512 271
1186 1024 1236 287 414 1340 271
94 404 1236 414 1340 1512 1436
1024 1236 237 414 244 1340 271
94 1446 1236 287 414 1512 271
94 1186 1024 1236 237 287 414
1186 1024 404 1236 414 1340 1512
1024 1236 287 414 244 1512 1436
1436 1446 1236 287 414 1512 271
94 1024 1236 237 287 244 1512
1024 404 1236 414 1340 1512 271
1186 1236 287 414 244 1340 1512
1024 1236 287 414 244 1512 271
1024 404 1236 237 414 1340 1436
1024 1446 1236 287 1340 1512 1436
94 1024 1236 237 414 1340 1436
1436 1236 287 414 1340 1512 271
1446 1236 237 287 414 1340 271
1024 404 1236 237 414 244 1512
94 404 1236 237 287 414 244
1236 237 414 244 1340 1512 271
1024 1236 237 287 244 1340 1512
94 1236 237 287 414 1340 271
1024 1446 1236 287 244 1340 1512
94 1186 1236 287 414 1340 1512
1024 404 1236 287 244 1340 1512
1446 1236 237 287 414 244 1436
404 1236 237 414 1340 1512 271
94 1024 1446 1236 237 287 1512
1186 1024 1236 414 1340 1512 1436
1024 404 1236 237 287 1512 271
1024 404 1236 237 287 1512 1436
1186 1024 404 1236 287 414 1340
94 404 1236 237 287 1340 1512
1024 404 1236 237 287 414 1512
94 1236 237 287 414 244 271
1024 1446 1236 237 414 1512 1436
1024 404 1236 237 287 244 1340
1186 1236 237 287 414 1340 271
1024 1236 287 414 244 1340 1436
1436 1024 1236 287 1340 1512 271
1024 1446 1236 287 414 1512 271
94 1024 1236 287 414 1340 1436
1446 404 1236 237 414 1512 271
1436 1024 1236 287 414 1340 271
1186 1024 1236 237 414 1512 271
94 404 1236 237 414 1512 1436
1186 404 1236 287 414 244 1512
94 404 1236 237 287 414 271
1024 1236 414 244 1340 1512 271
404 1236 287 414 244 1340 271
1024 404 1236 237 414 1340 271
94 404 1236 237 287 244 1512
94 1024 1446 1236 237 287 414
1446 404 1236 287 414 1340 1512
1024 1446 1236 287 414 1340 271
94 404 1236 287 414 244 1512
1186 1236 237 287 414 1340 1436
1186 1024 1236 414 244 1340 1512
1186 404 1236 237 287 414 1436
1024 404 1236 237 1340 1512 271
94 404 1236 414 244 1340 1512
404 1236 237 287 414 1340 1512
1186 1024 1236 237 287 414 271
471
937
295
1556
447
87
1199
728
1456
108
470
218
1543
1367
267
810
408
157
465
773 620 594 617
773 594 327 617
773 1096 594 1342
773 321 594 617
773 620 594 1342
773 594 1342 617
773 664 594 617
773 594 327 1342
773 1077 594 617
1373 773 594 617
773 1096 594 617
773 481 594 617
404 1236 287 414 1512 1436
1024 1236 237 287 414 1340
94 1024 1236 414 1340 1512
1186 404 1236 287 414 1512
404 1236 287 414 244 1512
1024 1236 414 244 1340 1512
404 1236 237 287 1340 1512
1236 237 287 414 1512 1436
94 1236 287 414 1512 1436
404 1236 237 414 1512 1436
94 1024 1236 287 414 1340
1024 404 1236 237 287 1512
1236 287 414 1340 1512 1436
1024 1446 1236 287 414 1512
404 1236 237 287 414 1436
94 1236 287 414 1340 1512
1024 1236 237 287 414 1436
1024 404 1236 414 1340 1512
404 1236 287 414 1512 271
94 404 1236 237 414 1512
1024 1236 237 287 1512 1436
1186 1236 287 414 1340 1512
1446 404 1236 237 287 414
94 1236 237 287 414 1512
94 1024 1236 237 287 1512
1024 404 1236 287 414 1340
1186 1236 237 287 414 1340
1024 1236 287 414 1340 1512
1446 1236 237 287 414 1512
1186 1024 1236 237 414 1512
1236 237 414 1340 1512 1436
1446 1236 237 287 414 1340
404 1236 237 287 414 1512
404 1236 287 414 1340 1512
1236 237 414 1340 1512 271
94 1236 287 414 244 1512
94 1236 237 414 1340 1512
1024 404 1236 237 414 1512
1186 1024 1236 287 414 1512
1024 1236 287 414 1512 271
1024 1236 287 414 244 1512
1446 1236 237 287 1340 1512
1446 1236 237 414 1340 1512
1024 1236 237 287 414 1512
1024 1446 1236 237 287 414
1024 1236 237 287 1340 1512
1236 237 287 1340 1512 1436
1236 287 414 1340 1512 271
1024 1236 287 414 1340 1436
94 1024 1236 237 414 1512
94 1236 237 287 1340 1512
94 404 1236 287 414 1512
404 1236 237 287 414 1340
1024 1446 1236 237 287 1512
94 1024 1236 287 414 1512
1024 1236 237 414 1512 1436
1236 237 287 414 1340 1436
1024 1446 1236 237 414 1512
1024 1236 237 414 1512 271
1236 237 287 414 1340 271
1236 237 414 244 1340 1512
1024 1236 237 414 244 1512
404 1236 237 287 414 244
1186 1236 237 287 414 1512
404 1236 237 414 1340 1512
1024 404 1236 287 1340 1512
1236 287 414 244 1340 1512
1024 1236 287 414 1340 271
1024 1446 1236 287 414 1340
1446 1236 287 414 244 1512
1024 1236 237 414 1340 1512
1236 287 414 244 1512 1436
1446 404 1236 287 414 1512
1236 237 287 414 244 1512
1024 1236 287 414 244 1340
1024 404 1236 237 414 1340
1446 1236 287 414 1340 1512
94 404 1236 237 287 414
1236 237 287 414 244 1340
1024 404 1236 237 287 414
1186 1236 237 414 1340 1512
1024 1236 287 414 1512 1436
1024 1236 414 1340 1512 1436
1024 1236 237 287 414 271
1236 237 287 414 1340 1512
94 1024 1236 237 287 414
404 1236 237 414 244 1512
1186 1024 1236 237 287 414
1024 404 1236 287 414 1512
1236 237 287 414 1512 271
1024 1236 237 287 244 1512
94 1236 237 287 414 1340
1236 237 287 244 1340 1512
1024 1236 237 287 414 244
151
434
1084
773 594 617
1236 237 287 414 1512
1024 1236 237 414 1512
1024 1236 237 287 414
1236 287 414 1340 1512
404 1236 287 414 1512
1236 237 287 414 1340
1024 1236 287 414 1512
620
1096
1342
617
594
773
404
1340
237
1512
287
414
1236
